-0.0 0.0
-1.42108547152e-14 3.38249393772e-15
-0.00194377694093 0.498995200703
-0.00775537353476 0.997960343712
-0.0174344405971 1.49686544917
-0.0309803965702 1.99568054084
-0.048392427558 2.49437564786
-0.0696694873748 2.99292080662
-0.0948102976082 3.49128606248
-0.123813347696 3.98944147165
-0.156676895017 4.4873571029
-0.193398964996 4.98500303946
-0.233977351221 5.48234938072
-0.278409615578 5.97936624409
-0.326693088396 6.47602376678
-0.378824868606 6.97229210759
-0.43480182392 7.46814144869
-0.494620591015 7.96354199743
-0.558277575735 8.45846398814
-0.62576895331 8.95287768389
-0.697090668583 9.4467533783
-0.772238436256 9.9400613973
-0.851207741145 10.4327721009
-0.933993838452 10.9248558851
-1.02059175405 11.4162831835
-1.11099628479 11.9070244692
-1.2052019988 12.3970502563
-1.30320323581 12.8863311022
-1.40499410751 13.3748376088
-1.51056849789 13.8625404248
-1.61992006361 14.3494102468
-1.73304223439 14.835417822
-1.84992821338 15.3205339488
-1.9705709776 15.8047294796
-2.09496327835 16.2879753219
-2.22309764162 16.7702424403
-2.35496636858 17.2515018584
-2.49056153602 17.73172466
-2.62987499684 18.2108819914
-2.77289838051 18.6889450628
-2.91962309361 19.1658851504
-3.07004032032 19.6416735976
-3.22414102296 20.1162818172
-3.38191594253 20.5896812926
-3.54335559928 21.0618435802
-3.70845029325 21.5327403105
-3.87719010488 22.0023431902
-4.0495648956 22.4706240035
-4.22556430843 22.9375546142
-4.40517776861 23.4031069674
-4.58839448422 23.8672530906
-4.77520344688 24.3299650961
-4.96559343232 24.7912151824
-5.15955300115 25.2509756355
-5.35707049949 25.7092188312
-5.55813405969 26.1659172365
-5.76273160102 26.6210434109
-5.97085083043 27.0745700088
-6.18247924328 27.5264697802
-6.39760412406 27.9767155734
-6.61621254721 28.4252803357
-6.83829137783 28.8721371154
-7.06382727252 29.3172590636
-7.29280668018 29.7606194356
-7.52521584279 30.2021915925
-7.76104079626 30.6419490028
-8.00026737126 31.0798652441
-8.2428811941 31.5159140046
-8.48886768754 31.9500690848
-8.73821207171 32.3823043988
-8.990899365 32.8125939762
-9.24691438492 33.2409119634
-9.50624174905 33.6672326254
-9.76886587594 34.091530347
-10.0347709861 34.5137796347
-10.3039411028 34.9339551181
-10.5763600532 35.3520315514
-10.8520114694 35.7679838147
-11.130878789 36.181786916
-11.4129452565 36.5934159923
-11.6981939243 37.0028463113
-11.9866076535 37.4100532727
-12.278169115 37.8150124099
-12.5728607905 38.2176993912
-12.8706649739 38.6180900217
-13.1715637718 39.0161602442
-13.475539105 39.411886141
-13.7825727095 39.8052439353
-14.0926461373 40.1962099926
-14.4057407581 40.584760822
-14.7218377598 40.9708730778
-15.04091815 41.3545235609
-15.3629627571 41.7356892199
-15.6879522314 42.1143471529
-16.0158670461 42.4904746085
-16.3466874988 42.8640489876
-16.6803937125 43.2350478441
-17.0169656366 43.603448887
-17.3563830487 43.9692299814
-17.6986255552 44.3323691494
-18.0436725926 44.6928445723
-18.3915034293 45.0506345913
-18.742097166 45.4057177089
-19.0954327377 45.7580725901
-19.4514889146 46.1076780642
-19.8102443034 46.4545131253
-20.1716773485 46.7985569343
-20.5357663336 47.1397888195
-20.9024893828 47.4781882785
-21.2718244618 47.8137349787
-21.6437493795 48.1464087591
-22.0182417891 48.4761896314
-22.3952791896 48.8030577809
-22.7748389271 49.1269935682
-23.1568981961 49.4479775298
-23.5414340408 49.7659903797
-23.9284233568 50.0810130104
-24.3178428923 50.3930264941
-24.7096692493 50.7020120837
-25.1038788852 51.0079512141
-25.5004481145 51.3108255032
-25.8993531095 51.6106167532
-26.3005699024 51.9073069513
-26.7040743866 52.2008782712
-27.1098423177 52.4913130739
-27.5178493157 52.778593909
-27.9280708658 53.0627035154
-28.3404823202 53.3436248226
-28.7550588996 53.6213409518
-29.1717756945 53.8958352167
-29.5906076669 54.1670911245
-30.0115296516 54.435092377
-30.434516358 54.6998228717
-30.8595423712 54.9612667025
-31.2865821541 55.2194081607
-31.7156100482 55.4742317362
-32.1466002759 55.7257221182
-32.5795269415 55.973864196
-33.0143640331 56.2186430603
-33.4510854237 56.4600440038
-33.8896648736 56.6980525221
-34.3300760309 56.9326543148
-34.772292434 57.1638352859
-35.2162875128 57.3915815451
-35.6620345902 57.6158794087
-36.1095068839 57.8367153997
-36.558677508 58.0540762496
-37.0095194744 58.2679488984
-37.4620056948 58.4783204957
-37.9161089819 58.6851784015
-38.3718020514 58.8885101871
-38.8290575234 59.0883036354
-39.287847924 59.2845467419
-39.7481456873 59.4772277157
-40.2099231568 59.6663349796
-40.673152587 59.8518571714
-41.1378061451 60.033783144
-41.6038559129 60.2121019667
-42.0712738883 60.3868029253
-42.5400319867 60.557875523
-43.0101020435 60.7253094812
-43.4814558147 60.8890947397
-43.9540649797 61.0492214577
-44.427901142 61.205680014
-44.9029358317 61.3584610081
-45.3791405069 61.5075552601
-45.856486555 61.652953812
-46.3349452954 61.7946479275
-46.8144879802 61.9326290932
-47.2950857965 62.0668890185
-47.7767098681 62.1974196366
-48.259331257 62.3242131046
-48.7429209654 62.4472618043
-49.2274499373 62.5665583424
-49.7128890601 62.6820955512
-50.1992091668 62.7938664886
-50.6863810372 62.901864439
-51.1743754001 63.0060829134
-51.6631629347 63.10651565
-52.1527142727 63.2031566144
-52.643 63.296
-52.643 63.296
-53.1341842105 63.3870394737
-53.6253684211 63.4780789474
-54.1165526316 63.5691184211
-54.6077368421 63.6601578947
-55.0989210526 63.7511973684
-55.5901052632 63.8422368421
-56.0812894737 63.9332763158
-56.5724736842 64.0243157895
-57.0636578947 64.1153552632
-57.5548421053 64.2063947368
-58.0460263158 64.2974342105
-58.5372105263 64.3884736842
-59.0283947368 64.4795131579
-59.5195789474 64.5705526316
-60.0107631579 64.6615921053
-60.5019473684 64.7526315789
-60.9931315789 64.8436710526
-61.4843157895 64.9347105263
-61.9755 65.02575
-62.4666842105 65.1167894737
-62.9578684211 65.2078289474
-63.4490526316 65.2988684211
-63.9402368421 65.3899078947
-64.4314210526 65.4809473684
-64.9226052632 65.5719868421
-65.4137894737 65.6630263158
-65.9049736842 65.7540657895
-66.3961578947 65.8451052632
-66.8873421053 65.9361447368
-67.3785263158 66.0271842105
-67.8697105263 66.1182236842
-68.3608947368 66.2092631579
-68.8520789474 66.3003026316
-69.3432631579 66.3913421053
-69.8344473684 66.4823815789
-70.3256315789 66.5734210526
-70.8168157895 66.6644605263
-71.308 66.7555
-71.7991842105 66.8465394737
-72.2903684211 66.9375789474
-72.7815526316 67.0286184211
-73.2727368421 67.1196578947
-73.7639210526 67.2106973684
-74.2551052632 67.3017368421
-74.7462894737 67.3927763158
-75.2374736842 67.4838157895
-75.7286578947 67.5748552632
-76.2198421053 67.6658947368
-76.7110263158 67.7569342105
-77.2022105263 67.8479736842
-77.6933947368 67.9390131579
-78.1845789474 68.0300526316
-78.6757631579 68.1210921053
-79.1669473684 68.2121315789
-79.6581315789 68.3031710526
-80.1493157895 68.3942105263
-80.6405 68.48525
-81.1316842105 68.5762894737
-81.6228684211 68.6673289474
-82.1140526316 68.7583684211
-82.6052368421 68.8494078947
-83.0964210526 68.9404473684
-83.5876052632 69.0314868421
-84.0787894737 69.1225263158
-84.5699736842 69.2135657895
-85.0611578947 69.3046052632
-85.5523421053 69.3956447368
-86.0435263158 69.4866842105
-86.5347105263 69.5777236842
-87.0258947368 69.6687631579
-87.5170789474 69.7598026316
-88.0082631579 69.8508421053
-88.4994473684 69.9418815789
-88.9906315789 70.0329210526
-89.4818157895 70.1239605263
-89.973 70.215
-90.4641842105 70.3060394737
-90.9553684211 70.3970789474
-91.4465526316 70.4881184211
-91.9377368421 70.5791578947
-92.4289210526 70.6701973684
-92.9201052632 70.7612368421
-93.4112894737 70.8522763158
-93.9024736842 70.9433157895
-94.3936578947 71.0343552632
-94.8848421053 71.1253947368
-95.3760263158 71.2164342105
-95.8672105263 71.3074736842
-96.3583947368 71.3985131579
-96.8495789474 71.4895526316
-97.3407631579 71.5805921053
-97.8319473684 71.6716315789
-98.3231315789 71.7626710526
-98.8143157895 71.8537105263
-99.3055 71.94475
-99.7966842105 72.0357894737
-100.287868421 72.1268289474
-100.779052632 72.2178684211
-101.270236842 72.3089078947
-101.761421053 72.3999473684
-102.252605263 72.4909868421
-102.743789474 72.5820263158
-103.234973684 72.6730657895
-103.726157895 72.7641052632
-104.217342105 72.8551447368
-104.708526316 72.9461842105
-105.199710526 73.0372236842
-105.690894737 73.1282631579
-106.182078947 73.2193026316
-106.673263158 73.3103421053
-107.164447368 73.4013815789
-107.655631579 73.4924210526
-108.146815789 73.5834605263
-108.638 73.6745
-109.129184211 73.7655394737
-109.620368421 73.8565789474
-110.111552632 73.9476184211
-110.602736842 74.0386578947
-111.093921053 74.1296973684
-111.585105263 74.2207368421
-112.076289474 74.3117763158
-112.567473684 74.4028157895
-113.058657895 74.4938552632
-113.549842105 74.5848947368
-114.041026316 74.6759342105
-114.532210526 74.7669736842
-115.023394737 74.8580131579
-115.514578947 74.9490526316
-116.005763158 75.0400921053
-116.496947368 75.1311315789
-116.988131579 75.2221710526
-117.479315789 75.3132105263
-117.9705 75.40425
-118.461684211 75.4952894737
-118.952868421 75.5863289474
-119.444052632 75.6773684211
-119.935236842 75.7684078947
-120.426421053 75.8594473684
-120.917605263 75.9504868421
-121.408789474 76.0415263158
-121.899973684 76.1325657895
-122.391157895 76.2236052632
-122.882342105 76.3146447368
-123.373526316 76.4056842105
-123.864710526 76.4967236842
-124.355894737 76.5877631579
-124.847078947 76.6788026316
-125.338263158 76.7698421053
-125.829447368 76.8608815789
-126.320631579 76.9519210526
-126.811815789 77.0429605263
-127.303 77.134
-127.303 77.134
-127.7519 77.2543
-128.2008 77.3746
-128.6497 77.4949
-129.0986 77.6152
-129.5475 77.7355
-129.9964 77.8558
-130.4453 77.9761
-130.8942 78.0964
-131.3431 78.2167
-131.792 78.337
