newfc
newfcsegment 2.14133222972362E-12 101 54.8950166588698
lineto 1.29710770586166E-11 100.546791657474 54.7477603421868
lineto -1.70312961398835E-11 100.01499564341 54.5749693420008
lineto -6.238090649367E-11 99.5032420903076 54.408690531714
lineto 1.56781256010798E-11 98.9351638717901 54.224110731693
lineto 2.52382362506807E-10 98.3508459119212 54.0342543242713
lineto 4.1656353660301E-11 97.6538786326507 53.8077959217253
lineto -9.54109130427825E-10 97.0094333002538 53.598402912301
lineto -7.1977606753913E-10 96.4050728738428 53.4020343126724
lineto 1.52647289030752E-09 95.9458412309986 53.252820969447
lineto 3.84933374710996E-09 95.5228918012846 53.115396434028
lineto 2.45171206422075E-09 94.9948985517486 52.9438409887813
lineto -8.44212869002665E-09 94.4468629637119 52.7657731280568
lineto -1.73808592646249E-08 93.9074615541187 52.5905107365161
lineto -5.41081300227006E-09 93.3995104604985 52.4254677554333
lineto 3.22020484740069E-08 92.9402783366085 52.2762552426191
lineto 6.89861034024361E-08 92.3559601156193 52.0863997700089
lineto 2.92589087716848E-08 91.8766869023437 51.9306733547666
lineto -1.12518017665814E-07 91.3010045929149 51.7436188781465
lineto 1.21889177000723E-07 90.7529650730322 51.5655565836759
lineto 7.21760515960556E-07 90.1686403225541 51.3757146993825
lineto 1.93649603387399E-08 89.5929651338958 51.1886468954118
lineto -2.46964129531797E-06 89.0974800331166 51.0275845847879
lineto -4.98699897611282E-06 88.6220401444912 50.8730345674227
lineto -5.55151387850501E-06 88.1178927187695 50.70921138929
lineto -8.22484416982652E-07 87.5583964205848 50.5275519599085
lineto 7.76786798212869E-06 87.1391322243246 50.391564431706
lineto 2.15707803997896E-05 86.6033906677897 50.2178765431322
lineto 3.11396171654839E-05 86.1478366861896 50.0701250481819
lineto 3.43289381041262E-05 85.6961876156987 49.9234643500536
lineto 2.81596072690423E-05 85.2781042213008 49.787448698904
lineto 9.10732274310088E-06 84.8468261641764 49.6467864131628
lineto -1.92006611846504E-05 84.4805628060674 49.5269904537028
lineto -5.8481300933411E-05 84.041852686887 49.3833489823332
lineto -8.54636487494904E-05 83.5465884010952 49.2216750653069
lineto -7.65393023689518E-05 83.1760245233998 49.1015205481006
lineto -1.10627970496786E-05 82.7196431483916 48.9550600162944
lineto 1.03245173189535E-04 82.3188117612067 48.8280111462218
lineto 2.37528993728182E-04 81.8419045992287 48.6768010760194
lineto 2.63032227741987E-04 81.3991880538763 48.5336652796858
lineto 1.09295641175891E-04 80.9786450921215 48.392733404614
lineto -2.65267491109463E-04 80.5604691272489 48.2464096491792
lineto -4.81595025647041E-04 80.2116308737793 48.1270297860045
lineto -2.30220805123094E-04 79.877084443632 48.0253422926132
lineto 1.14491282272679E-03 79.4787665675335 47.9301800402295
lineto 4.76598693599891E-03 79.0776322909332 47.8502199869185
lineto 0.011300298482255 78.6963228995145 47.7721690467836
lineto 2.55157929622525E-02 78.1669159902902 47.6587337054877
lineto 4.14475501736775E-02 77.7333457677974 47.56429774237
lineto 7.16570484250202E-02 77.0947116057047 47.427122528639
lineto 9.90080558033149E-02 76.6249715751815 47.3275730142661
lineto 0.13193832936675 76.139178812507 47.2248897207022
lineto 0.17882267046511 75.5438349100667 47.0984504359531
lineto 0.225803391553911 75.0224106328763 46.9872280667312
lineto 0.277676883009525 74.5069014241587 46.8771041888007
lineto 0.339154822409894 73.9553129150826 46.7593075115169
lineto 0.39501515883844 73.4965043763917 46.6613041222438
lineto 0.462299021391335 72.9855507693479 46.5520416310045
lineto 0.545719140258784 72.401977615727 46.427038683018
lineto 0.627291014702502 71.8737900888697 46.3137350535314
lineto 0.700432074041373 71.4292578698931 46.2182753032374
lineto 0.806380952725244 70.8254788949655 46.0884056778397
lineto 0.91060428331931 70.2700715426384 45.9686076788741
lineto 1.00299508016839 69.8045100666591 45.8678581767279
lineto 1.10914764615344 69.2961426913724 45.7574438478705
lineto 1.2134029458164 68.8208116696475 45.653785164104
lineto 1.31006498541962 68.3986804017328 45.5613557422272
lineto 1.42884454277239 67.9015592886526 45.4520216600798
lineto 1.55255140443916 67.4062345070037 45.3425285081259
lineto 1.68021357330968 66.9162931351987 45.2336478458895
lineto 1.81488943634485 66.4202149855624 45.122784145864
lineto 1.95823609418404 65.9131303134864 45.008781119986
lineto 2.1455353944403 65.2794357401282 44.8652878912257
lineto 2.38716169830262 64.5041641684212 44.688018994128
lineto 2.61898299450071 63.7991397404364 44.5249561319602
lineto 2.826337860606 63.1966640661403 44.3840267847169
lineto 3.07135539899052 62.5150495322293 44.2226022936448
lineto 3.27929896313246 61.9596555089607 44.089345890557
lineto 3.56993444480514 61.2151315765888 43.9080219737163
lineto 3.85851225546873 60.5086754842526 43.7328379548425
lineto 4.11294077817368 59.9101319825179 43.5818196246021
lineto 4.470244530021 59.1041046365142 43.3743687682934
lineto 4.90873891207618 58.1640352473174 43.1258558598525
lineto 5.41105630475959 57.145511070965 42.8475516515299
lineto 5.90928028953023 56.1892513603723 42.5764838149764
lineto 6.48866533461303 55.1365055614276 42.2656073084793
lineto 7.01546774695866 54.2283333721918 41.9856713812409
lineto 7.54745025012363 53.3535394443024 41.7044131765997
lineto 8.2336555999785 52.2813929137259 41.3420371886575
lineto 8.80950282589349 51.425794351554 41.0371405531546
lineto 9.38278400327979 50.6102090488536 40.7319709343298
lineto 9.96436346953996 49.8166103025017 40.4199505089947
lineto 10.6600183169557 48.9086687413617 40.0424327240224
lineto 11.2229161899811 48.2045672867095 39.7327332443498
lineto 11.8571727250835 47.4409320216143 39.3784523118522
lineto 12.7750292534675 46.3890001716949 38.8550476329252
lineto 13.6406939257094 45.4451120731053 38.3469920128692
lineto 14.6644693094206 44.3362860088406 37.7141800685531
lineto 15.5117230695776 43.3945588198725 37.1569405880582
lineto 16.2107549866918 42.602007549055 36.6733360915026
lineto 17.1033741112015 41.567319106816 36.0224987242913
lineto 17.7999582355067 40.7410711777584 35.4869693341467
lineto 18.539693916821 39.8437193064801 34.8900920131898
lineto 19.303797248806 38.8923276651641 34.2411962658947
lineto 20.0610802049517 37.9221474000113 33.5632861565329
lineto 20.7353339152638 37.0337161526503 32.928226877789
lineto 21.4695735479523 36.0374275541167 32.2001362239364
lineto 22.2245941180539 34.977839514399 31.4081540663438
lineto 22.9341178995674 33.9452414324406 30.6199701386209
lineto 23.568620212682 32.9872752248211 29.8754307287119
lineto 24.2516375227375 31.9146277289768 29.0274943511214
lineto 24.8735684534091 30.8961736941881 28.2084681898503
lineto 25.5141816729635 29.7996927888008 27.3120410951223
lineto 26.3012377440031 28.3719428226983 26.1245345099341
lineto 27.0485924318745 26.8584776788541 24.8187188780164
lineto 27.613095285785 25.5267544299469 23.6178437024771
lineto 28.1136947973559 24.1085708744623 22.2923100096811
lineto 28.4339739161336 22.9754030914004 21.2036449457755
lineto 28.6860619366173 21.8123307072374 20.0629154944333
lineto 28.8587879066051 20.6396684328268 18.8921526013447
lineto 28.9543545095771 19.1769420576525 17.4080526434621
lineto 28.9256874389233 17.9402905809731 16.1392276848947
lineto 28.7964397384038 16.7369535959344 14.8984403405773
lineto 28.4740647609923 15.178842598747 13.2890614920642
lineto 28.0396595799247 13.8139490982227 11.8849583909603
lineto 27.5572349495433 12.6663092209568 10.7158002479269
lineto 26.9031876060606 11.4180579485255 9.46205272296274
lineto 26.2187383107929 10.3337879547447 8.3931508654128
lineto 25.5721853201881 9.44569315687682 7.5352608205914
lineto 24.8274941399703 8.5403311817735 6.68033988730276
lineto 23.8309799117697 7.4752200721496 5.70457609554995
lineto 22.6973244173208 6.41548388491239 4.77180297324311
lineto 21.6648453932722 5.55870108952473 4.05002613354325
lineto 20.5222122662329 4.70763970567061 3.36531816397422
lineto 19.176886118708 3.81406775436307 2.68536157181606
lineto 17.7852119975068 2.99321826848491 2.10157246050737
lineto 16.2188433693116 2.17731078529356 1.56602858013991
lineto 14.8756887302874 1.55854853196929 1.19360372944604
lineto 13.5063538554358 0.996863558991667 0.883737355075768
lineto 12.1915432772087 0.518192667511568 0.645602204136921
lineto 10.9539907013275 0.118819382119946 0.461917377253852
lineto 9.34546905866964 -0.329297061621776 0.34801401426038
lineto 8.20283125802085 -0.600163526253146 0.420343988407828
lineto 6.8547266247433 -0.86941019941019 0.677727431776183
lineto 5.5074879980398 -1.08084882526307 1.13724527000356
lineto 4.60218069377732 -1.18683173583309 1.57480153521323
lineto 3.99184686557601 -1.23959973774277 1.93725545673265
lineto 3.50136700005168 -1.26957171563454 2.27371370274789
lineto 2.93451628107277 -1.28835952417896 2.72014175645562
lineto 2.3835036543552 -1.2874374639392 3.22381719423741
lineto 1.81898708624101 -1.262418748492 3.82765215620147
lineto 1.17592650164746 -1.19430804296707 4.66009795473488
lineto 0.595566015759134 -1.07824573295263 5.60927859363379
lineto 0.151727802431037 -0.930457123286189 6.54639752554328
lineto -0.179903257926339 -0.755020325932505 7.47857544495726
lineto -0.347786707039812 -0.616135812897732 8.13389619066293
lineto -0.568395604259396 -0.342485139327851 9.28222931197997
lineto -0.778688942271503 -5.95350484360666E-02 10.3246577200519
lineto -1.05812597871163 0.268546206788422 11.399110730291
lineto -1.35520208012312 0.588794676920656 12.340709792995
lineto -1.65155165103075 0.888024936248365 13.1439999381722
lineto -2.13118450924581 1.33821727501337 14.2391167030354
lineto -2.62021647671667 1.76570935739604 15.1742619887802
lineto -3.04905666838524 2.12123439766692 15.8857852006556
lineto -3.69124364630081 2.62787480797416 16.8089769449075
lineto -4.27733421207876 3.0689781712878 17.5356670617897
lineto -4.91122038882044 3.52779915928774 18.2234078976363
lineto -5.4625351039495 3.91412622686161 18.752638265511
lineto -6.2401615552938 4.44230816122822 19.407250153181
lineto -7.0276431080703 4.96065604056092 19.9773090630549
lineto -7.90980650437628 5.52546771192582 20.5220652840257
lineto -8.64522840081496 5.98643656564781 20.9109004915988
lineto -9.52586915229243 6.52900611409992 21.3074914854178
lineto -10.4555568677376 7.09222026808726 21.6520150017978
lineto -11.302751639474 7.59820392923629 21.905014712139
lineto -12.1590022463161 8.10414441632173 22.1061240953933
lineto -12.9812499848117 8.58617706178119 22.250740582034
lineto -13.9006449303021 9.12214100656968 22.3593061166673
lineto -14.7923824189124 9.64023605164626 22.413813596457
lineto -15.8306496954791 10.2428287314196 22.4168842557409
lineto -16.93281533845 10.8830414816427 22.3504455333282
lineto -17.9081915177627 11.4511584364422 22.2322515584339
lineto -18.9047439772722 12.0344568557007 22.0542054958145
lineto -19.8045510691816 12.5650783961138 21.8442202533678
lineto -20.7005106135914 13.0985450246647 21.5886511509722
lineto -21.5365685555818 13.6020705063016 21.307672392037
lineto -22.4049019691001 14.13177369068 20.970886311715
lineto -23.0269102952977 14.5159249893228 20.7004501832107
lineto -23.9711514353018 15.1075137177617 20.2415332113886
lineto -24.65513117232 15.5435590161194 19.8714358752911
lineto -25.7523542227012 16.2594423353754 19.2084859056307
lineto -26.6751762857198 16.8799435882941 18.5805821995258
lineto -27.4357003827498 17.4058277429619 18.010598954231
lineto -28.347617628249 18.056147708871 17.2583426069373
lineto -29.1035523115928 18.614164102887 16.5718010477335
lineto -29.9552157547759 19.267957959517 15.7227365686089
lineto -30.8429684817635 19.9843057623205 14.7418726122236
lineto -31.4489537176676 20.4976714774372 14.0073384875941
lineto -32.0637057469548 21.0422958577917 13.1995328017749
lineto -32.8010617329845 21.733748710215 12.1331206857008
lineto -33.1855680144214 22.1144082566306 11.5277893228006
lineto -33.5632481717643 22.5045520156766 10.895196384001
lineto -33.9183275033349 22.8885020132034 10.2614806467945
lineto -34.2568033332526 23.272578835153 9.61691739754884
lineto -34.6375812252386 23.7297012281036 8.83633616188353
lineto -35.016108782219 24.216093681116 7.99006651063322
lineto -35.3599490422404 24.6925448150219 7.14578907326058
lineto -35.6328219467329 25.1004196222258 6.41149066073231
lineto -35.924698460576 25.5748006369874 5.54567504384508
lineto -36.2173473258152 26.1040004368996 4.56714373734544
lineto -36.4575347143835 26.5949645264898 3.64855662656124
lineto -36.7242458648583 27.2331104182395 2.43877994637434
lineto -36.8974095487588 27.7346483377765 1.4792443859775
lineto -37.067835807097 28.3603509887491 0.271572931659741
lineto -37.1588806781036 28.8033088365052 -0.590679939322483
lineto -37.2520310118828 29.4286394824543 -1.81403976275953
lineto -37.3021481517572 29.994438178848 -2.92731621476863
lineto -37.3185939427754 30.5224859225125 -3.96828725881582
lineto -37.3105279491951 30.9533842525593 -4.81995904396369
lineto -37.2792369418361 31.4257178312864 -5.75590057696478
lineto -37.2297617738267 31.8587199907463 -6.61570741204702
lineto -37.1517203707988 32.338335491595 -7.56920570931215
lineto -37.048275454912 32.8221727913332 -8.53103514851603
lineto -36.9500118497359 33.2007764029253 -9.28308874519904
lineto -36.821784890847 33.6249910566903 -10.124916626578
lineto -36.5644160912996 34.3339518452415 -11.5296296839008
lineto -36.4030083175719 34.7166734603975 -12.2863272361948
lineto -36.1974983348365 35.1578196935817 -13.1563070047722
lineto -35.9493292294779 35.6396763980978 -14.1029826647482
lineto -35.7220676726349 36.0440026779207 -14.893900498804
lineto -35.4689830537952 36.4618759366223 -15.707594302931
lineto -35.1132296619273 37.003772900951 -16.7566123997158
lineto -34.7870573292 37.4634764863414 -17.6406155155876
lineto -34.476407382021 37.8745565982809 -18.4262899788528
lineto -34.0900743383497 38.35567571077 -19.3396866030877
lineto -33.6062281667924 38.9196664587946 -20.4008688495726
lineto -33.1140821039479 39.4578300353919 -21.4019857658095
lineto -32.6874469102207 39.9004042902346 -22.2159142791526
lineto -32.3713386806282 40.215786202649 -22.7906827364391
lineto -32.0085012494039 40.5659082187125 -23.4237425012589
lineto -31.6118895946662 40.9354511485578 -24.0861183019173
lineto -31.1542084530949 41.3465853826335 -24.8157678972682
lineto -30.7849491400398 41.6676740747355 -25.3798292856208
lineto -30.19736020459 42.1614301239976 -26.236459996625
lineto -29.7058950442891 42.5600152854926 -26.9178840731168
lineto -29.1971489751074 42.9602980642284 -27.5928028908913
lineto -28.5027562202036 43.4885611244602 -28.4686132469141
lineto -27.6934394482073 44.0807607632319 -29.4296931950189
lineto -27.1071250930003 44.4954445606055 -30.0894367757957
lineto -26.3840537780987 44.9917307368853 -30.8643640814629
lineto -25.7154049781411 45.4375646643347 -31.545995568848
lineto -25.0302568584345 45.8830521090446 -32.2123337858781
lineto -24.3411478367023 46.3207560748823 -32.8520185066415
lineto -23.5303148374925 46.8234666737983 -33.5681636161852
lineto -22.8595133523151 47.2299222976787 -34.1325325007875
lineto -21.6081133421315 47.9670802348555 -35.122056189737
lineto -20.3286628554925 48.6949114684332 -36.0556660600725
lineto -19.3116426190161 49.2581957733725 -36.7457994956119
lineto -18.5926022796656 49.6481898063252 -37.2075268629962
lineto -17.7399171141289 50.1190194748777 -37.7319587406711
lineto -16.9081964586133 50.6041861710061 -38.224630915555
lineto -16.196677546007 51.045611967016 -38.6334215655945
lineto -15.2800188135077 51.6502169168664 -39.1431691554504
lineto -14.3647255920878 52.2960217296181 -39.6342619183927
lineto -13.3407137328944 53.072655430974 -40.1644600106281
lineto -12.5818696558079 53.6878647106046 -40.545532906999
lineto -11.7800648420161 54.3774341613395 -40.938319536953
lineto -10.8480289441318 55.2344120946711 -41.3834473413775
lineto -10.1668386518509 55.9018402053194 -41.701997749195
lineto -9.50542526976608 56.5861507471398 -42.0068243603925
lineto -8.75368768837221 57.4113623347469 -42.3490879386657
lineto -8.02707286772938 58.2620256706303 -42.6768550634192
lineto -7.42998361041192 59.004477146477 -42.9449661182941
lineto -6.79783939898302 59.8381606486525 -43.2288716907829
lineto -6.18485793414732 60.6990906173422 -43.5056492805321
lineto -5.71171312538934 61.403446607283 -43.7213211957597
lineto -5.15108152207757 62.2890763232074 -43.9805585058287
lineto -4.66478293695942 63.1082411196233 -44.2099944013989
lineto -4.15262615777618 64.0301529315148 -44.4579336655147
lineto -3.67246404752763 64.9589390637047 -44.6982528759882
lineto -3.34469112907752 65.634852094229 -44.8679815793036
lineto -3.07049863055488 66.2304397603312 -45.0143872548155
lineto -2.71333439397087 67.0539134032386 -45.2125555292171
lineto -2.39251066058382 67.8476383163636 -45.3995325754245
lineto -2.05664642306477 68.7449034430345 -45.6068717444722
lineto -1.7549908218093 69.6220024551426 -45.8061072287813
lineto -1.51910677855417 70.366398973899 -45.9729330348676
lineto -1.25332942835784 71.2834882218822 -46.1759944183442
lineto -1.06871805009056 71.9828757834186 -46.3292833797841
lineto -0.832838552673927 72.9761722364565 -46.5452169520305
lineto -0.644215386887287 73.8814819621093 -46.7408493792612
lineto -0.507693122117409 74.6256713520219 -46.9010591923685
lineto -0.364272098222145 75.5289231825683 -47.0943388182258
lineto -0.250499996105642 76.3870325132025 -47.2763685044348
lineto -0.149815839169616 77.3330716391474 -47.4775607136282
lineto -9.51063049931934E-02 77.9841709296931 -47.6187358629345
lineto -0.050850011844197 78.6652848675389 -47.7667016129397
lineto -1.62361457212476E-02 79.4958316470878 -47.9368108593344
lineto -3.41262754335943E-03 80.1524451083256 -48.067662001738
lineto 1.08845374991663E-03 80.943986689815 -48.2760595230234
lineto 6.29773113744975E-04 81.5147438832444 -48.4669183596143
lineto -2.47102681269993E-04 82.2010710935434 -48.7002593647588
lineto -2.46987330835707E-05 82.970636712284 -48.9476838913621
lineto 1.25098819958149E-04 83.7476521910178 -49.198385170572
lineto 5.0515298183229E-05 84.4418257567639 -49.4248152945302
lineto -1.39043272801267E-05 85.2112746572803 -49.6755840086492
lineto 3.6996076363574E-07 85.8650546430565 -49.8878416861945
lineto 3.0403146819914E-06 86.638765601899 -50.1392041281419
lineto -1.35278968831521E-06 87.2480072139609 -50.3372105294385
lineto -1.49631168118277E-06 87.98493002376 -50.5766529573009
lineto 3.95808808572293E-08 88.6734927697353 -50.8003624449146
lineto 7.58249083768968E-08 89.4452264303404 -51.0511134841156
lineto -1.20800843037799E-07 90.216955807459 -51.3018658774372
lineto -2.11307114092648E-08 90.955823539833 -51.5419373813251
lineto 2.38848927717345E-08 91.768172319526 -51.8058849692515
lineto -1.76243196902772E-09 92.4625453036018 -52.0315007307333
lineto -6.85805969253173E-09 92.9866949240398 -52.2018073262729
lineto -3.21355736665964E-10 93.6423890479622 -52.4148551847607
lineto 3.3362749148708E-09 94.2922678681297 -52.6260135704645
lineto 2.41983928427252E-09 94.9054061078578 -52.82523427187
lineto 6.48907034352826E-11 95.6345813172576 -53.0621576871852
lineto -4.8604862349419E-10 96.1239288468032 -53.2211563443461
lineto -2.01506443828752E-10 96.77574607907 -53.4329445981061
lineto 3.72393822082521E-10 97.4701191731312 -53.6585600861051
lineto 4.64252035856895E-10 98.0793805485365 -53.8565211059967
lineto 3.57513776128219E-10 98.6480244981405 -54.0412847266438
lineto 3.0934471046582E-10 99.1334951638183 -54.1990237085511
lineto 3.2614619541384E-10 99.7079544143768 -54.3856768335555
lineto 2.93342158439783E-10 100.278536797782 -54.5710702880478
lineto 1.63078542340237E-10 101 -54.8054878926612
closefcsegment
closefc
