0.000000e+000 -1.255000e+002 0.000000e+000
3.249272e-002 -1.254989e+002 0.000000e+000
6.498544e-002 -1.254977e+002 0.000000e+000
9.747816e-002 -1.254966e+002 0.000000e+000
1.299709e-001 -1.254955e+002 0.000000e+000
1.624636e-001 -1.254943e+002 0.000000e+000
1.949563e-001 -1.254932e+002 0.000000e+000
2.274490e-001 -1.254921e+002 0.000000e+000
2.599418e-001 -1.254909e+002 0.000000e+000
2.924345e-001 -1.254898e+002 0.000000e+000
3.249272e-001 -1.254887e+002 0.000000e+000
3.574199e-001 -1.254875e+002 0.000000e+000
3.899126e-001 -1.254864e+002 0.000000e+000
4.224054e-001 -1.254853e+002 0.000000e+000
4.548981e-001 -1.254841e+002 0.000000e+000
4.873908e-001 -1.254830e+002 0.000000e+000
5.198835e-001 -1.254818e+002 0.000000e+000
5.523762e-001 -1.254807e+002 0.000000e+000
5.848690e-001 -1.254796e+002 0.000000e+000
6.173617e-001 -1.254784e+002 0.000000e+000
6.498544e-001 -1.254773e+002 0.000000e+000
6.823471e-001 -1.254762e+002 0.000000e+000
7.148399e-001 -1.254750e+002 0.000000e+000
7.473326e-001 -1.254739e+002 0.000000e+000
7.798253e-001 -1.254728e+002 0.000000e+000
8.123180e-001 -1.254716e+002 0.000000e+000
8.448107e-001 -1.254705e+002 0.000000e+000
8.773035e-001 -1.254694e+002 0.000000e+000
9.097962e-001 -1.254682e+002 0.000000e+000
9.422889e-001 -1.254671e+002 0.000000e+000
9.747816e-001 -1.254660e+002 0.000000e+000
1.007274e+000 -1.254648e+002 0.000000e+000
1.039767e+000 -1.254637e+002 0.000000e+000
1.072260e+000 -1.254626e+002 0.000000e+000
1.104752e+000 -1.254614e+002 0.000000e+000
1.137245e+000 -1.254603e+002 0.000000e+000
1.169738e+000 -1.254592e+002 0.000000e+000
1.202231e+000 -1.254580e+002 0.000000e+000
1.234723e+000 -1.254569e+002 0.000000e+000
1.267216e+000 -1.254558e+002 0.000000e+000
1.299709e+000 -1.254546e+002 0.000000e+000
1.332202e+000 -1.254535e+002 0.000000e+000
1.364694e+000 -1.254524e+002 0.000000e+000
1.397187e+000 -1.254512e+002 0.000000e+000
1.429680e+000 -1.254501e+002 0.000000e+000
1.462172e+000 -1.254489e+002 0.000000e+000
1.494665e+000 -1.254478e+002 0.000000e+000
1.527158e+000 -1.254467e+002 0.000000e+000
1.559651e+000 -1.254455e+002 0.000000e+000
1.592143e+000 -1.254444e+002 0.000000e+000
1.624636e+000 -1.254433e+002 0.000000e+000
1.657129e+000 -1.254421e+002 0.000000e+000
1.689621e+000 -1.254410e+002 0.000000e+000
1.722114e+000 -1.254399e+002 0.000000e+000
1.754607e+000 -1.254387e+002 0.000000e+000
1.787100e+000 -1.254376e+002 0.000000e+000
1.819592e+000 -1.254365e+002 0.000000e+000
1.852085e+000 -1.254353e+002 0.000000e+000
1.884578e+000 -1.254342e+002 0.000000e+000
1.917071e+000 -1.254331e+002 0.000000e+000
1.949563e+000 -1.254319e+002 0.000000e+000
1.982056e+000 -1.254308e+002 0.000000e+000
2.014549e+000 -1.254297e+002 0.000000e+000
2.047041e+000 -1.254285e+002 0.000000e+000
2.079534e+000 -1.254274e+002 0.000000e+000
2.112027e+000 -1.254263e+002 0.000000e+000
2.144520e+000 -1.254251e+002 0.000000e+000
2.177012e+000 -1.254240e+002 0.000000e+000
2.209505e+000 -1.254229e+002 0.000000e+000
2.241998e+000 -1.254217e+002 0.000000e+000
2.274490e+000 -1.254206e+002 0.000000e+000
2.306983e+000 -1.254195e+002 0.000000e+000
2.339476e+000 -1.254183e+002 0.000000e+000
2.371969e+000 -1.254172e+002 0.000000e+000
2.404461e+000 -1.254160e+002 0.000000e+000
2.436954e+000 -1.254149e+002 0.000000e+000
2.469447e+000 -1.254138e+002 0.000000e+000
2.501939e+000 -1.254126e+002 0.000000e+000
2.534432e+000 -1.254115e+002 0.000000e+000
2.566925e+000 -1.254104e+002 0.000000e+000
2.599418e+000 -1.254092e+002 0.000000e+000
2.631910e+000 -1.254081e+002 0.000000e+000
2.664403e+000 -1.254070e+002 0.000000e+000
2.696896e+000 -1.254058e+002 0.000000e+000
2.729389e+000 -1.254047e+002 0.000000e+000
2.761881e+000 -1.254036e+002 0.000000e+000
2.794374e+000 -1.254024e+002 0.000000e+000
2.826867e+000 -1.254013e+002 0.000000e+000
2.859359e+000 -1.254002e+002 0.000000e+000
2.891852e+000 -1.253990e+002 0.000000e+000
2.924345e+000 -1.253979e+002 0.000000e+000
2.956838e+000 -1.253968e+002 0.000000e+000
2.989330e+000 -1.253956e+002 0.000000e+000
3.021823e+000 -1.253945e+002 0.000000e+000
3.054316e+000 -1.253934e+002 0.000000e+000
3.086808e+000 -1.253922e+002 0.000000e+000
3.119301e+000 -1.253911e+002 0.000000e+000
3.151794e+000 -1.253900e+002 0.000000e+000
3.184287e+000 -1.253888e+002 0.000000e+000
3.216779e+000 -1.253877e+002 0.000000e+000
3.249114e+000 -1.253843e+002 0.000000e+000
3.281448e+000 -1.253809e+002 0.000000e+000
3.313782e+000 -1.253775e+002 0.000000e+000
3.346116e+000 -1.253741e+002 0.000000e+000
3.378450e+000 -1.253707e+002 0.000000e+000
3.410785e+000 -1.253673e+002 0.000000e+000
3.443119e+000 -1.253639e+002 0.000000e+000
3.475453e+000 -1.253605e+002 0.000000e+000
3.507787e+000 -1.253571e+002 0.000000e+000
3.540122e+000 -1.253537e+002 0.000000e+000
3.572456e+000 -1.253503e+002 0.000000e+000
3.604790e+000 -1.253469e+002 0.000000e+000
3.637124e+000 -1.253435e+002 0.000000e+000
3.669459e+000 -1.253401e+002 0.000000e+000
3.701793e+000 -1.253367e+002 0.000000e+000
3.734127e+000 -1.253333e+002 0.000000e+000
3.766461e+000 -1.253299e+002 0.000000e+000
3.798796e+000 -1.253265e+002 0.000000e+000
3.831130e+000 -1.253231e+002 0.000000e+000
3.863464e+000 -1.253197e+002 0.000000e+000
3.895798e+000 -1.253163e+002 0.000000e+000
3.928132e+000 -1.253129e+002 0.000000e+000
3.960467e+000 -1.253095e+002 0.000000e+000
3.992801e+000 -1.253061e+002 0.000000e+000
4.025135e+000 -1.253027e+002 0.000000e+000
4.057469e+000 -1.252993e+002 0.000000e+000
4.089804e+000 -1.252959e+002 0.000000e+000
4.122138e+000 -1.252925e+002 0.000000e+000
4.154472e+000 -1.252891e+002 0.000000e+000
4.186806e+000 -1.252857e+002 0.000000e+000
4.219141e+000 -1.252823e+002 0.000000e+000
4.251475e+000 -1.252789e+002 0.000000e+000
4.283809e+000 -1.252755e+002 0.000000e+000
4.316143e+000 -1.252721e+002 0.000000e+000
4.348477e+000 -1.252687e+002 0.000000e+000
4.380812e+000 -1.252653e+002 0.000000e+000
4.413146e+000 -1.252619e+002 0.000000e+000
4.445480e+000 -1.252585e+002 0.000000e+000
4.477814e+000 -1.252551e+002 0.000000e+000
4.510149e+000 -1.252517e+002 0.000000e+000
4.542483e+000 -1.252483e+002 0.000000e+000
4.574817e+000 -1.252449e+002 0.000000e+000
4.607151e+000 -1.252415e+002 0.000000e+000
4.639486e+000 -1.252381e+002 0.000000e+000
4.671820e+000 -1.252347e+002 0.000000e+000
4.704154e+000 -1.252313e+002 0.000000e+000
4.736488e+000 -1.252279e+002 0.000000e+000
4.768823e+000 -1.252245e+002 0.000000e+000
4.801157e+000 -1.252211e+002 0.000000e+000
4.833491e+000 -1.252177e+002 0.000000e+000
4.865825e+000 -1.252143e+002 0.000000e+000
4.898159e+000 -1.252109e+002 0.000000e+000
4.930494e+000 -1.252075e+002 0.000000e+000
4.962828e+000 -1.252041e+002 0.000000e+000
4.995162e+000 -1.252007e+002 0.000000e+000
5.027496e+000 -1.251973e+002 0.000000e+000
5.059831e+000 -1.251939e+002 0.000000e+000
5.092165e+000 -1.251905e+002 0.000000e+000
5.124499e+000 -1.251871e+002 0.000000e+000
5.156833e+000 -1.251837e+002 0.000000e+000
5.189168e+000 -1.251803e+002 0.000000e+000
5.221502e+000 -1.251769e+002 0.000000e+000
5.253836e+000 -1.251735e+002 0.000000e+000
5.286170e+000 -1.251701e+002 0.000000e+000
5.318504e+000 -1.251667e+002 0.000000e+000
5.350839e+000 -1.251633e+002 0.000000e+000
5.383173e+000 -1.251599e+002 0.000000e+000
5.415507e+000 -1.251565e+002 0.000000e+000
5.447841e+000 -1.251531e+002 0.000000e+000
5.480176e+000 -1.251497e+002 0.000000e+000
5.512510e+000 -1.251463e+002 0.000000e+000
5.544844e+000 -1.251429e+002 0.000000e+000
5.577178e+000 -1.251395e+002 0.000000e+000
5.609513e+000 -1.251361e+002 0.000000e+000
5.641847e+000 -1.251327e+002 0.000000e+000
5.674181e+000 -1.251293e+002 0.000000e+000
5.706515e+000 -1.251259e+002 0.000000e+000
5.738850e+000 -1.251225e+002 0.000000e+000
5.771184e+000 -1.251191e+002 0.000000e+000
5.803518e+000 -1.251157e+002 0.000000e+000
5.835852e+000 -1.251123e+002 0.000000e+000
5.868186e+000 -1.251089e+002 0.000000e+000
5.900521e+000 -1.251055e+002 0.000000e+000
5.932855e+000 -1.251021e+002 0.000000e+000
5.965189e+000 -1.250987e+002 0.000000e+000
5.997523e+000 -1.250953e+002 0.000000e+000
6.029858e+000 -1.250919e+002 0.000000e+000
6.062192e+000 -1.250885e+002 0.000000e+000
6.094526e+000 -1.250851e+002 0.000000e+000
6.126860e+000 -1.250817e+002 0.000000e+000
6.159195e+000 -1.250783e+002 0.000000e+000
6.191529e+000 -1.250749e+002 0.000000e+000
6.223863e+000 -1.250715e+002 0.000000e+000
6.256197e+000 -1.250681e+002 0.000000e+000
6.288531e+000 -1.250647e+002 0.000000e+000
6.320866e+000 -1.250613e+002 0.000000e+000
6.353200e+000 -1.250579e+002 0.000000e+000
6.385534e+000 -1.250545e+002 0.000000e+000
6.417868e+000 -1.250511e+002 0.000000e+000
6.449886e+000 -1.250454e+002 0.000000e+000
6.481904e+000 -1.250398e+002 0.000000e+000
6.513922e+000 -1.250341e+002 0.000000e+000
6.545940e+000 -1.250285e+002 0.000000e+000
6.577958e+000 -1.250228e+002 0.000000e+000
6.609976e+000 -1.250172e+002 0.000000e+000
6.641994e+000 -1.250115e+002 0.000000e+000
6.674012e+000 -1.250059e+002 0.000000e+000
6.706030e+000 -1.250002e+002 0.000000e+000
6.738048e+000 -1.249946e+002 0.000000e+000
6.770066e+000 -1.249889e+002 0.000000e+000
6.802084e+000 -1.249833e+002 0.000000e+000
6.834102e+000 -1.249776e+002 0.000000e+000
6.866120e+000 -1.249720e+002 0.000000e+000
6.898138e+000 -1.249663e+002 0.000000e+000
6.930156e+000 -1.249607e+002 0.000000e+000
6.962174e+000 -1.249550e+002 0.000000e+000
6.994192e+000 -1.249494e+002 0.000000e+000
7.026210e+000 -1.249437e+002 0.000000e+000
7.058228e+000 -1.249381e+002 0.000000e+000
7.090245e+000 -1.249324e+002 0.000000e+000
7.122263e+000 -1.249268e+002 0.000000e+000
7.154281e+000 -1.249211e+002 0.000000e+000
7.186299e+000 -1.249155e+002 0.000000e+000
7.218317e+000 -1.249098e+002 0.000000e+000
7.250335e+000 -1.249042e+002 0.000000e+000
7.282353e+000 -1.248985e+002 0.000000e+000
7.314371e+000 -1.248929e+002 0.000000e+000
7.346389e+000 -1.248872e+002 0.000000e+000
7.378407e+000 -1.248816e+002 0.000000e+000
7.410425e+000 -1.248759e+002 0.000000e+000
7.442443e+000 -1.248703e+002 0.000000e+000
7.474461e+000 -1.248646e+002 0.000000e+000
7.506479e+000 -1.248590e+002 0.000000e+000
7.538497e+000 -1.248533e+002 0.000000e+000
7.570515e+000 -1.248477e+002 0.000000e+000
7.602533e+000 -1.248420e+002 0.000000e+000
7.634551e+000 -1.248364e+002 0.000000e+000
7.666569e+000 -1.248307e+002 0.000000e+000
7.698587e+000 -1.248251e+002 0.000000e+000
7.730605e+000 -1.248194e+002 0.000000e+000
7.762623e+000 -1.248138e+002 0.000000e+000
7.794640e+000 -1.248081e+002 0.000000e+000
7.826658e+000 -1.248025e+002 0.000000e+000
7.858676e+000 -1.247968e+002 0.000000e+000
7.890694e+000 -1.247912e+002 0.000000e+000
7.922712e+000 -1.247855e+002 0.000000e+000
7.954730e+000 -1.247799e+002 0.000000e+000
7.986748e+000 -1.247742e+002 0.000000e+000
8.018766e+000 -1.247686e+002 0.000000e+000
8.050784e+000 -1.247630e+002 0.000000e+000
8.082802e+000 -1.247573e+002 0.000000e+000
8.114820e+000 -1.247517e+002 0.000000e+000
8.146838e+000 -1.247460e+002 0.000000e+000
8.178856e+000 -1.247404e+002 0.000000e+000
8.210874e+000 -1.247347e+002 0.000000e+000
8.242892e+000 -1.247291e+002 0.000000e+000
8.274910e+000 -1.247234e+002 0.000000e+000
8.306928e+000 -1.247178e+002 0.000000e+000
8.338946e+000 -1.247121e+002 0.000000e+000
8.370964e+000 -1.247065e+002 0.000000e+000
8.402982e+000 -1.247008e+002 0.000000e+000
8.435000e+000 -1.246952e+002 0.000000e+000
8.467018e+000 -1.246895e+002 0.000000e+000
8.499035e+000 -1.246839e+002 0.000000e+000
8.531053e+000 -1.246782e+002 0.000000e+000
8.563071e+000 -1.246726e+002 0.000000e+000
8.595089e+000 -1.246669e+002 0.000000e+000
8.627107e+000 -1.246613e+002 0.000000e+000
8.659125e+000 -1.246556e+002 0.000000e+000
8.691143e+000 -1.246500e+002 0.000000e+000
8.723161e+000 -1.246443e+002 0.000000e+000
8.755179e+000 -1.246387e+002 0.000000e+000
8.787197e+000 -1.246330e+002 0.000000e+000
8.819215e+000 -1.246274e+002 0.000000e+000
8.851233e+000 -1.246217e+002 0.000000e+000
8.883251e+000 -1.246161e+002 0.000000e+000
8.915269e+000 -1.246104e+002 0.000000e+000
8.947287e+000 -1.246048e+002 0.000000e+000
8.979305e+000 -1.245991e+002 0.000000e+000
9.011323e+000 -1.245935e+002 0.000000e+000
9.043341e+000 -1.245878e+002 0.000000e+000
9.075359e+000 -1.245822e+002 0.000000e+000
9.107377e+000 -1.245765e+002 0.000000e+000
9.139395e+000 -1.245709e+002 0.000000e+000
9.171413e+000 -1.245652e+002 0.000000e+000
9.203431e+000 -1.245596e+002 0.000000e+000
9.235448e+000 -1.245539e+002 0.000000e+000
9.267466e+000 -1.245483e+002 0.000000e+000
9.299484e+000 -1.245426e+002 0.000000e+000
9.331502e+000 -1.245370e+002 0.000000e+000
9.363520e+000 -1.245313e+002 0.000000e+000
9.395538e+000 -1.245257e+002 0.000000e+000
9.427556e+000 -1.245200e+002 0.000000e+000
9.459574e+000 -1.245144e+002 0.000000e+000
9.491592e+000 -1.245087e+002 0.000000e+000
9.523610e+000 -1.245031e+002 0.000000e+000
9.555628e+000 -1.244974e+002 0.000000e+000
9.587646e+000 -1.244918e+002 0.000000e+000
9.619288e+000 -1.244839e+002 0.000000e+000
9.650931e+000 -1.244760e+002 0.000000e+000
9.682573e+000 -1.244681e+002 0.000000e+000
9.714216e+000 -1.244602e+002 0.000000e+000
9.745858e+000 -1.244523e+002 0.000000e+000
9.777501e+000 -1.244444e+002 0.000000e+000
9.809143e+000 -1.244365e+002 0.000000e+000
9.840786e+000 -1.244286e+002 0.000000e+000
9.872428e+000 -1.244207e+002 0.000000e+000
9.904071e+000 -1.244128e+002 0.000000e+000
9.935713e+000 -1.244049e+002 0.000000e+000
9.967356e+000 -1.243970e+002 0.000000e+000
9.998998e+000 -1.243891e+002 0.000000e+000
1.003064e+001 -1.243812e+002 0.000000e+000
1.006228e+001 -1.243733e+002 0.000000e+000
1.009393e+001 -1.243654e+002 0.000000e+000
1.012557e+001 -1.243575e+002 0.000000e+000
1.015721e+001 -1.243496e+002 0.000000e+000
1.018885e+001 -1.243417e+002 0.000000e+000
1.022050e+001 -1.243338e+002 0.000000e+000
1.025214e+001 -1.243259e+002 0.000000e+000
1.028378e+001 -1.243180e+002 0.000000e+000
1.031542e+001 -1.243101e+002 0.000000e+000
1.034707e+001 -1.243022e+002 0.000000e+000
1.037871e+001 -1.242943e+002 0.000000e+000
1.041035e+001 -1.242864e+002 0.000000e+000
1.044199e+001 -1.242785e+002 0.000000e+000
1.047364e+001 -1.242706e+002 0.000000e+000
1.050528e+001 -1.242627e+002 0.000000e+000
1.053692e+001 -1.242548e+002 0.000000e+000
1.056856e+001 -1.242469e+002 0.000000e+000
1.060021e+001 -1.242390e+002 0.000000e+000
1.063185e+001 -1.242311e+002 0.000000e+000
1.066349e+001 -1.242232e+002 0.000000e+000
1.069513e+001 -1.242153e+002 0.000000e+000
1.072678e+001 -1.242074e+002 0.000000e+000
1.075842e+001 -1.241995e+002 0.000000e+000
1.079006e+001 -1.241916e+002 0.000000e+000
1.082170e+001 -1.241837e+002 0.000000e+000
1.085335e+001 -1.241758e+002 0.000000e+000
1.088499e+001 -1.241679e+002 0.000000e+000
1.091663e+001 -1.241600e+002 0.000000e+000
1.094827e+001 -1.241521e+002 0.000000e+000
1.097992e+001 -1.241442e+002 0.000000e+000
1.101156e+001 -1.241363e+002 0.000000e+000
1.104320e+001 -1.241284e+002 0.000000e+000
1.107484e+001 -1.241205e+002 0.000000e+000
1.110649e+001 -1.241126e+002 0.000000e+000
1.113813e+001 -1.241047e+002 0.000000e+000
1.116977e+001 -1.240968e+002 0.000000e+000
1.120141e+001 -1.240890e+002 0.000000e+000
1.123306e+001 -1.240811e+002 0.000000e+000
1.126470e+001 -1.240732e+002 0.000000e+000
1.129634e+001 -1.240653e+002 0.000000e+000
1.132798e+001 -1.240574e+002 0.000000e+000
1.135963e+001 -1.240495e+002 0.000000e+000
1.139127e+001 -1.240416e+002 0.000000e+000
1.142291e+001 -1.240337e+002 0.000000e+000
1.145455e+001 -1.240258e+002 0.000000e+000
1.148620e+001 -1.240179e+002 0.000000e+000
1.151784e+001 -1.240100e+002 0.000000e+000
1.154948e+001 -1.240021e+002 0.000000e+000
1.158112e+001 -1.239942e+002 0.000000e+000
1.161277e+001 -1.239863e+002 0.000000e+000
1.164441e+001 -1.239784e+002 0.000000e+000
1.167605e+001 -1.239705e+002 0.000000e+000
1.170769e+001 -1.239626e+002 0.000000e+000
1.173934e+001 -1.239547e+002 0.000000e+000
1.177098e+001 -1.239468e+002 0.000000e+000
1.180262e+001 -1.239389e+002 0.000000e+000
1.183426e+001 -1.239310e+002 0.000000e+000
1.186591e+001 -1.239231e+002 0.000000e+000
1.189755e+001 -1.239152e+002 0.000000e+000
1.192919e+001 -1.239073e+002 0.000000e+000
1.196083e+001 -1.238994e+002 0.000000e+000
1.199248e+001 -1.238915e+002 0.000000e+000
1.202412e+001 -1.238836e+002 0.000000e+000
1.205576e+001 -1.238757e+002 0.000000e+000
1.208740e+001 -1.238678e+002 0.000000e+000
1.211905e+001 -1.238599e+002 0.000000e+000
1.215069e+001 -1.238520e+002 0.000000e+000
1.218233e+001 -1.238441e+002 0.000000e+000
1.221397e+001 -1.238362e+002 0.000000e+000
1.224562e+001 -1.238283e+002 0.000000e+000
1.227726e+001 -1.238204e+002 0.000000e+000
1.230890e+001 -1.238125e+002 0.000000e+000
1.234054e+001 -1.238046e+002 0.000000e+000
1.237219e+001 -1.237967e+002 0.000000e+000
1.240383e+001 -1.237888e+002 0.000000e+000
1.243547e+001 -1.237809e+002 0.000000e+000
1.246711e+001 -1.237730e+002 0.000000e+000
1.249876e+001 -1.237651e+002 0.000000e+000
1.253040e+001 -1.237572e+002 0.000000e+000
1.256204e+001 -1.237493e+002 0.000000e+000
1.259368e+001 -1.237414e+002 0.000000e+000
1.262533e+001 -1.237335e+002 0.000000e+000
1.265697e+001 -1.237256e+002 0.000000e+000
1.268861e+001 -1.237177e+002 0.000000e+000
1.272025e+001 -1.237098e+002 0.000000e+000
1.275117e+001 -1.236998e+002 0.000000e+000
1.278209e+001 -1.236897e+002 0.000000e+000
1.281300e+001 -1.236796e+002 0.000000e+000
1.284392e+001 -1.236696e+002 0.000000e+000
1.287484e+001 -1.236595e+002 0.000000e+000
1.290575e+001 -1.236494e+002 0.000000e+000
1.293667e+001 -1.236394e+002 0.000000e+000
1.296759e+001 -1.236293e+002 0.000000e+000
1.299850e+001 -1.236193e+002 0.000000e+000
1.302942e+001 -1.236092e+002 0.000000e+000
1.306034e+001 -1.235991e+002 0.000000e+000
1.309125e+001 -1.235891e+002 0.000000e+000
1.312217e+001 -1.235790e+002 0.000000e+000
1.315309e+001 -1.235690e+002 0.000000e+000
1.318401e+001 -1.235589e+002 0.000000e+000
1.321492e+001 -1.235488e+002 0.000000e+000
1.324584e+001 -1.235388e+002 0.000000e+000
1.327676e+001 -1.235287e+002 0.000000e+000
1.330767e+001 -1.235187e+002 0.000000e+000
1.333859e+001 -1.235086e+002 0.000000e+000
1.336951e+001 -1.234985e+002 0.000000e+000
1.340042e+001 -1.234885e+002 0.000000e+000
1.343134e+001 -1.234784e+002 0.000000e+000
1.346226e+001 -1.234684e+002 0.000000e+000
1.349317e+001 -1.234583e+002 0.000000e+000
1.352409e+001 -1.234482e+002 0.000000e+000
1.355501e+001 -1.234382e+002 0.000000e+000
1.358592e+001 -1.234281e+002 0.000000e+000
1.361684e+001 -1.234181e+002 0.000000e+000
1.364776e+001 -1.234080e+002 0.000000e+000
1.367867e+001 -1.233979e+002 0.000000e+000
1.370959e+001 -1.233879e+002 0.000000e+000
1.374051e+001 -1.233778e+002 0.000000e+000
1.377142e+001 -1.233678e+002 0.000000e+000
1.380234e+001 -1.233577e+002 0.000000e+000
1.383326e+001 -1.233476e+002 0.000000e+000
1.386417e+001 -1.233376e+002 0.000000e+000
1.389509e+001 -1.233275e+002 0.000000e+000
1.392601e+001 -1.233174e+002 0.000000e+000
1.395692e+001 -1.233074e+002 0.000000e+000
1.398784e+001 -1.232973e+002 0.000000e+000
1.401876e+001 -1.232873e+002 0.000000e+000
1.404967e+001 -1.232772e+002 0.000000e+000
1.408059e+001 -1.232671e+002 0.000000e+000
1.411151e+001 -1.232571e+002 0.000000e+000
1.414243e+001 -1.232470e+002 0.000000e+000
1.417334e+001 -1.232370e+002 0.000000e+000
1.420426e+001 -1.232269e+002 0.000000e+000
1.423518e+001 -1.232168e+002 0.000000e+000
1.426609e+001 -1.232068e+002 0.000000e+000
1.429701e+001 -1.231967e+002 0.000000e+000
1.432793e+001 -1.231867e+002 0.000000e+000
1.435884e+001 -1.231766e+002 0.000000e+000
1.438976e+001 -1.231665e+002 0.000000e+000
1.442068e+001 -1.231565e+002 0.000000e+000
1.445159e+001 -1.231464e+002 0.000000e+000
1.448251e+001 -1.231364e+002 0.000000e+000
1.451343e+001 -1.231263e+002 0.000000e+000
1.454434e+001 -1.231162e+002 0.000000e+000
1.457526e+001 -1.231062e+002 0.000000e+000
1.460618e+001 -1.230961e+002 0.000000e+000
1.463709e+001 -1.230861e+002 0.000000e+000
1.466801e+001 -1.230760e+002 0.000000e+000
1.469893e+001 -1.230659e+002 0.000000e+000
1.472984e+001 -1.230559e+002 0.000000e+000
1.476076e+001 -1.230458e+002 0.000000e+000
1.479168e+001 -1.230357e+002 0.000000e+000
1.482259e+001 -1.230257e+002 0.000000e+000
1.485351e+001 -1.230156e+002 0.000000e+000
1.488443e+001 -1.230056e+002 0.000000e+000
1.491534e+001 -1.229955e+002 0.000000e+000
1.494626e+001 -1.229854e+002 0.000000e+000
1.497718e+001 -1.229754e+002 0.000000e+000
1.500809e+001 -1.229653e+002 0.000000e+000
1.503901e+001 -1.229553e+002 0.000000e+000
1.506993e+001 -1.229452e+002 0.000000e+000
1.510085e+001 -1.229351e+002 0.000000e+000
1.513176e+001 -1.229251e+002 0.000000e+000
1.516268e+001 -1.229150e+002 0.000000e+000
1.519360e+001 -1.229050e+002 0.000000e+000
1.522451e+001 -1.228949e+002 0.000000e+000
1.525543e+001 -1.228848e+002 0.000000e+000
1.528635e+001 -1.228748e+002 0.000000e+000
1.531726e+001 -1.228647e+002 0.000000e+000
1.534818e+001 -1.228547e+002 0.000000e+000
1.537910e+001 -1.228446e+002 0.000000e+000
1.541001e+001 -1.228345e+002 0.000000e+000
1.544093e+001 -1.228245e+002 0.000000e+000
1.547185e+001 -1.228144e+002 0.000000e+000
1.550276e+001 -1.228044e+002 0.000000e+000
1.553368e+001 -1.227943e+002 0.000000e+000
1.556460e+001 -1.227842e+002 0.000000e+000
1.559551e+001 -1.227742e+002 0.000000e+000
1.562643e+001 -1.227641e+002 0.000000e+000
1.565735e+001 -1.227541e+002 0.000000e+000
1.568826e+001 -1.227440e+002 0.000000e+000
1.571918e+001 -1.227339e+002 0.000000e+000
1.575010e+001 -1.227239e+002 0.000000e+000
1.578101e+001 -1.227138e+002 0.000000e+000
1.581115e+001 -1.227016e+002 0.000000e+000
1.584129e+001 -1.226894e+002 0.000000e+000
1.587143e+001 -1.226772e+002 0.000000e+000
1.590157e+001 -1.226650e+002 0.000000e+000
1.593171e+001 -1.226528e+002 0.000000e+000
1.596185e+001 -1.226406e+002 0.000000e+000
1.599199e+001 -1.226284e+002 0.000000e+000
1.602213e+001 -1.226163e+002 0.000000e+000
1.605226e+001 -1.226041e+002 0.000000e+000
1.608240e+001 -1.225919e+002 0.000000e+000
1.611254e+001 -1.225797e+002 0.000000e+000
1.614268e+001 -1.225675e+002 0.000000e+000
1.617282e+001 -1.225553e+002 0.000000e+000
1.620296e+001 -1.225431e+002 0.000000e+000
1.623310e+001 -1.225309e+002 0.000000e+000
1.626324e+001 -1.225187e+002 0.000000e+000
1.629338e+001 -1.225065e+002 0.000000e+000
1.632352e+001 -1.224943e+002 0.000000e+000
1.635365e+001 -1.224821e+002 0.000000e+000
1.638379e+001 -1.224699e+002 0.000000e+000
1.641393e+001 -1.224577e+002 0.000000e+000
1.644407e+001 -1.224455e+002 0.000000e+000
1.647421e+001 -1.224333e+002 0.000000e+000
1.650435e+001 -1.224211e+002 0.000000e+000
1.653449e+001 -1.224089e+002 0.000000e+000
1.656463e+001 -1.223967e+002 0.000000e+000
1.659477e+001 -1.223846e+002 0.000000e+000
1.662491e+001 -1.223724e+002 0.000000e+000
1.665504e+001 -1.223602e+002 0.000000e+000
1.668518e+001 -1.223480e+002 0.000000e+000
1.671532e+001 -1.223358e+002 0.000000e+000
1.674546e+001 -1.223236e+002 0.000000e+000
1.677560e+001 -1.223114e+002 0.000000e+000
1.680574e+001 -1.222992e+002 0.000000e+000
1.683588e+001 -1.222870e+002 0.000000e+000
1.686602e+001 -1.222748e+002 0.000000e+000
1.689616e+001 -1.222626e+002 0.000000e+000
1.692629e+001 -1.222504e+002 0.000000e+000
1.695643e+001 -1.222382e+002 0.000000e+000
1.698657e+001 -1.222260e+002 0.000000e+000
1.701671e+001 -1.222138e+002 0.000000e+000
1.704685e+001 -1.222016e+002 0.000000e+000
1.707699e+001 -1.221894e+002 0.000000e+000
1.710713e+001 -1.221772e+002 0.000000e+000
1.713727e+001 -1.221651e+002 0.000000e+000
1.716741e+001 -1.221529e+002 0.000000e+000
1.719755e+001 -1.221407e+002 0.000000e+000
1.722768e+001 -1.221285e+002 0.000000e+000
1.725782e+001 -1.221163e+002 0.000000e+000
1.728796e+001 -1.221041e+002 0.000000e+000
1.731810e+001 -1.220919e+002 0.000000e+000
1.734824e+001 -1.220797e+002 0.000000e+000
1.737838e+001 -1.220675e+002 0.000000e+000
1.740852e+001 -1.220553e+002 0.000000e+000
1.743866e+001 -1.220431e+002 0.000000e+000
1.746880e+001 -1.220309e+002 0.000000e+000
1.749894e+001 -1.220187e+002 0.000000e+000
1.752907e+001 -1.220065e+002 0.000000e+000
1.755921e+001 -1.219943e+002 0.000000e+000
1.758935e+001 -1.219821e+002 0.000000e+000
1.761949e+001 -1.219699e+002 0.000000e+000
1.764963e+001 -1.219577e+002 0.000000e+000
1.767977e+001 -1.219456e+002 0.000000e+000
1.770991e+001 -1.219334e+002 0.000000e+000
1.774005e+001 -1.219212e+002 0.000000e+000
1.777019e+001 -1.219090e+002 0.000000e+000
1.780032e+001 -1.218968e+002 0.000000e+000
1.783046e+001 -1.218846e+002 0.000000e+000
1.786060e+001 -1.218724e+002 0.000000e+000
1.789074e+001 -1.218602e+002 0.000000e+000
1.792088e+001 -1.218480e+002 0.000000e+000
1.795102e+001 -1.218358e+002 0.000000e+000
1.798116e+001 -1.218236e+002 0.000000e+000
1.801130e+001 -1.218114e+002 0.000000e+000
1.804144e+001 -1.217992e+002 0.000000e+000
1.807158e+001 -1.217870e+002 0.000000e+000
1.810171e+001 -1.217748e+002 0.000000e+000
1.813185e+001 -1.217626e+002 0.000000e+000
1.816199e+001 -1.217504e+002 0.000000e+000
1.819213e+001 -1.217382e+002 0.000000e+000
1.822227e+001 -1.217260e+002 0.000000e+000
1.825241e+001 -1.217139e+002 0.000000e+000
1.828255e+001 -1.217017e+002 0.000000e+000
1.831269e+001 -1.216895e+002 0.000000e+000
1.834283e+001 -1.216773e+002 0.000000e+000
1.837297e+001 -1.216651e+002 0.000000e+000
1.840310e+001 -1.216529e+002 0.000000e+000
1.843324e+001 -1.216407e+002 0.000000e+000
1.846338e+001 -1.216285e+002 0.000000e+000
1.849352e+001 -1.216163e+002 0.000000e+000
1.852366e+001 -1.216041e+002 0.000000e+000
1.855380e+001 -1.215919e+002 0.000000e+000
1.858394e+001 -1.215797e+002 0.000000e+000
1.861408e+001 -1.215675e+002 0.000000e+000
1.864422e+001 -1.215553e+002 0.000000e+000
1.867435e+001 -1.215431e+002 0.000000e+000
1.870449e+001 -1.215309e+002 0.000000e+000
1.873463e+001 -1.215187e+002 0.000000e+000
1.876477e+001 -1.215065e+002 0.000000e+000
1.879399e+001 -1.214923e+002 0.000000e+000
1.882320e+001 -1.214780e+002 0.000000e+000
1.885241e+001 -1.214637e+002 0.000000e+000
1.888163e+001 -1.214495e+002 0.000000e+000
1.891084e+001 -1.214352e+002 0.000000e+000
1.894006e+001 -1.214209e+002 0.000000e+000
1.896927e+001 -1.214067e+002 0.000000e+000
1.899848e+001 -1.213924e+002 0.000000e+000
1.902770e+001 -1.213781e+002 0.000000e+000
1.905691e+001 -1.213639e+002 0.000000e+000
1.908613e+001 -1.213496e+002 0.000000e+000
1.911534e+001 -1.213353e+002 0.000000e+000
1.914455e+001 -1.213211e+002 0.000000e+000
1.917377e+001 -1.213068e+002 0.000000e+000
1.920298e+001 -1.212925e+002 0.000000e+000
1.923220e+001 -1.212782e+002 0.000000e+000
1.926141e+001 -1.212640e+002 0.000000e+000
1.929062e+001 -1.212497e+002 0.000000e+000
1.931984e+001 -1.212354e+002 0.000000e+000
1.934905e+001 -1.212212e+002 0.000000e+000
1.937827e+001 -1.212069e+002 0.000000e+000
1.940748e+001 -1.211926e+002 0.000000e+000
1.943670e+001 -1.211784e+002 0.000000e+000
1.946591e+001 -1.211641e+002 0.000000e+000
1.949512e+001 -1.211498e+002 0.000000e+000
1.952434e+001 -1.211356e+002 0.000000e+000
1.955355e+001 -1.211213e+002 0.000000e+000
1.958277e+001 -1.211070e+002 0.000000e+000
1.961198e+001 -1.210927e+002 0.000000e+000
1.964119e+001 -1.210785e+002 0.000000e+000
1.967041e+001 -1.210642e+002 0.000000e+000
1.969962e+001 -1.210499e+002 0.000000e+000
1.972884e+001 -1.210357e+002 0.000000e+000
1.975805e+001 -1.210214e+002 0.000000e+000
1.978726e+001 -1.210071e+002 0.000000e+000
1.981648e+001 -1.209929e+002 0.000000e+000
1.984569e+001 -1.209786e+002 0.000000e+000
1.987491e+001 -1.209643e+002 0.000000e+000
1.990412e+001 -1.209501e+002 0.000000e+000
1.993333e+001 -1.209358e+002 0.000000e+000
1.996255e+001 -1.209215e+002 0.000000e+000
1.999176e+001 -1.209073e+002 0.000000e+000
2.002098e+001 -1.208930e+002 0.000000e+000
2.005019e+001 -1.208787e+002 0.000000e+000
2.007940e+001 -1.208644e+002 0.000000e+000
2.010862e+001 -1.208502e+002 0.000000e+000
2.013783e+001 -1.208359e+002 0.000000e+000
2.016705e+001 -1.208216e+002 0.000000e+000
2.019626e+001 -1.208074e+002 0.000000e+000
2.022547e+001 -1.207931e+002 0.000000e+000
2.025469e+001 -1.207788e+002 0.000000e+000
2.028390e+001 -1.207646e+002 0.000000e+000
2.031312e+001 -1.207503e+002 0.000000e+000
2.034233e+001 -1.207360e+002 0.000000e+000
2.037155e+001 -1.207218e+002 0.000000e+000
2.040076e+001 -1.207075e+002 0.000000e+000
2.042997e+001 -1.206932e+002 0.000000e+000
2.045919e+001 -1.206790e+002 0.000000e+000
2.048840e+001 -1.206647e+002 0.000000e+000
2.051762e+001 -1.206504e+002 0.000000e+000
2.054683e+001 -1.206361e+002 0.000000e+000
2.057604e+001 -1.206219e+002 0.000000e+000
2.060526e+001 -1.206076e+002 0.000000e+000
2.063447e+001 -1.205933e+002 0.000000e+000
2.066369e+001 -1.205791e+002 0.000000e+000
2.069290e+001 -1.205648e+002 0.000000e+000
2.072211e+001 -1.205505e+002 0.000000e+000
2.075133e+001 -1.205363e+002 0.000000e+000
2.078054e+001 -1.205220e+002 0.000000e+000
2.080976e+001 -1.205077e+002 0.000000e+000
2.083897e+001 -1.204935e+002 0.000000e+000
2.086818e+001 -1.204792e+002 0.000000e+000
2.089740e+001 -1.204649e+002 0.000000e+000
2.092661e+001 -1.204506e+002 0.000000e+000
2.095583e+001 -1.204364e+002 0.000000e+000
2.098504e+001 -1.204221e+002 0.000000e+000
2.101425e+001 -1.204078e+002 0.000000e+000
2.104347e+001 -1.203936e+002 0.000000e+000
2.107268e+001 -1.203793e+002 0.000000e+000
2.110190e+001 -1.203650e+002 0.000000e+000
2.113111e+001 -1.203508e+002 0.000000e+000
2.116033e+001 -1.203365e+002 0.000000e+000
2.118954e+001 -1.203222e+002 0.000000e+000
2.121875e+001 -1.203080e+002 0.000000e+000
2.124797e+001 -1.202937e+002 0.000000e+000
2.127718e+001 -1.202794e+002 0.000000e+000
2.130640e+001 -1.202652e+002 0.000000e+000
2.133561e+001 -1.202509e+002 0.000000e+000
2.136482e+001 -1.202366e+002 0.000000e+000
2.139404e+001 -1.202223e+002 0.000000e+000
2.142325e+001 -1.202081e+002 0.000000e+000
2.145247e+001 -1.201938e+002 0.000000e+000
2.148168e+001 -1.201795e+002 0.000000e+000
2.151089e+001 -1.201653e+002 0.000000e+000
2.154011e+001 -1.201510e+002 0.000000e+000
2.156932e+001 -1.201367e+002 0.000000e+000
2.159854e+001 -1.201225e+002 0.000000e+000
2.162775e+001 -1.201082e+002 0.000000e+000
2.165696e+001 -1.200939e+002 0.000000e+000
2.168511e+001 -1.200777e+002 0.000000e+000
2.171326e+001 -1.200614e+002 0.000000e+000
2.174140e+001 -1.200451e+002 0.000000e+000
2.176955e+001 -1.200288e+002 0.000000e+000
2.179770e+001 -1.200126e+002 0.000000e+000
2.182584e+001 -1.199963e+002 0.000000e+000
2.185399e+001 -1.199800e+002 0.000000e+000
2.188214e+001 -1.199637e+002 0.000000e+000
2.191028e+001 -1.199475e+002 0.000000e+000
2.193843e+001 -1.199312e+002 0.000000e+000
2.196658e+001 -1.199149e+002 0.000000e+000
2.199472e+001 -1.198986e+002 0.000000e+000
2.202287e+001 -1.198824e+002 0.000000e+000
2.205102e+001 -1.198661e+002 0.000000e+000
2.207916e+001 -1.198498e+002 0.000000e+000
2.210731e+001 -1.198335e+002 0.000000e+000
2.213546e+001 -1.198173e+002 0.000000e+000
2.216360e+001 -1.198010e+002 0.000000e+000
2.219175e+001 -1.197847e+002 0.000000e+000
2.221990e+001 -1.197685e+002 0.000000e+000
2.224804e+001 -1.197522e+002 0.000000e+000
2.227619e+001 -1.197359e+002 0.000000e+000
2.230434e+001 -1.197196e+002 0.000000e+000
2.233248e+001 -1.197034e+002 0.000000e+000
2.236063e+001 -1.196871e+002 0.000000e+000
2.238878e+001 -1.196708e+002 0.000000e+000
2.241692e+001 -1.196545e+002 0.000000e+000
2.244507e+001 -1.196383e+002 0.000000e+000
2.247322e+001 -1.196220e+002 0.000000e+000
2.250136e+001 -1.196057e+002 0.000000e+000
2.252951e+001 -1.195894e+002 0.000000e+000
2.255766e+001 -1.195732e+002 0.000000e+000
2.258580e+001 -1.195569e+002 0.000000e+000
2.261395e+001 -1.195406e+002 0.000000e+000
2.264210e+001 -1.195243e+002 0.000000e+000
2.267024e+001 -1.195081e+002 0.000000e+000
2.269839e+001 -1.194918e+002 0.000000e+000
2.272654e+001 -1.194755e+002 0.000000e+000
2.275468e+001 -1.194593e+002 0.000000e+000
2.278283e+001 -1.194430e+002 0.000000e+000
2.281098e+001 -1.194267e+002 0.000000e+000
2.283912e+001 -1.194104e+002 0.000000e+000
2.286727e+001 -1.193942e+002 0.000000e+000
2.289541e+001 -1.193779e+002 0.000000e+000
2.292356e+001 -1.193616e+002 0.000000e+000
2.295171e+001 -1.193453e+002 0.000000e+000
2.297985e+001 -1.193291e+002 0.000000e+000
2.300800e+001 -1.193128e+002 0.000000e+000
2.303615e+001 -1.192965e+002 0.000000e+000
2.306429e+001 -1.192802e+002 0.000000e+000
2.309244e+001 -1.192640e+002 0.000000e+000
2.312059e+001 -1.192477e+002 0.000000e+000
2.314873e+001 -1.192314e+002 0.000000e+000
2.317688e+001 -1.192151e+002 0.000000e+000
2.320503e+001 -1.191989e+002 0.000000e+000
2.323317e+001 -1.191826e+002 0.000000e+000
2.326132e+001 -1.191663e+002 0.000000e+000
2.328947e+001 -1.191501e+002 0.000000e+000
2.331761e+001 -1.191338e+002 0.000000e+000
2.334576e+001 -1.191175e+002 0.000000e+000
2.337391e+001 -1.191012e+002 0.000000e+000
2.340205e+001 -1.190850e+002 0.000000e+000
2.343020e+001 -1.190687e+002 0.000000e+000
2.345835e+001 -1.190524e+002 0.000000e+000
2.348649e+001 -1.190361e+002 0.000000e+000
2.351464e+001 -1.190199e+002 0.000000e+000
2.354279e+001 -1.190036e+002 0.000000e+000
2.357093e+001 -1.189873e+002 0.000000e+000
2.359908e+001 -1.189710e+002 0.000000e+000
2.362723e+001 -1.189548e+002 0.000000e+000
2.365537e+001 -1.189385e+002 0.000000e+000
2.368352e+001 -1.189222e+002 0.000000e+000
2.371167e+001 -1.189059e+002 0.000000e+000
2.373981e+001 -1.188897e+002 0.000000e+000
2.376796e+001 -1.188734e+002 0.000000e+000
2.379611e+001 -1.188571e+002 0.000000e+000
2.382425e+001 -1.188409e+002 0.000000e+000
2.385240e+001 -1.188246e+002 0.000000e+000
2.388055e+001 -1.188083e+002 0.000000e+000
2.390869e+001 -1.187920e+002 0.000000e+000
2.393684e+001 -1.187758e+002 0.000000e+000
2.396499e+001 -1.187595e+002 0.000000e+000
2.399313e+001 -1.187432e+002 0.000000e+000
2.402128e+001 -1.187269e+002 0.000000e+000
2.404943e+001 -1.187107e+002 0.000000e+000
2.407757e+001 -1.186944e+002 0.000000e+000
2.410572e+001 -1.186781e+002 0.000000e+000
2.413387e+001 -1.186618e+002 0.000000e+000
2.416201e+001 -1.186456e+002 0.000000e+000
2.419016e+001 -1.186293e+002 0.000000e+000
2.421831e+001 -1.186130e+002 0.000000e+000
2.424645e+001 -1.185967e+002 0.000000e+000
2.427460e+001 -1.185805e+002 0.000000e+000
2.430275e+001 -1.185642e+002 0.000000e+000
2.433089e+001 -1.185479e+002 0.000000e+000
2.435904e+001 -1.185317e+002 0.000000e+000
2.438719e+001 -1.185154e+002 0.000000e+000
2.441533e+001 -1.184991e+002 0.000000e+000
2.444348e+001 -1.184828e+002 0.000000e+000
2.447042e+001 -1.184646e+002 0.000000e+000
2.449736e+001 -1.184464e+002 0.000000e+000
2.452430e+001 -1.184282e+002 0.000000e+000
2.455125e+001 -1.184100e+002 0.000000e+000
2.457819e+001 -1.183918e+002 0.000000e+000
2.460513e+001 -1.183736e+002 0.000000e+000
2.463207e+001 -1.183554e+002 0.000000e+000
2.465901e+001 -1.183372e+002 0.000000e+000
2.468595e+001 -1.183190e+002 0.000000e+000
2.471290e+001 -1.183008e+002 0.000000e+000
2.473984e+001 -1.182826e+002 0.000000e+000
2.476678e+001 -1.182644e+002 0.000000e+000
2.479372e+001 -1.182462e+002 0.000000e+000
2.482066e+001 -1.182280e+002 0.000000e+000
2.484761e+001 -1.182098e+002 0.000000e+000
2.487455e+001 -1.181916e+002 0.000000e+000
2.490149e+001 -1.181734e+002 0.000000e+000
2.492843e+001 -1.181552e+002 0.000000e+000
2.495537e+001 -1.181370e+002 0.000000e+000
2.498231e+001 -1.181189e+002 0.000000e+000
2.500926e+001 -1.181007e+002 0.000000e+000
2.503620e+001 -1.180825e+002 0.000000e+000
2.506314e+001 -1.180643e+002 0.000000e+000
2.509008e+001 -1.180461e+002 0.000000e+000
2.511702e+001 -1.180279e+002 0.000000e+000
2.514396e+001 -1.180097e+002 0.000000e+000
2.517091e+001 -1.179915e+002 0.000000e+000
2.519785e+001 -1.179733e+002 0.000000e+000
2.522479e+001 -1.179551e+002 0.000000e+000
2.525173e+001 -1.179369e+002 0.000000e+000
2.527867e+001 -1.179187e+002 0.000000e+000
2.530562e+001 -1.179005e+002 0.000000e+000
2.533256e+001 -1.178823e+002 0.000000e+000
2.535950e+001 -1.178641e+002 0.000000e+000
2.538644e+001 -1.178459e+002 0.000000e+000
2.541338e+001 -1.178277e+002 0.000000e+000
2.544032e+001 -1.178095e+002 0.000000e+000
2.546727e+001 -1.177913e+002 0.000000e+000
2.549421e+001 -1.177731e+002 0.000000e+000
2.552115e+001 -1.177549e+002 0.000000e+000
2.554809e+001 -1.177367e+002 0.000000e+000
2.557503e+001 -1.177185e+002 0.000000e+000
2.560198e+001 -1.177003e+002 0.000000e+000
2.562892e+001 -1.176821e+002 0.000000e+000
2.565586e+001 -1.176639e+002 0.000000e+000
2.568280e+001 -1.176457e+002 0.000000e+000
2.570974e+001 -1.176275e+002 0.000000e+000
2.573668e+001 -1.176093e+002 0.000000e+000
2.576363e+001 -1.175911e+002 0.000000e+000
2.579057e+001 -1.175729e+002 0.000000e+000
2.581751e+001 -1.175547e+002 0.000000e+000
2.584445e+001 -1.175365e+002 0.000000e+000
2.587139e+001 -1.175183e+002 0.000000e+000
2.589834e+001 -1.175001e+002 0.000000e+000
2.592528e+001 -1.174819e+002 0.000000e+000
2.595222e+001 -1.174637e+002 0.000000e+000
2.597916e+001 -1.174455e+002 0.000000e+000
2.600610e+001 -1.174273e+002 0.000000e+000
2.603304e+001 -1.174091e+002 0.000000e+000
2.605999e+001 -1.173909e+002 0.000000e+000
2.608693e+001 -1.173727e+002 0.000000e+000
2.611387e+001 -1.173545e+002 0.000000e+000
2.614081e+001 -1.173363e+002 0.000000e+000
2.616775e+001 -1.173181e+002 0.000000e+000
2.619469e+001 -1.172999e+002 0.000000e+000
2.622164e+001 -1.172817e+002 0.000000e+000
2.624858e+001 -1.172635e+002 0.000000e+000
2.627552e+001 -1.172453e+002 0.000000e+000
2.630246e+001 -1.172271e+002 0.000000e+000
2.632940e+001 -1.172089e+002 0.000000e+000
2.635635e+001 -1.171907e+002 0.000000e+000
2.638329e+001 -1.171725e+002 0.000000e+000
2.641023e+001 -1.171543e+002 0.000000e+000
2.643717e+001 -1.171361e+002 0.000000e+000
2.646411e+001 -1.171179e+002 0.000000e+000
2.649105e+001 -1.170997e+002 0.000000e+000
2.651800e+001 -1.170815e+002 0.000000e+000
2.654494e+001 -1.170633e+002 0.000000e+000
2.657188e+001 -1.170451e+002 0.000000e+000
2.659882e+001 -1.170269e+002 0.000000e+000
2.662576e+001 -1.170087e+002 0.000000e+000
2.665271e+001 -1.169905e+002 0.000000e+000
2.667965e+001 -1.169723e+002 0.000000e+000
2.670659e+001 -1.169541e+002 0.000000e+000
2.673353e+001 -1.169359e+002 0.000000e+000
2.676047e+001 -1.169177e+002 0.000000e+000
2.678741e+001 -1.168995e+002 0.000000e+000
2.681436e+001 -1.168813e+002 0.000000e+000
2.684130e+001 -1.168631e+002 0.000000e+000
2.686824e+001 -1.168449e+002 0.000000e+000
2.689518e+001 -1.168267e+002 0.000000e+000
2.692212e+001 -1.168085e+002 0.000000e+000
2.694906e+001 -1.167903e+002 0.000000e+000
2.697601e+001 -1.167721e+002 0.000000e+000
2.700295e+001 -1.167539e+002 0.000000e+000
2.702989e+001 -1.167357e+002 0.000000e+000
2.705683e+001 -1.167175e+002 0.000000e+000
2.708377e+001 -1.166993e+002 0.000000e+000
2.711072e+001 -1.166811e+002 0.000000e+000
2.713632e+001 -1.166611e+002 0.000000e+000
2.716193e+001 -1.166411e+002 0.000000e+000
2.718753e+001 -1.166210e+002 0.000000e+000
2.721314e+001 -1.166010e+002 0.000000e+000
2.723874e+001 -1.165810e+002 0.000000e+000
2.726435e+001 -1.165609e+002 0.000000e+000
2.728995e+001 -1.165409e+002 0.000000e+000
2.731556e+001 -1.165208e+002 0.000000e+000
2.734117e+001 -1.165008e+002 0.000000e+000
2.736677e+001 -1.164808e+002 0.000000e+000
2.739238e+001 -1.164607e+002 0.000000e+000
2.741798e+001 -1.164407e+002 0.000000e+000
2.744359e+001 -1.164207e+002 0.000000e+000
2.746919e+001 -1.164006e+002 0.000000e+000
2.749480e+001 -1.163806e+002 0.000000e+000
2.752040e+001 -1.163606e+002 0.000000e+000
2.754601e+001 -1.163405e+002 0.000000e+000
2.757161e+001 -1.163205e+002 0.000000e+000
2.759722e+001 -1.163005e+002 0.000000e+000
2.762283e+001 -1.162804e+002 0.000000e+000
2.764843e+001 -1.162604e+002 0.000000e+000
2.767404e+001 -1.162403e+002 0.000000e+000
2.769964e+001 -1.162203e+002 0.000000e+000
2.772525e+001 -1.162003e+002 0.000000e+000
2.775085e+001 -1.161802e+002 0.000000e+000
2.777646e+001 -1.161602e+002 0.000000e+000
2.780206e+001 -1.161402e+002 0.000000e+000
2.782767e+001 -1.161201e+002 0.000000e+000
2.785328e+001 -1.161001e+002 0.000000e+000
2.787888e+001 -1.160801e+002 0.000000e+000
2.790449e+001 -1.160600e+002 0.000000e+000
2.793009e+001 -1.160400e+002 0.000000e+000
2.795570e+001 -1.160200e+002 0.000000e+000
2.798130e+001 -1.159999e+002 0.000000e+000
2.800691e+001 -1.159799e+002 0.000000e+000
2.803251e+001 -1.159598e+002 0.000000e+000
2.805812e+001 -1.159398e+002 0.000000e+000
2.808372e+001 -1.159198e+002 0.000000e+000
2.810933e+001 -1.158997e+002 0.000000e+000
2.813494e+001 -1.158797e+002 0.000000e+000
2.816054e+001 -1.158597e+002 0.000000e+000
2.818615e+001 -1.158396e+002 0.000000e+000
2.821175e+001 -1.158196e+002 0.000000e+000
2.823736e+001 -1.157996e+002 0.000000e+000
2.826296e+001 -1.157795e+002 0.000000e+000
2.828857e+001 -1.157595e+002 0.000000e+000
2.831417e+001 -1.157395e+002 0.000000e+000
2.833978e+001 -1.157194e+002 0.000000e+000
2.836539e+001 -1.156994e+002 0.000000e+000
2.839099e+001 -1.156794e+002 0.000000e+000
2.841660e+001 -1.156593e+002 0.000000e+000
2.844220e+001 -1.156393e+002 0.000000e+000
2.846781e+001 -1.156192e+002 0.000000e+000
2.849341e+001 -1.155992e+002 0.000000e+000
2.851902e+001 -1.155792e+002 0.000000e+000
2.854462e+001 -1.155591e+002 0.000000e+000
2.857023e+001 -1.155391e+002 0.000000e+000
2.859583e+001 -1.155191e+002 0.000000e+000
2.862144e+001 -1.154990e+002 0.000000e+000
2.864705e+001 -1.154790e+002 0.000000e+000
2.867265e+001 -1.154590e+002 0.000000e+000
2.869826e+001 -1.154389e+002 0.000000e+000
2.872386e+001 -1.154189e+002 0.000000e+000
2.874947e+001 -1.153989e+002 0.000000e+000
2.877507e+001 -1.153788e+002 0.000000e+000
2.880068e+001 -1.153588e+002 0.000000e+000
2.882628e+001 -1.153387e+002 0.000000e+000
2.885189e+001 -1.153187e+002 0.000000e+000
2.887750e+001 -1.152987e+002 0.000000e+000
2.890310e+001 -1.152786e+002 0.000000e+000
2.892871e+001 -1.152586e+002 0.000000e+000
2.895431e+001 -1.152386e+002 0.000000e+000
2.897992e+001 -1.152185e+002 0.000000e+000
2.900552e+001 -1.151985e+002 0.000000e+000
2.903113e+001 -1.151785e+002 0.000000e+000
2.905673e+001 -1.151584e+002 0.000000e+000
2.908234e+001 -1.151384e+002 0.000000e+000
2.910794e+001 -1.151184e+002 0.000000e+000
2.913355e+001 -1.150983e+002 0.000000e+000
2.915916e+001 -1.150783e+002 0.000000e+000
2.918476e+001 -1.150583e+002 0.000000e+000
2.921037e+001 -1.150382e+002 0.000000e+000
2.923597e+001 -1.150182e+002 0.000000e+000
2.926158e+001 -1.149981e+002 0.000000e+000
2.928718e+001 -1.149781e+002 0.000000e+000
2.931279e+001 -1.149581e+002 0.000000e+000
2.933839e+001 -1.149380e+002 0.000000e+000
2.936400e+001 -1.149180e+002 0.000000e+000
2.938961e+001 -1.148980e+002 0.000000e+000
2.941521e+001 -1.148779e+002 0.000000e+000
2.944082e+001 -1.148579e+002 0.000000e+000
2.946642e+001 -1.148379e+002 0.000000e+000
2.949203e+001 -1.148178e+002 0.000000e+000
2.951763e+001 -1.147978e+002 0.000000e+000
2.954324e+001 -1.147778e+002 0.000000e+000
2.956884e+001 -1.147577e+002 0.000000e+000
2.959445e+001 -1.147377e+002 0.000000e+000
2.962005e+001 -1.147176e+002 0.000000e+000
2.964566e+001 -1.146976e+002 0.000000e+000
2.966988e+001 -1.146758e+002 0.000000e+000
2.969409e+001 -1.146539e+002 0.000000e+000
2.971831e+001 -1.146321e+002 0.000000e+000
2.974253e+001 -1.146102e+002 0.000000e+000
2.976674e+001 -1.145884e+002 0.000000e+000
2.979096e+001 -1.145665e+002 0.000000e+000
2.981518e+001 -1.145447e+002 0.000000e+000
2.983940e+001 -1.145229e+002 0.000000e+000
2.986361e+001 -1.145010e+002 0.000000e+000
2.988783e+001 -1.144792e+002 0.000000e+000
2.991205e+001 -1.144573e+002 0.000000e+000
2.993626e+001 -1.144355e+002 0.000000e+000
2.996048e+001 -1.144136e+002 0.000000e+000
2.998470e+001 -1.143918e+002 0.000000e+000
3.000891e+001 -1.143699e+002 0.000000e+000
3.003313e+001 -1.143481e+002 0.000000e+000
3.005735e+001 -1.143263e+002 0.000000e+000
3.008156e+001 -1.143044e+002 0.000000e+000
3.010578e+001 -1.142826e+002 0.000000e+000
3.013000e+001 -1.142607e+002 0.000000e+000
3.015421e+001 -1.142389e+002 0.000000e+000
3.017843e+001 -1.142170e+002 0.000000e+000
3.020265e+001 -1.141952e+002 0.000000e+000
3.022686e+001 -1.141733e+002 0.000000e+000
3.025108e+001 -1.141515e+002 0.000000e+000
3.027530e+001 -1.141297e+002 0.000000e+000
3.029951e+001 -1.141078e+002 0.000000e+000
3.032373e+001 -1.140860e+002 0.000000e+000
3.034795e+001 -1.140641e+002 0.000000e+000
3.037217e+001 -1.140423e+002 0.000000e+000
3.039638e+001 -1.140204e+002 0.000000e+000
3.042060e+001 -1.139986e+002 0.000000e+000
3.044482e+001 -1.139767e+002 0.000000e+000
3.046903e+001 -1.139549e+002 0.000000e+000
3.049325e+001 -1.139331e+002 0.000000e+000
3.051747e+001 -1.139112e+002 0.000000e+000
3.054168e+001 -1.138894e+002 0.000000e+000
3.056590e+001 -1.138675e+002 0.000000e+000
3.059012e+001 -1.138457e+002 0.000000e+000
3.061433e+001 -1.138238e+002 0.000000e+000
3.063855e+001 -1.138020e+002 0.000000e+000
3.066277e+001 -1.137801e+002 0.000000e+000
3.068698e+001 -1.137583e+002 0.000000e+000
3.071120e+001 -1.137365e+002 0.000000e+000
3.073542e+001 -1.137146e+002 0.000000e+000
3.075963e+001 -1.136928e+002 0.000000e+000
3.078385e+001 -1.136709e+002 0.000000e+000
3.080807e+001 -1.136491e+002 0.000000e+000
3.083229e+001 -1.136272e+002 0.000000e+000
3.085650e+001 -1.136054e+002 0.000000e+000
3.088072e+001 -1.135835e+002 0.000000e+000
3.090494e+001 -1.135617e+002 0.000000e+000
3.092915e+001 -1.135399e+002 0.000000e+000
3.095337e+001 -1.135180e+002 0.000000e+000
3.097759e+001 -1.134962e+002 0.000000e+000
3.100180e+001 -1.134743e+002 0.000000e+000
3.102602e+001 -1.134525e+002 0.000000e+000
3.105024e+001 -1.134306e+002 0.000000e+000
3.107445e+001 -1.134088e+002 0.000000e+000
3.109867e+001 -1.133869e+002 0.000000e+000
3.112289e+001 -1.133651e+002 0.000000e+000
3.114710e+001 -1.133433e+002 0.000000e+000
3.117132e+001 -1.133214e+002 0.000000e+000
3.119554e+001 -1.132996e+002 0.000000e+000
3.121975e+001 -1.132777e+002 0.000000e+000
3.124397e+001 -1.132559e+002 0.000000e+000
3.126819e+001 -1.132340e+002 0.000000e+000
3.129241e+001 -1.132122e+002 0.000000e+000
3.131662e+001 -1.131903e+002 0.000000e+000
3.134084e+001 -1.131685e+002 0.000000e+000
3.136506e+001 -1.131467e+002 0.000000e+000
3.138927e+001 -1.131248e+002 0.000000e+000
3.141349e+001 -1.131030e+002 0.000000e+000
3.143771e+001 -1.130811e+002 0.000000e+000
3.146192e+001 -1.130593e+002 0.000000e+000
3.148614e+001 -1.130374e+002 0.000000e+000
3.151036e+001 -1.130156e+002 0.000000e+000
3.153457e+001 -1.129937e+002 0.000000e+000
3.155879e+001 -1.129719e+002 0.000000e+000
3.158301e+001 -1.129501e+002 0.000000e+000
3.160722e+001 -1.129282e+002 0.000000e+000
3.163144e+001 -1.129064e+002 0.000000e+000
3.165566e+001 -1.128845e+002 0.000000e+000
3.167987e+001 -1.128627e+002 0.000000e+000
3.170409e+001 -1.128408e+002 0.000000e+000
3.172831e+001 -1.128190e+002 0.000000e+000
3.175253e+001 -1.127971e+002 0.000000e+000
3.177674e+001 -1.127753e+002 0.000000e+000
3.180096e+001 -1.127535e+002 0.000000e+000
3.182518e+001 -1.127316e+002 0.000000e+000
3.184939e+001 -1.127098e+002 0.000000e+000
3.187361e+001 -1.126879e+002 0.000000e+000
3.189783e+001 -1.126661e+002 0.000000e+000
3.192204e+001 -1.126442e+002 0.000000e+000
3.194626e+001 -1.126224e+002 0.000000e+000
3.197048e+001 -1.126005e+002 0.000000e+000
3.199469e+001 -1.125787e+002 0.000000e+000
3.201891e+001 -1.125569e+002 0.000000e+000
3.204313e+001 -1.125350e+002 0.000000e+000
3.206569e+001 -1.125116e+002 0.000000e+000
3.208825e+001 -1.124882e+002 0.000000e+000
3.211081e+001 -1.124648e+002 0.000000e+000
3.213337e+001 -1.124414e+002 0.000000e+000
3.215593e+001 -1.124179e+002 0.000000e+000
3.217849e+001 -1.123945e+002 0.000000e+000
3.220105e+001 -1.123711e+002 0.000000e+000
3.222361e+001 -1.123477e+002 0.000000e+000
3.224617e+001 -1.123243e+002 0.000000e+000
3.226873e+001 -1.123009e+002 0.000000e+000
3.229129e+001 -1.122775e+002 0.000000e+000
3.231385e+001 -1.122541e+002 0.000000e+000
3.233641e+001 -1.122307e+002 0.000000e+000
3.235897e+001 -1.122072e+002 0.000000e+000
3.238153e+001 -1.121838e+002 0.000000e+000
3.240409e+001 -1.121604e+002 0.000000e+000
3.242665e+001 -1.121370e+002 0.000000e+000
3.244921e+001 -1.121136e+002 0.000000e+000
3.247177e+001 -1.120902e+002 0.000000e+000
3.249433e+001 -1.120668e+002 0.000000e+000
3.251689e+001 -1.120434e+002 0.000000e+000
3.253945e+001 -1.120200e+002 0.000000e+000
3.256201e+001 -1.119965e+002 0.000000e+000
3.258457e+001 -1.119731e+002 0.000000e+000
3.260713e+001 -1.119497e+002 0.000000e+000
3.262969e+001 -1.119263e+002 0.000000e+000
3.265225e+001 -1.119029e+002 0.000000e+000
3.267481e+001 -1.118795e+002 0.000000e+000
3.269737e+001 -1.118561e+002 0.000000e+000
3.271993e+001 -1.118327e+002 0.000000e+000
3.274249e+001 -1.118092e+002 0.000000e+000
3.276505e+001 -1.117858e+002 0.000000e+000
3.278761e+001 -1.117624e+002 0.000000e+000
3.281017e+001 -1.117390e+002 0.000000e+000
3.283273e+001 -1.117156e+002 0.000000e+000
3.285529e+001 -1.116922e+002 0.000000e+000
3.287785e+001 -1.116688e+002 0.000000e+000
3.290041e+001 -1.116454e+002 0.000000e+000
3.292297e+001 -1.116220e+002 0.000000e+000
3.294553e+001 -1.115985e+002 0.000000e+000
3.296809e+001 -1.115751e+002 0.000000e+000
3.299065e+001 -1.115517e+002 0.000000e+000
3.301321e+001 -1.115283e+002 0.000000e+000
3.303577e+001 -1.115049e+002 0.000000e+000
3.305833e+001 -1.114815e+002 0.000000e+000
3.308089e+001 -1.114581e+002 0.000000e+000
3.310345e+001 -1.114347e+002 0.000000e+000
3.312601e+001 -1.114112e+002 0.000000e+000
3.314857e+001 -1.113878e+002 0.000000e+000
3.317113e+001 -1.113644e+002 0.000000e+000
3.319369e+001 -1.113410e+002 0.000000e+000
3.321625e+001 -1.113176e+002 0.000000e+000
3.323881e+001 -1.112942e+002 0.000000e+000
3.326137e+001 -1.112708e+002 0.000000e+000
3.328393e+001 -1.112474e+002 0.000000e+000
3.330649e+001 -1.112240e+002 0.000000e+000
3.332905e+001 -1.112005e+002 0.000000e+000
3.335161e+001 -1.111771e+002 0.000000e+000
3.337417e+001 -1.111537e+002 0.000000e+000
3.339673e+001 -1.111303e+002 0.000000e+000
3.341929e+001 -1.111069e+002 0.000000e+000
3.344185e+001 -1.110835e+002 0.000000e+000
3.346441e+001 -1.110601e+002 0.000000e+000
3.348697e+001 -1.110367e+002 0.000000e+000
3.350953e+001 -1.110132e+002 0.000000e+000
3.353209e+001 -1.109898e+002 0.000000e+000
3.355465e+001 -1.109664e+002 0.000000e+000
3.357721e+001 -1.109430e+002 0.000000e+000
3.359977e+001 -1.109196e+002 0.000000e+000
3.362233e+001 -1.108962e+002 0.000000e+000
3.364489e+001 -1.108728e+002 0.000000e+000
3.366745e+001 -1.108494e+002 0.000000e+000
3.369001e+001 -1.108260e+002 0.000000e+000
3.371257e+001 -1.108025e+002 0.000000e+000
3.373513e+001 -1.107791e+002 0.000000e+000
3.375770e+001 -1.107557e+002 0.000000e+000
3.378026e+001 -1.107323e+002 0.000000e+000
3.380282e+001 -1.107089e+002 0.000000e+000
3.382538e+001 -1.106855e+002 0.000000e+000
3.384794e+001 -1.106621e+002 0.000000e+000
3.387050e+001 -1.106387e+002 0.000000e+000
3.389306e+001 -1.106153e+002 0.000000e+000
3.391562e+001 -1.105918e+002 0.000000e+000
3.393818e+001 -1.105684e+002 0.000000e+000
3.396074e+001 -1.105450e+002 0.000000e+000
3.398330e+001 -1.105216e+002 0.000000e+000
3.400586e+001 -1.104982e+002 0.000000e+000
3.402842e+001 -1.104748e+002 0.000000e+000
3.405098e+001 -1.104514e+002 0.000000e+000
3.407354e+001 -1.104280e+002 0.000000e+000
3.409610e+001 -1.104045e+002 0.000000e+000
3.411866e+001 -1.103811e+002 0.000000e+000
3.414122e+001 -1.103577e+002 0.000000e+000
3.416378e+001 -1.103343e+002 0.000000e+000
3.418634e+001 -1.103109e+002 0.000000e+000
3.420890e+001 -1.102875e+002 0.000000e+000
3.423146e+001 -1.102641e+002 0.000000e+000
3.425402e+001 -1.102407e+002 0.000000e+000
3.427658e+001 -1.102173e+002 0.000000e+000
3.429745e+001 -1.101923e+002 0.000000e+000
3.431832e+001 -1.101674e+002 0.000000e+000
3.433919e+001 -1.101425e+002 0.000000e+000
3.436006e+001 -1.101175e+002 0.000000e+000
3.438093e+001 -1.100926e+002 0.000000e+000
3.440180e+001 -1.100677e+002 0.000000e+000
3.442267e+001 -1.100427e+002 0.000000e+000
3.444354e+001 -1.100178e+002 0.000000e+000
3.446441e+001 -1.099929e+002 0.000000e+000
3.448528e+001 -1.099680e+002 0.000000e+000
3.450615e+001 -1.099430e+002 0.000000e+000
3.452702e+001 -1.099181e+002 0.000000e+000
3.454790e+001 -1.098932e+002 0.000000e+000
3.456877e+001 -1.098682e+002 0.000000e+000
3.458964e+001 -1.098433e+002 0.000000e+000
3.461051e+001 -1.098184e+002 0.000000e+000
3.463138e+001 -1.097935e+002 0.000000e+000
3.465225e+001 -1.097685e+002 0.000000e+000
3.467312e+001 -1.097436e+002 0.000000e+000
3.469399e+001 -1.097187e+002 0.000000e+000
3.471486e+001 -1.096937e+002 0.000000e+000
3.473573e+001 -1.096688e+002 0.000000e+000
3.475660e+001 -1.096439e+002 0.000000e+000
3.477747e+001 -1.096189e+002 0.000000e+000
3.479834e+001 -1.095940e+002 0.000000e+000
3.481921e+001 -1.095691e+002 0.000000e+000
3.484008e+001 -1.095442e+002 0.000000e+000
3.486095e+001 -1.095192e+002 0.000000e+000
3.488182e+001 -1.094943e+002 0.000000e+000
3.490270e+001 -1.094694e+002 0.000000e+000
3.492357e+001 -1.094444e+002 0.000000e+000
3.494444e+001 -1.094195e+002 0.000000e+000
3.496531e+001 -1.093946e+002 0.000000e+000
3.498618e+001 -1.093696e+002 0.000000e+000
3.500705e+001 -1.093447e+002 0.000000e+000
3.502792e+001 -1.093198e+002 0.000000e+000
3.504879e+001 -1.092949e+002 0.000000e+000
3.506966e+001 -1.092699e+002 0.000000e+000
3.509053e+001 -1.092450e+002 0.000000e+000
3.511140e+001 -1.092201e+002 0.000000e+000
3.513227e+001 -1.091951e+002 0.000000e+000
3.515314e+001 -1.091702e+002 0.000000e+000
3.517401e+001 -1.091453e+002 0.000000e+000
3.519488e+001 -1.091204e+002 0.000000e+000
3.521575e+001 -1.090954e+002 0.000000e+000
3.523662e+001 -1.090705e+002 0.000000e+000
3.525750e+001 -1.090456e+002 0.000000e+000
3.527837e+001 -1.090206e+002 0.000000e+000
3.529924e+001 -1.089957e+002 0.000000e+000
3.532011e+001 -1.089708e+002 0.000000e+000
3.534098e+001 -1.089458e+002 0.000000e+000
3.536185e+001 -1.089209e+002 0.000000e+000
3.538272e+001 -1.088960e+002 0.000000e+000
3.540359e+001 -1.088711e+002 0.000000e+000
3.542446e+001 -1.088461e+002 0.000000e+000
3.544533e+001 -1.088212e+002 0.000000e+000
3.546620e+001 -1.087963e+002 0.000000e+000
3.548707e+001 -1.087713e+002 0.000000e+000
3.550794e+001 -1.087464e+002 0.000000e+000
3.552881e+001 -1.087215e+002 0.000000e+000
3.554968e+001 -1.086966e+002 0.000000e+000
3.557055e+001 -1.086716e+002 0.000000e+000
3.559142e+001 -1.086467e+002 0.000000e+000
3.561229e+001 -1.086218e+002 0.000000e+000
3.563317e+001 -1.085968e+002 0.000000e+000
3.565404e+001 -1.085719e+002 0.000000e+000
3.567491e+001 -1.085470e+002 0.000000e+000
3.569578e+001 -1.085220e+002 0.000000e+000
3.571665e+001 -1.084971e+002 0.000000e+000
3.573752e+001 -1.084722e+002 0.000000e+000
3.575839e+001 -1.084473e+002 0.000000e+000
3.577926e+001 -1.084223e+002 0.000000e+000
3.580013e+001 -1.083974e+002 0.000000e+000
3.582100e+001 -1.083725e+002 0.000000e+000
3.584187e+001 -1.083475e+002 0.000000e+000
3.586274e+001 -1.083226e+002 0.000000e+000
3.588361e+001 -1.082977e+002 0.000000e+000
3.590448e+001 -1.082727e+002 0.000000e+000
3.592535e+001 -1.082478e+002 0.000000e+000
3.594622e+001 -1.082229e+002 0.000000e+000
3.596709e+001 -1.081980e+002 0.000000e+000
3.598797e+001 -1.081730e+002 0.000000e+000
3.600884e+001 -1.081481e+002 0.000000e+000
3.602971e+001 -1.081232e+002 0.000000e+000
3.605058e+001 -1.080982e+002 0.000000e+000
3.607145e+001 -1.080733e+002 0.000000e+000
3.609232e+001 -1.080484e+002 0.000000e+000
3.611319e+001 -1.080235e+002 0.000000e+000
3.613406e+001 -1.079985e+002 0.000000e+000
3.615493e+001 -1.079736e+002 0.000000e+000
3.617580e+001 -1.079487e+002 0.000000e+000
3.619667e+001 -1.079237e+002 0.000000e+000
3.621754e+001 -1.078988e+002 0.000000e+000
3.623841e+001 -1.078739e+002 0.000000e+000
3.625928e+001 -1.078489e+002 0.000000e+000
3.628015e+001 -1.078240e+002 0.000000e+000
3.630102e+001 -1.077991e+002 0.000000e+000
3.632189e+001 -1.077742e+002 0.000000e+000
3.634277e+001 -1.077492e+002 0.000000e+000
3.636184e+001 -1.077229e+002 0.000000e+000
3.638092e+001 -1.076966e+002 0.000000e+000
3.640000e+001 -1.076702e+002 0.000000e+000
3.641908e+001 -1.076439e+002 0.000000e+000
3.643816e+001 -1.076176e+002 0.000000e+000
3.645724e+001 -1.075913e+002 0.000000e+000
3.647632e+001 -1.075649e+002 0.000000e+000
3.649540e+001 -1.075386e+002 0.000000e+000
3.651448e+001 -1.075123e+002 0.000000e+000
3.653356e+001 -1.074860e+002 0.000000e+000
3.655264e+001 -1.074596e+002 0.000000e+000
3.657172e+001 -1.074333e+002 0.000000e+000
3.659080e+001 -1.074070e+002 0.000000e+000
3.660987e+001 -1.073807e+002 0.000000e+000
3.662895e+001 -1.073543e+002 0.000000e+000
3.664803e+001 -1.073280e+002 0.000000e+000
3.666711e+001 -1.073017e+002 0.000000e+000
3.668619e+001 -1.072754e+002 0.000000e+000
3.670527e+001 -1.072490e+002 0.000000e+000
3.672435e+001 -1.072227e+002 0.000000e+000
3.674343e+001 -1.071964e+002 0.000000e+000
3.676251e+001 -1.071701e+002 0.000000e+000
3.678159e+001 -1.071437e+002 0.000000e+000
3.680067e+001 -1.071174e+002 0.000000e+000
3.681975e+001 -1.070911e+002 0.000000e+000
3.683883e+001 -1.070648e+002 0.000000e+000
3.685790e+001 -1.070384e+002 0.000000e+000
3.687698e+001 -1.070121e+002 0.000000e+000
3.689606e+001 -1.069858e+002 0.000000e+000
3.691514e+001 -1.069595e+002 0.000000e+000
3.693422e+001 -1.069331e+002 0.000000e+000
3.695330e+001 -1.069068e+002 0.000000e+000
3.697238e+001 -1.068805e+002 0.000000e+000
3.699146e+001 -1.068542e+002 0.000000e+000
3.701054e+001 -1.068278e+002 0.000000e+000
3.702962e+001 -1.068015e+002 0.000000e+000
3.704870e+001 -1.067752e+002 0.000000e+000
3.706778e+001 -1.067488e+002 0.000000e+000
3.708686e+001 -1.067225e+002 0.000000e+000
3.710593e+001 -1.066962e+002 0.000000e+000
3.712501e+001 -1.066699e+002 0.000000e+000
3.714409e+001 -1.066435e+002 0.000000e+000
3.716317e+001 -1.066172e+002 0.000000e+000
3.718225e+001 -1.065909e+002 0.000000e+000
3.720133e+001 -1.065646e+002 0.000000e+000
3.722041e+001 -1.065382e+002 0.000000e+000
3.723949e+001 -1.065119e+002 0.000000e+000
3.725857e+001 -1.064856e+002 0.000000e+000
3.727765e+001 -1.064593e+002 0.000000e+000
3.729673e+001 -1.064329e+002 0.000000e+000
3.731581e+001 -1.064066e+002 0.000000e+000
3.733488e+001 -1.063803e+002 0.000000e+000
3.735396e+001 -1.063540e+002 0.000000e+000
3.737304e+001 -1.063276e+002 0.000000e+000
3.739212e+001 -1.063013e+002 0.000000e+000
3.741120e+001 -1.062750e+002 0.000000e+000
3.743028e+001 -1.062487e+002 0.000000e+000
3.744936e+001 -1.062223e+002 0.000000e+000
3.746844e+001 -1.061960e+002 0.000000e+000
3.748752e+001 -1.061697e+002 0.000000e+000
3.750660e+001 -1.061434e+002 0.000000e+000
3.752568e+001 -1.061170e+002 0.000000e+000
3.754476e+001 -1.060907e+002 0.000000e+000
3.756384e+001 -1.060644e+002 0.000000e+000
3.758291e+001 -1.060381e+002 0.000000e+000
3.760199e+001 -1.060117e+002 0.000000e+000
3.762107e+001 -1.059854e+002 0.000000e+000
3.764015e+001 -1.059591e+002 0.000000e+000
3.765923e+001 -1.059327e+002 0.000000e+000
3.767831e+001 -1.059064e+002 0.000000e+000
3.769739e+001 -1.058801e+002 0.000000e+000
3.771647e+001 -1.058538e+002 0.000000e+000
3.773555e+001 -1.058274e+002 0.000000e+000
3.775463e+001 -1.058011e+002 0.000000e+000
3.777371e+001 -1.057748e+002 0.000000e+000
3.779279e+001 -1.057485e+002 0.000000e+000
3.781187e+001 -1.057221e+002 0.000000e+000
3.783094e+001 -1.056958e+002 0.000000e+000
3.785002e+001 -1.056695e+002 0.000000e+000
3.786910e+001 -1.056432e+002 0.000000e+000
3.788818e+001 -1.056168e+002 0.000000e+000
3.790726e+001 -1.055905e+002 0.000000e+000
3.792634e+001 -1.055642e+002 0.000000e+000
3.794542e+001 -1.055379e+002 0.000000e+000
3.796450e+001 -1.055115e+002 0.000000e+000
3.798358e+001 -1.054852e+002 0.000000e+000
3.800266e+001 -1.054589e+002 0.000000e+000
3.802174e+001 -1.054326e+002 0.000000e+000
3.804082e+001 -1.054062e+002 0.000000e+000
3.805990e+001 -1.053799e+002 0.000000e+000
3.807897e+001 -1.053536e+002 0.000000e+000
3.809805e+001 -1.053273e+002 0.000000e+000
3.811713e+001 -1.053009e+002 0.000000e+000
3.813621e+001 -1.052746e+002 0.000000e+000
3.815529e+001 -1.052483e+002 0.000000e+000
3.817437e+001 -1.052220e+002 0.000000e+000
3.819345e+001 -1.051956e+002 0.000000e+000
3.821253e+001 -1.051693e+002 0.000000e+000
3.823161e+001 -1.051430e+002 0.000000e+000
3.824880e+001 -1.051154e+002 0.000000e+000
3.826600e+001 -1.050878e+002 0.000000e+000
3.828319e+001 -1.050602e+002 0.000000e+000
3.830039e+001 -1.050326e+002 0.000000e+000
3.831758e+001 -1.050050e+002 0.000000e+000
3.833478e+001 -1.049774e+002 0.000000e+000
3.835197e+001 -1.049498e+002 0.000000e+000
3.836917e+001 -1.049222e+002 0.000000e+000
3.838636e+001 -1.048946e+002 0.000000e+000
3.840356e+001 -1.048670e+002 0.000000e+000
3.842075e+001 -1.048394e+002 0.000000e+000
3.843795e+001 -1.048119e+002 0.000000e+000
3.845514e+001 -1.047843e+002 0.000000e+000
3.847233e+001 -1.047567e+002 0.000000e+000
3.848953e+001 -1.047291e+002 0.000000e+000
3.850672e+001 -1.047015e+002 0.000000e+000
3.852392e+001 -1.046739e+002 0.000000e+000
3.854111e+001 -1.046463e+002 0.000000e+000
3.855831e+001 -1.046187e+002 0.000000e+000
3.857550e+001 -1.045911e+002 0.000000e+000
3.859270e+001 -1.045635e+002 0.000000e+000
3.860989e+001 -1.045359e+002 0.000000e+000
3.862709e+001 -1.045083e+002 0.000000e+000
3.864428e+001 -1.044807e+002 0.000000e+000
3.866148e+001 -1.044531e+002 0.000000e+000
3.867867e+001 -1.044255e+002 0.000000e+000
3.869587e+001 -1.043979e+002 0.000000e+000
3.871306e+001 -1.043704e+002 0.000000e+000
3.873026e+001 -1.043428e+002 0.000000e+000
3.874745e+001 -1.043152e+002 0.000000e+000
3.876465e+001 -1.042876e+002 0.000000e+000
3.878184e+001 -1.042600e+002 0.000000e+000
3.879903e+001 -1.042324e+002 0.000000e+000
3.881623e+001 -1.042048e+002 0.000000e+000
3.883342e+001 -1.041772e+002 0.000000e+000
3.885062e+001 -1.041496e+002 0.000000e+000
3.886781e+001 -1.041220e+002 0.000000e+000
3.888501e+001 -1.040944e+002 0.000000e+000
3.890220e+001 -1.040668e+002 0.000000e+000
3.891940e+001 -1.040392e+002 0.000000e+000
3.893659e+001 -1.040116e+002 0.000000e+000
3.895379e+001 -1.039840e+002 0.000000e+000
3.897098e+001 -1.039565e+002 0.000000e+000
3.898818e+001 -1.039289e+002 0.000000e+000
3.900537e+001 -1.039013e+002 0.000000e+000
3.902257e+001 -1.038737e+002 0.000000e+000
3.903976e+001 -1.038461e+002 0.000000e+000
3.905696e+001 -1.038185e+002 0.000000e+000
3.907415e+001 -1.037909e+002 0.000000e+000
3.909135e+001 -1.037633e+002 0.000000e+000
3.910854e+001 -1.037357e+002 0.000000e+000
3.912573e+001 -1.037081e+002 0.000000e+000
3.914293e+001 -1.036805e+002 0.000000e+000
3.916012e+001 -1.036529e+002 0.000000e+000
3.917732e+001 -1.036253e+002 0.000000e+000
3.919451e+001 -1.035977e+002 0.000000e+000
3.921171e+001 -1.035701e+002 0.000000e+000
3.922890e+001 -1.035425e+002 0.000000e+000
3.924610e+001 -1.035150e+002 0.000000e+000
3.926329e+001 -1.034874e+002 0.000000e+000
3.928049e+001 -1.034598e+002 0.000000e+000
3.929768e+001 -1.034322e+002 0.000000e+000
3.931488e+001 -1.034046e+002 0.000000e+000
3.933207e+001 -1.033770e+002 0.000000e+000
3.934927e+001 -1.033494e+002 0.000000e+000
3.936646e+001 -1.033218e+002 0.000000e+000
3.938366e+001 -1.032942e+002 0.000000e+000
3.940085e+001 -1.032666e+002 0.000000e+000
3.941805e+001 -1.032390e+002 0.000000e+000
3.943524e+001 -1.032114e+002 0.000000e+000
3.945244e+001 -1.031838e+002 0.000000e+000
3.946963e+001 -1.031562e+002 0.000000e+000
3.948682e+001 -1.031286e+002 0.000000e+000
3.950402e+001 -1.031010e+002 0.000000e+000
3.952121e+001 -1.030735e+002 0.000000e+000
3.953841e+001 -1.030459e+002 0.000000e+000
3.955560e+001 -1.030183e+002 0.000000e+000
3.957280e+001 -1.029907e+002 0.000000e+000
3.958999e+001 -1.029631e+002 0.000000e+000
3.960719e+001 -1.029355e+002 0.000000e+000
3.962438e+001 -1.029079e+002 0.000000e+000
3.964158e+001 -1.028803e+002 0.000000e+000
3.965877e+001 -1.028527e+002 0.000000e+000
3.967597e+001 -1.028251e+002 0.000000e+000
3.969316e+001 -1.027975e+002 0.000000e+000
3.971036e+001 -1.027699e+002 0.000000e+000
3.972755e+001 -1.027423e+002 0.000000e+000
3.974475e+001 -1.027147e+002 0.000000e+000
3.976194e+001 -1.026871e+002 0.000000e+000
3.977914e+001 -1.026596e+002 0.000000e+000
3.979633e+001 -1.026320e+002 0.000000e+000
3.981352e+001 -1.026044e+002 0.000000e+000
3.983072e+001 -1.025768e+002 0.000000e+000
3.984791e+001 -1.025492e+002 0.000000e+000
3.986511e+001 -1.025216e+002 0.000000e+000
3.988230e+001 -1.024940e+002 0.000000e+000
3.989950e+001 -1.024664e+002 0.000000e+000
3.991669e+001 -1.024388e+002 0.000000e+000
3.993389e+001 -1.024112e+002 0.000000e+000
3.994911e+001 -1.023825e+002 0.000000e+000
3.996434e+001 -1.023538e+002 0.000000e+000
3.997957e+001 -1.023250e+002 0.000000e+000
3.999479e+001 -1.022963e+002 0.000000e+000
4.001002e+001 -1.022676e+002 0.000000e+000
4.002525e+001 -1.022389e+002 0.000000e+000
4.004047e+001 -1.022101e+002 0.000000e+000
4.005570e+001 -1.021814e+002 0.000000e+000
4.007093e+001 -1.021527e+002 0.000000e+000
4.008615e+001 -1.021239e+002 0.000000e+000
4.010138e+001 -1.020952e+002 0.000000e+000
4.011660e+001 -1.020665e+002 0.000000e+000
4.013183e+001 -1.020378e+002 0.000000e+000
4.014706e+001 -1.020090e+002 0.000000e+000
4.016228e+001 -1.019803e+002 0.000000e+000
4.017751e+001 -1.019516e+002 0.000000e+000
4.019274e+001 -1.019229e+002 0.000000e+000
4.020796e+001 -1.018941e+002 0.000000e+000
4.022319e+001 -1.018654e+002 0.000000e+000
4.023842e+001 -1.018367e+002 0.000000e+000
4.025364e+001 -1.018080e+002 0.000000e+000
4.026887e+001 -1.017792e+002 0.000000e+000
4.028409e+001 -1.017505e+002 0.000000e+000
4.029932e+001 -1.017218e+002 0.000000e+000
4.031455e+001 -1.016930e+002 0.000000e+000
4.032977e+001 -1.016643e+002 0.000000e+000
4.034500e+001 -1.016356e+002 0.000000e+000
4.036023e+001 -1.016069e+002 0.000000e+000
4.037545e+001 -1.015781e+002 0.000000e+000
4.039068e+001 -1.015494e+002 0.000000e+000
4.040591e+001 -1.015207e+002 0.000000e+000
4.042113e+001 -1.014920e+002 0.000000e+000
4.043636e+001 -1.014632e+002 0.000000e+000
4.045158e+001 -1.014345e+002 0.000000e+000
4.046681e+001 -1.014058e+002 0.000000e+000
4.048204e+001 -1.013771e+002 0.000000e+000
4.049726e+001 -1.013483e+002 0.000000e+000
4.051249e+001 -1.013196e+002 0.000000e+000
4.052772e+001 -1.012909e+002 0.000000e+000
4.054294e+001 -1.012621e+002 0.000000e+000
4.055817e+001 -1.012334e+002 0.000000e+000
4.057340e+001 -1.012047e+002 0.000000e+000
4.058862e+001 -1.011760e+002 0.000000e+000
4.060385e+001 -1.011472e+002 0.000000e+000
4.061907e+001 -1.011185e+002 0.000000e+000
4.063430e+001 -1.010898e+002 0.000000e+000
4.064953e+001 -1.010611e+002 0.000000e+000
4.066475e+001 -1.010323e+002 0.000000e+000
4.067998e+001 -1.010036e+002 0.000000e+000
4.069521e+001 -1.009749e+002 0.000000e+000
4.071043e+001 -1.009462e+002 0.000000e+000
4.072566e+001 -1.009174e+002 0.000000e+000
4.074089e+001 -1.008887e+002 0.000000e+000
4.075611e+001 -1.008600e+002 0.000000e+000
4.077134e+001 -1.008312e+002 0.000000e+000
4.078656e+001 -1.008025e+002 0.000000e+000
4.080179e+001 -1.007738e+002 0.000000e+000
4.081702e+001 -1.007451e+002 0.000000e+000
4.083224e+001 -1.007163e+002 0.000000e+000
4.084747e+001 -1.006876e+002 0.000000e+000
4.086270e+001 -1.006589e+002 0.000000e+000
4.087792e+001 -1.006302e+002 0.000000e+000
4.089315e+001 -1.006014e+002 0.000000e+000
4.090838e+001 -1.005727e+002 0.000000e+000
4.092360e+001 -1.005440e+002 0.000000e+000
4.093883e+001 -1.005153e+002 0.000000e+000
4.095405e+001 -1.004865e+002 0.000000e+000
4.096928e+001 -1.004578e+002 0.000000e+000
4.098451e+001 -1.004291e+002 0.000000e+000
4.099973e+001 -1.004003e+002 0.000000e+000
4.101496e+001 -1.003716e+002 0.000000e+000
4.103019e+001 -1.003429e+002 0.000000e+000
4.104541e+001 -1.003142e+002 0.000000e+000
4.106064e+001 -1.002854e+002 0.000000e+000
4.107587e+001 -1.002567e+002 0.000000e+000
4.109109e+001 -1.002280e+002 0.000000e+000
4.110632e+001 -1.001993e+002 0.000000e+000
4.112154e+001 -1.001705e+002 0.000000e+000
4.113677e+001 -1.001418e+002 0.000000e+000
4.115200e+001 -1.001131e+002 0.000000e+000
4.116722e+001 -1.000844e+002 0.000000e+000
4.118245e+001 -1.000556e+002 0.000000e+000
4.119768e+001 -1.000269e+002 0.000000e+000
4.121290e+001 -9.999817e+001 0.000000e+000
4.122813e+001 -9.996944e+001 0.000000e+000
4.124336e+001 -9.994072e+001 0.000000e+000
4.125858e+001 -9.991199e+001 0.000000e+000
4.127381e+001 -9.988326e+001 0.000000e+000
4.128903e+001 -9.985454e+001 0.000000e+000
4.130426e+001 -9.982581e+001 0.000000e+000
4.131949e+001 -9.979708e+001 0.000000e+000
4.133471e+001 -9.976836e+001 0.000000e+000
4.134994e+001 -9.973963e+001 0.000000e+000
4.136517e+001 -9.971090e+001 0.000000e+000
4.138039e+001 -9.968218e+001 0.000000e+000
4.139562e+001 -9.965345e+001 0.000000e+000
4.141085e+001 -9.962472e+001 0.000000e+000
4.142607e+001 -9.959600e+001 0.000000e+000
4.144130e+001 -9.956727e+001 0.000000e+000
4.145365e+001 -9.953961e+001 0.000000e+000
4.146600e+001 -9.951195e+001 0.000000e+000
4.147835e+001 -9.948429e+001 0.000000e+000
4.149070e+001 -9.945663e+001 0.000000e+000
4.150304e+001 -9.942897e+001 0.000000e+000
4.151539e+001 -9.940131e+001 0.000000e+000
4.152774e+001 -9.937365e+001 0.000000e+000
4.154009e+001 -9.934599e+001 0.000000e+000
4.155244e+001 -9.931833e+001 0.000000e+000
4.156479e+001 -9.929067e+001 0.000000e+000
4.157714e+001 -9.926301e+001 0.000000e+000
4.158949e+001 -9.923534e+001 0.000000e+000
4.160184e+001 -9.920768e+001 0.000000e+000
4.161419e+001 -9.918002e+001 0.000000e+000
4.162654e+001 -9.915236e+001 0.000000e+000
4.163889e+001 -9.912470e+001 0.000000e+000
4.165124e+001 -9.909704e+001 0.000000e+000
4.166359e+001 -9.906938e+001 0.000000e+000
4.167593e+001 -9.904172e+001 0.000000e+000
4.168828e+001 -9.901406e+001 0.000000e+000
4.170063e+001 -9.898640e+001 0.000000e+000
4.171298e+001 -9.895874e+001 0.000000e+000
4.172533e+001 -9.893108e+001 0.000000e+000
4.173768e+001 -9.890342e+001 0.000000e+000
4.175003e+001 -9.887576e+001 0.000000e+000
4.176238e+001 -9.884810e+001 0.000000e+000
4.177473e+001 -9.882044e+001 0.000000e+000
4.178708e+001 -9.879278e+001 0.000000e+000
4.179943e+001 -9.876512e+001 0.000000e+000
4.181178e+001 -9.873746e+001 0.000000e+000
4.182413e+001 -9.870980e+001 0.000000e+000
4.183648e+001 -9.868214e+001 0.000000e+000
4.184883e+001 -9.865448e+001 0.000000e+000
4.186117e+001 -9.862682e+001 0.000000e+000
4.187352e+001 -9.859916e+001 0.000000e+000
4.188587e+001 -9.857149e+001 0.000000e+000
4.189822e+001 -9.854383e+001 0.000000e+000
4.191057e+001 -9.851617e+001 0.000000e+000
4.192292e+001 -9.848851e+001 0.000000e+000
4.193527e+001 -9.846085e+001 0.000000e+000
4.194762e+001 -9.843319e+001 0.000000e+000
4.195997e+001 -9.840553e+001 0.000000e+000
4.197232e+001 -9.837787e+001 0.000000e+000
4.198467e+001 -9.835021e+001 0.000000e+000
4.199702e+001 -9.832255e+001 0.000000e+000
4.200937e+001 -9.829489e+001 0.000000e+000
4.202172e+001 -9.826723e+001 0.000000e+000
4.203406e+001 -9.823957e+001 0.000000e+000
4.204641e+001 -9.821191e+001 0.000000e+000
4.205876e+001 -9.818425e+001 0.000000e+000
4.207111e+001 -9.815659e+001 0.000000e+000
4.208346e+001 -9.812893e+001 0.000000e+000
4.209581e+001 -9.810127e+001 0.000000e+000
4.210816e+001 -9.807361e+001 0.000000e+000
4.212051e+001 -9.804595e+001 0.000000e+000
4.213286e+001 -9.801829e+001 0.000000e+000
4.214521e+001 -9.799063e+001 0.000000e+000
4.215756e+001 -9.796297e+001 0.000000e+000
4.216991e+001 -9.793531e+001 0.000000e+000
4.218226e+001 -9.790764e+001 0.000000e+000
4.219461e+001 -9.787998e+001 0.000000e+000
4.220696e+001 -9.785232e+001 0.000000e+000
4.221930e+001 -9.782466e+001 0.000000e+000
4.223165e+001 -9.779700e+001 0.000000e+000
4.224400e+001 -9.776934e+001 0.000000e+000
4.225635e+001 -9.774168e+001 0.000000e+000
4.226870e+001 -9.771402e+001 0.000000e+000
4.228105e+001 -9.768636e+001 0.000000e+000
4.229340e+001 -9.765870e+001 0.000000e+000
4.230575e+001 -9.763104e+001 0.000000e+000
4.231810e+001 -9.760338e+001 0.000000e+000
4.233045e+001 -9.757572e+001 0.000000e+000
4.234280e+001 -9.754806e+001 0.000000e+000
4.235515e+001 -9.752040e+001 0.000000e+000
4.236750e+001 -9.749274e+001 0.000000e+000
4.237985e+001 -9.746508e+001 0.000000e+000
4.239219e+001 -9.743742e+001 0.000000e+000
4.240454e+001 -9.740976e+001 0.000000e+000
4.241689e+001 -9.738210e+001 0.000000e+000
4.242924e+001 -9.735444e+001 0.000000e+000
4.244159e+001 -9.732678e+001 0.000000e+000
4.245394e+001 -9.729912e+001 0.000000e+000
4.246629e+001 -9.727146e+001 0.000000e+000
4.247864e+001 -9.724379e+001 0.000000e+000
4.249099e+001 -9.721613e+001 0.000000e+000
4.250334e+001 -9.718847e+001 0.000000e+000
4.251569e+001 -9.716081e+001 0.000000e+000
4.252804e+001 -9.713315e+001 0.000000e+000
4.254039e+001 -9.710549e+001 0.000000e+000
4.255274e+001 -9.707783e+001 0.000000e+000
4.256509e+001 -9.705017e+001 0.000000e+000
4.257743e+001 -9.702251e+001 0.000000e+000
4.258978e+001 -9.699485e+001 0.000000e+000
4.260213e+001 -9.696719e+001 0.000000e+000
4.261448e+001 -9.693953e+001 0.000000e+000
4.262683e+001 -9.691187e+001 0.000000e+000
4.263918e+001 -9.688421e+001 0.000000e+000
4.265153e+001 -9.685655e+001 0.000000e+000
4.266388e+001 -9.682889e+001 0.000000e+000
4.267440e+001 -9.680048e+001 0.000000e+000
4.268493e+001 -9.677208e+001 0.000000e+000
4.269545e+001 -9.674367e+001 0.000000e+000
4.270597e+001 -9.671527e+001 0.000000e+000
4.271650e+001 -9.668686e+001 0.000000e+000
4.272702e+001 -9.665846e+001 0.000000e+000
4.273755e+001 -9.663005e+001 0.000000e+000
4.274807e+001 -9.660165e+001 0.000000e+000
4.275859e+001 -9.657324e+001 0.000000e+000
4.276912e+001 -9.654484e+001 0.000000e+000
4.277964e+001 -9.651643e+001 0.000000e+000
4.279017e+001 -9.648803e+001 0.000000e+000
4.280069e+001 -9.645962e+001 0.000000e+000
4.281121e+001 -9.643122e+001 0.000000e+000
4.282174e+001 -9.640281e+001 0.000000e+000
4.283226e+001 -9.637441e+001 0.000000e+000
4.284278e+001 -9.634600e+001 0.000000e+000
4.285331e+001 -9.631760e+001 0.000000e+000
4.286383e+001 -9.628919e+001 0.000000e+000
4.287436e+001 -9.626079e+001 0.000000e+000
4.288488e+001 -9.623238e+001 0.000000e+000
4.289540e+001 -9.620397e+001 0.000000e+000
4.290593e+001 -9.617557e+001 0.000000e+000
4.291645e+001 -9.614716e+001 0.000000e+000
4.292697e+001 -9.611876e+001 0.000000e+000
4.293750e+001 -9.609035e+001 0.000000e+000
4.294802e+001 -9.606195e+001 0.000000e+000
4.295855e+001 -9.603354e+001 0.000000e+000
4.296907e+001 -9.600514e+001 0.000000e+000
4.297959e+001 -9.597673e+001 0.000000e+000
4.299012e+001 -9.594833e+001 0.000000e+000
4.300064e+001 -9.591992e+001 0.000000e+000
4.301117e+001 -9.589152e+001 0.000000e+000
4.302169e+001 -9.586311e+001 0.000000e+000
4.303221e+001 -9.583471e+001 0.000000e+000
4.304274e+001 -9.580630e+001 0.000000e+000
4.305326e+001 -9.577790e+001 0.000000e+000
4.306378e+001 -9.574949e+001 0.000000e+000
4.307431e+001 -9.572109e+001 0.000000e+000
4.308483e+001 -9.569268e+001 0.000000e+000
4.309536e+001 -9.566428e+001 0.000000e+000
4.310588e+001 -9.563587e+001 0.000000e+000
4.311640e+001 -9.560747e+001 0.000000e+000
4.312693e+001 -9.557906e+001 0.000000e+000
4.313745e+001 -9.555066e+001 0.000000e+000
4.314797e+001 -9.552225e+001 0.000000e+000
4.315850e+001 -9.549385e+001 0.000000e+000
4.316902e+001 -9.546544e+001 0.000000e+000
4.317955e+001 -9.543704e+001 0.000000e+000
4.319007e+001 -9.540863e+001 0.000000e+000
4.320059e+001 -9.538023e+001 0.000000e+000
4.321112e+001 -9.535182e+001 0.000000e+000
4.322164e+001 -9.532341e+001 0.000000e+000
4.323217e+001 -9.529501e+001 0.000000e+000
4.324269e+001 -9.526660e+001 0.000000e+000
4.325321e+001 -9.523820e+001 0.000000e+000
4.326374e+001 -9.520979e+001 0.000000e+000
4.327426e+001 -9.518139e+001 0.000000e+000
4.328478e+001 -9.515298e+001 0.000000e+000
4.329531e+001 -9.512458e+001 0.000000e+000
4.330583e+001 -9.509617e+001 0.000000e+000
4.331636e+001 -9.506777e+001 0.000000e+000
4.332688e+001 -9.503936e+001 0.000000e+000
4.333740e+001 -9.501096e+001 0.000000e+000
4.334793e+001 -9.498255e+001 0.000000e+000
4.335845e+001 -9.495415e+001 0.000000e+000
4.336897e+001 -9.492574e+001 0.000000e+000
4.337950e+001 -9.489734e+001 0.000000e+000
4.339002e+001 -9.486893e+001 0.000000e+000
4.340055e+001 -9.484053e+001 0.000000e+000
4.341107e+001 -9.481212e+001 0.000000e+000
4.342159e+001 -9.478372e+001 0.000000e+000
4.343212e+001 -9.475531e+001 0.000000e+000
4.344264e+001 -9.472691e+001 0.000000e+000
4.345317e+001 -9.469850e+001 0.000000e+000
4.346369e+001 -9.467010e+001 0.000000e+000
4.347421e+001 -9.464169e+001 0.000000e+000
4.348474e+001 -9.461329e+001 0.000000e+000
4.349526e+001 -9.458488e+001 0.000000e+000
4.350578e+001 -9.455648e+001 0.000000e+000
4.351631e+001 -9.452807e+001 0.000000e+000
4.352683e+001 -9.449966e+001 0.000000e+000
4.353736e+001 -9.447126e+001 0.000000e+000
4.354788e+001 -9.444285e+001 0.000000e+000
4.355840e+001 -9.441445e+001 0.000000e+000
4.356893e+001 -9.438604e+001 0.000000e+000
4.357945e+001 -9.435764e+001 0.000000e+000
4.358997e+001 -9.432923e+001 0.000000e+000
4.360050e+001 -9.430083e+001 0.000000e+000
4.361102e+001 -9.427242e+001 0.000000e+000
4.362155e+001 -9.424402e+001 0.000000e+000
4.363207e+001 -9.421561e+001 0.000000e+000
4.364259e+001 -9.418721e+001 0.000000e+000
4.365312e+001 -9.415880e+001 0.000000e+000
4.366364e+001 -9.413040e+001 0.000000e+000
4.367416e+001 -9.410199e+001 0.000000e+000
4.368469e+001 -9.407359e+001 0.000000e+000
4.369521e+001 -9.404518e+001 0.000000e+000
4.370574e+001 -9.401678e+001 0.000000e+000
4.371439e+001 -9.398775e+001 0.000000e+000
4.372304e+001 -9.395872e+001 0.000000e+000
4.373170e+001 -9.392969e+001 0.000000e+000
4.374035e+001 -9.390066e+001 0.000000e+000
4.374900e+001 -9.387163e+001 0.000000e+000
4.375766e+001 -9.384260e+001 0.000000e+000
4.376631e+001 -9.381357e+001 0.000000e+000
4.377497e+001 -9.378454e+001 0.000000e+000
4.378362e+001 -9.375551e+001 0.000000e+000
4.379227e+001 -9.372648e+001 0.000000e+000
4.380093e+001 -9.369745e+001 0.000000e+000
4.380958e+001 -9.366842e+001 0.000000e+000
4.381823e+001 -9.363939e+001 0.000000e+000
4.382689e+001 -9.361036e+001 0.000000e+000
4.383554e+001 -9.358133e+001 0.000000e+000
4.384420e+001 -9.355230e+001 0.000000e+000
4.385285e+001 -9.352327e+001 0.000000e+000
4.386150e+001 -9.349424e+001 0.000000e+000
4.387016e+001 -9.346521e+001 0.000000e+000
4.387881e+001 -9.343618e+001 0.000000e+000
4.388746e+001 -9.340716e+001 0.000000e+000
4.389612e+001 -9.337813e+001 0.000000e+000
4.390477e+001 -9.334910e+001 0.000000e+000
4.391343e+001 -9.332007e+001 0.000000e+000
4.392208e+001 -9.329104e+001 0.000000e+000
4.393073e+001 -9.326201e+001 0.000000e+000
4.393939e+001 -9.323298e+001 0.000000e+000
4.394804e+001 -9.320395e+001 0.000000e+000
4.395669e+001 -9.317492e+001 0.000000e+000
4.396535e+001 -9.314589e+001 0.000000e+000
4.397400e+001 -9.311686e+001 0.000000e+000
4.398266e+001 -9.308783e+001 0.000000e+000
4.399131e+001 -9.305880e+001 0.000000e+000
4.399996e+001 -9.302977e+001 0.000000e+000
4.400862e+001 -9.300074e+001 0.000000e+000
4.401727e+001 -9.297171e+001 0.000000e+000
4.402592e+001 -9.294268e+001 0.000000e+000
4.403458e+001 -9.291365e+001 0.000000e+000
4.404323e+001 -9.288462e+001 0.000000e+000
4.405189e+001 -9.285559e+001 0.000000e+000
4.406054e+001 -9.282656e+001 0.000000e+000
4.406919e+001 -9.279753e+001 0.000000e+000
4.407785e+001 -9.276850e+001 0.000000e+000
4.408650e+001 -9.273947e+001 0.000000e+000
4.409515e+001 -9.271045e+001 0.000000e+000
4.410381e+001 -9.268142e+001 0.000000e+000
4.411246e+001 -9.265239e+001 0.000000e+000
4.412111e+001 -9.262336e+001 0.000000e+000
4.412977e+001 -9.259433e+001 0.000000e+000
4.413842e+001 -9.256530e+001 0.000000e+000
4.414708e+001 -9.253627e+001 0.000000e+000
4.415573e+001 -9.250724e+001 0.000000e+000
4.416438e+001 -9.247821e+001 0.000000e+000
4.417304e+001 -9.244918e+001 0.000000e+000
4.418169e+001 -9.242015e+001 0.000000e+000
4.419034e+001 -9.239112e+001 0.000000e+000
4.419900e+001 -9.236209e+001 0.000000e+000
4.420765e+001 -9.233306e+001 0.000000e+000
4.421631e+001 -9.230403e+001 0.000000e+000
4.422496e+001 -9.227500e+001 0.000000e+000
4.423361e+001 -9.224597e+001 0.000000e+000
4.424227e+001 -9.221694e+001 0.000000e+000
4.425092e+001 -9.218791e+001 0.000000e+000
4.425957e+001 -9.215888e+001 0.000000e+000
4.426823e+001 -9.212985e+001 0.000000e+000
4.427688e+001 -9.210082e+001 0.000000e+000
4.428554e+001 -9.207179e+001 0.000000e+000
4.429419e+001 -9.204276e+001 0.000000e+000
4.430284e+001 -9.201373e+001 0.000000e+000
4.431150e+001 -9.198471e+001 0.000000e+000
4.432015e+001 -9.195568e+001 0.000000e+000
4.432880e+001 -9.192665e+001 0.000000e+000
4.433746e+001 -9.189762e+001 0.000000e+000
4.434611e+001 -9.186859e+001 0.000000e+000
4.435477e+001 -9.183956e+001 0.000000e+000
4.436342e+001 -9.181053e+001 0.000000e+000
4.437207e+001 -9.178150e+001 0.000000e+000
4.438073e+001 -9.175247e+001 0.000000e+000
4.438938e+001 -9.172344e+001 0.000000e+000
4.439803e+001 -9.169441e+001 0.000000e+000
4.440669e+001 -9.166538e+001 0.000000e+000
4.441534e+001 -9.163635e+001 0.000000e+000
4.442399e+001 -9.160732e+001 0.000000e+000
4.443265e+001 -9.157829e+001 0.000000e+000
4.444130e+001 -9.154926e+001 0.000000e+000
4.444996e+001 -9.152023e+001 0.000000e+000
4.445861e+001 -9.149120e+001 0.000000e+000
4.446726e+001 -9.146217e+001 0.000000e+000
4.447592e+001 -9.143314e+001 0.000000e+000
4.448457e+001 -9.140411e+001 0.000000e+000
4.449322e+001 -9.137508e+001 0.000000e+000
4.450188e+001 -9.134605e+001 0.000000e+000
4.451053e+001 -9.131702e+001 0.000000e+000
4.451919e+001 -9.128800e+001 0.000000e+000
4.452784e+001 -9.125897e+001 0.000000e+000
4.453649e+001 -9.122994e+001 0.000000e+000
4.454515e+001 -9.120091e+001 0.000000e+000
4.455380e+001 -9.117188e+001 0.000000e+000
4.456245e+001 -9.114285e+001 0.000000e+000
4.456920e+001 -9.111332e+001 0.000000e+000
4.457595e+001 -9.108378e+001 0.000000e+000
4.458270e+001 -9.105425e+001 0.000000e+000
4.458944e+001 -9.102472e+001 0.000000e+000
4.459619e+001 -9.099519e+001 0.000000e+000
4.460294e+001 -9.096566e+001 0.000000e+000
4.460968e+001 -9.093613e+001 0.000000e+000
4.461643e+001 -9.090660e+001 0.000000e+000
4.462318e+001 -9.087707e+001 0.000000e+000
4.462992e+001 -9.084754e+001 0.000000e+000
4.463667e+001 -9.081801e+001 0.000000e+000
4.464342e+001 -9.078847e+001 0.000000e+000
4.465016e+001 -9.075894e+001 0.000000e+000
4.465691e+001 -9.072941e+001 0.000000e+000
4.466366e+001 -9.069988e+001 0.000000e+000
4.467041e+001 -9.067035e+001 0.000000e+000
4.467715e+001 -9.064082e+001 0.000000e+000
4.468390e+001 -9.061129e+001 0.000000e+000
4.469065e+001 -9.058176e+001 0.000000e+000
4.469739e+001 -9.055223e+001 0.000000e+000
4.470414e+001 -9.052270e+001 0.000000e+000
4.471089e+001 -9.049316e+001 0.000000e+000
4.471763e+001 -9.046363e+001 0.000000e+000
4.472438e+001 -9.043410e+001 0.000000e+000
4.473113e+001 -9.040457e+001 0.000000e+000
4.473788e+001 -9.037504e+001 0.000000e+000
4.474462e+001 -9.034551e+001 0.000000e+000
4.475137e+001 -9.031598e+001 0.000000e+000
4.475812e+001 -9.028645e+001 0.000000e+000
4.476486e+001 -9.025692e+001 0.000000e+000
4.477161e+001 -9.022738e+001 0.000000e+000
4.477836e+001 -9.019785e+001 0.000000e+000
4.478510e+001 -9.016832e+001 0.000000e+000
4.479185e+001 -9.013879e+001 0.000000e+000
4.479860e+001 -9.010926e+001 0.000000e+000
4.480535e+001 -9.007973e+001 0.000000e+000
4.481209e+001 -9.005020e+001 0.000000e+000
4.481884e+001 -9.002067e+001 0.000000e+000
4.482559e+001 -8.999114e+001 0.000000e+000
4.483233e+001 -8.996161e+001 0.000000e+000
4.483908e+001 -8.993207e+001 0.000000e+000
4.484583e+001 -8.990254e+001 0.000000e+000
4.485257e+001 -8.987301e+001 0.000000e+000
4.485932e+001 -8.984348e+001 0.000000e+000
4.486607e+001 -8.981395e+001 0.000000e+000
4.487281e+001 -8.978442e+001 0.000000e+000
4.487956e+001 -8.975489e+001 0.000000e+000
4.488631e+001 -8.972536e+001 0.000000e+000
4.489306e+001 -8.969583e+001 0.000000e+000
4.489980e+001 -8.966629e+001 0.000000e+000
4.490655e+001 -8.963676e+001 0.000000e+000
4.491330e+001 -8.960723e+001 0.000000e+000
4.492004e+001 -8.957770e+001 0.000000e+000
4.492679e+001 -8.954817e+001 0.000000e+000
4.493354e+001 -8.951864e+001 0.000000e+000
4.494028e+001 -8.948911e+001 0.000000e+000
4.494703e+001 -8.945958e+001 0.000000e+000
4.495378e+001 -8.943005e+001 0.000000e+000
4.496053e+001 -8.940052e+001 0.000000e+000
4.496727e+001 -8.937098e+001 0.000000e+000
4.497402e+001 -8.934145e+001 0.000000e+000
4.498077e+001 -8.931192e+001 0.000000e+000
4.498751e+001 -8.928239e+001 0.000000e+000
4.499426e+001 -8.925286e+001 0.000000e+000
4.500101e+001 -8.922333e+001 0.000000e+000
4.500775e+001 -8.919380e+001 0.000000e+000
4.501450e+001 -8.916427e+001 0.000000e+000
4.502125e+001 -8.913474e+001 0.000000e+000
4.502800e+001 -8.910520e+001 0.000000e+000
4.503474e+001 -8.907567e+001 0.000000e+000
4.504149e+001 -8.904614e+001 0.000000e+000
4.504824e+001 -8.901661e+001 0.000000e+000
4.505498e+001 -8.898708e+001 0.000000e+000
4.506173e+001 -8.895755e+001 0.000000e+000
4.506848e+001 -8.892802e+001 0.000000e+000
4.507522e+001 -8.889849e+001 0.000000e+000
4.508197e+001 -8.886896e+001 0.000000e+000
4.508872e+001 -8.883943e+001 0.000000e+000
4.509546e+001 -8.880989e+001 0.000000e+000
4.510221e+001 -8.878036e+001 0.000000e+000
4.510896e+001 -8.875083e+001 0.000000e+000
4.511571e+001 -8.872130e+001 0.000000e+000
4.512245e+001 -8.869177e+001 0.000000e+000
4.512920e+001 -8.866224e+001 0.000000e+000
4.513595e+001 -8.863271e+001 0.000000e+000
4.514269e+001 -8.860318e+001 0.000000e+000
4.514944e+001 -8.857365e+001 0.000000e+000
4.515619e+001 -8.854412e+001 0.000000e+000
4.516293e+001 -8.851458e+001 0.000000e+000
4.516968e+001 -8.848505e+001 0.000000e+000
4.517643e+001 -8.845552e+001 0.000000e+000
4.518318e+001 -8.842599e+001 0.000000e+000
4.518992e+001 -8.839646e+001 0.000000e+000
4.519667e+001 -8.836693e+001 0.000000e+000
4.520342e+001 -8.833740e+001 0.000000e+000
4.521016e+001 -8.830787e+001 0.000000e+000
4.521691e+001 -8.827834e+001 0.000000e+000
4.522366e+001 -8.824880e+001 0.000000e+000
4.523040e+001 -8.821927e+001 0.000000e+000
4.538635e+001 -8.733531e+001 0.000000e+000
4.554229e+001 -8.645135e+001 0.000000e+000
4.569824e+001 -8.556739e+001 0.000000e+000
4.585419e+001 -8.468342e+001 0.000000e+000
4.601013e+001 -8.379946e+001 0.000000e+000
4.616608e+001 -8.291550e+001 0.000000e+000
4.632202e+001 -8.203154e+001 0.000000e+000
4.647797e+001 -8.114757e+001 0.000000e+000
4.663391e+001 -8.026361e+001 0.000000e+000
4.678986e+001 -7.937965e+001 0.000000e+000
4.694580e+001 -7.849569e+001 0.000000e+000
4.710175e+001 -7.761173e+001 0.000000e+000
4.725769e+001 -7.672776e+001 0.000000e+000
4.741364e+001 -7.584380e+001 0.000000e+000
4.756959e+001 -7.495984e+001 0.000000e+000
4.772553e+001 -7.407588e+001 0.000000e+000
4.788148e+001 -7.319191e+001 0.000000e+000
4.803742e+001 -7.230795e+001 0.000000e+000
4.819337e+001 -7.142399e+001 0.000000e+000
4.834931e+001 -7.054003e+001 0.000000e+000
4.850526e+001 -6.965606e+001 0.000000e+000
4.866120e+001 -6.877210e+001 0.000000e+000
4.881715e+001 -6.788814e+001 0.000000e+000
4.897309e+001 -6.700418e+001 0.000000e+000
4.912904e+001 -6.612021e+001 0.000000e+000
4.928498e+001 -6.523625e+001 0.000000e+000
4.944093e+001 -6.435229e+001 0.000000e+000
4.959688e+001 -6.346833e+001 0.000000e+000
4.975282e+001 -6.258437e+001 0.000000e+000
4.990877e+001 -6.170040e+001 0.000000e+000
5.006471e+001 -6.081644e+001 0.000000e+000
5.022066e+001 -5.993248e+001 0.000000e+000
5.037660e+001 -5.904852e+001 0.000000e+000
5.053255e+001 -5.816455e+001 0.000000e+000
5.068849e+001 -5.728059e+001 0.000000e+000
5.084444e+001 -5.639663e+001 0.000000e+000
5.100038e+001 -5.551267e+001 0.000000e+000
5.115633e+001 -5.462870e+001 0.000000e+000
5.131228e+001 -5.374474e+001 0.000000e+000
5.146822e+001 -5.286078e+001 0.000000e+000
5.162417e+001 -5.197682e+001 0.000000e+000
5.178011e+001 -5.109285e+001 0.000000e+000
5.193606e+001 -5.020889e+001 0.000000e+000
5.209200e+001 -4.932493e+001 0.000000e+000
5.224795e+001 -4.844097e+001 0.000000e+000
5.240389e+001 -4.755701e+001 0.000000e+000
5.255984e+001 -4.667304e+001 0.000000e+000
5.271578e+001 -4.578908e+001 0.000000e+000
5.287173e+001 -4.490512e+001 0.000000e+000
5.302767e+001 -4.402116e+001 0.000000e+000
5.318362e+001 -4.313719e+001 0.000000e+000
5.333957e+001 -4.225323e+001 0.000000e+000
5.349551e+001 -4.136927e+001 0.000000e+000
5.365146e+001 -4.048531e+001 0.000000e+000
5.380740e+001 -3.960134e+001 0.000000e+000
5.396335e+001 -3.871738e+001 0.000000e+000
5.411929e+001 -3.783342e+001 0.000000e+000
5.427524e+001 -3.694946e+001 0.000000e+000
5.443118e+001 -3.606549e+001 0.000000e+000
5.458713e+001 -3.518153e+001 0.000000e+000
5.474307e+001 -3.429757e+001 0.000000e+000
5.489902e+001 -3.341361e+001 0.000000e+000
5.505497e+001 -3.252964e+001 0.000000e+000
5.521091e+001 -3.164568e+001 0.000000e+000
5.536686e+001 -3.076172e+001 0.000000e+000
5.552280e+001 -2.987776e+001 0.000000e+000
5.567875e+001 -2.899380e+001 0.000000e+000
5.583469e+001 -2.810983e+001 0.000000e+000
5.599064e+001 -2.722587e+001 0.000000e+000
5.614658e+001 -2.634191e+001 0.000000e+000
5.630253e+001 -2.545795e+001 0.000000e+000
5.645847e+001 -2.457398e+001 0.000000e+000
5.661442e+001 -2.369002e+001 0.000000e+000
5.677036e+001 -2.280606e+001 0.000000e+000
5.692631e+001 -2.192210e+001 0.000000e+000
5.708226e+001 -2.103813e+001 0.000000e+000
5.723820e+001 -2.015417e+001 0.000000e+000
5.739415e+001 -1.927021e+001 0.000000e+000
5.755009e+001 -1.838625e+001 0.000000e+000
5.770604e+001 -1.750228e+001 0.000000e+000
5.786198e+001 -1.661832e+001 0.000000e+000
5.801793e+001 -1.573436e+001 0.000000e+000
5.817387e+001 -1.485040e+001 0.000000e+000
5.832982e+001 -1.396644e+001 0.000000e+000
5.848576e+001 -1.308247e+001 0.000000e+000
5.864171e+001 -1.219851e+001 0.000000e+000
5.879766e+001 -1.131455e+001 0.000000e+000
5.895360e+001 -1.043059e+001 0.000000e+000
5.910955e+001 -9.546624e+000 0.000000e+000
5.926549e+001 -8.662661e+000 0.000000e+000
5.942144e+001 -7.778699e+000 0.000000e+000
5.957738e+001 -6.894737e+000 0.000000e+000
5.973333e+001 -6.010774e+000 0.000000e+000
5.988927e+001 -5.126812e+000 0.000000e+000
6.004522e+001 -4.242849e+000 0.000000e+000
6.020116e+001 -3.358887e+000 0.000000e+000
6.035711e+001 -2.474925e+000 0.000000e+000
6.051305e+001 -1.590962e+000 0.000000e+000
6.066900e+001 -7.070000e-001 0.000000e+000
