0.000000e+000 -1.375000e+002 0.000000e+000
4.187904e-002 -1.374986e+002 0.000000e+000
8.375807e-002 -1.374972e+002 0.000000e+000
1.256371e-001 -1.374958e+002 0.000000e+000
1.675161e-001 -1.374944e+002 0.000000e+000
2.093952e-001 -1.374931e+002 0.000000e+000
2.512742e-001 -1.374917e+002 0.000000e+000
2.931533e-001 -1.374903e+002 0.000000e+000
3.350323e-001 -1.374889e+002 0.000000e+000
3.769113e-001 -1.374875e+002 0.000000e+000
4.187904e-001 -1.374861e+002 0.000000e+000
4.606694e-001 -1.374847e+002 0.000000e+000
5.025484e-001 -1.374833e+002 0.000000e+000
5.444275e-001 -1.374820e+002 0.000000e+000
5.863065e-001 -1.374806e+002 0.000000e+000
6.281856e-001 -1.374792e+002 0.000000e+000
6.700646e-001 -1.374778e+002 0.000000e+000
7.119436e-001 -1.374764e+002 0.000000e+000
7.538227e-001 -1.374750e+002 0.000000e+000
7.957017e-001 -1.374736e+002 0.000000e+000
8.375807e-001 -1.374722e+002 0.000000e+000
8.794598e-001 -1.374708e+002 0.000000e+000
9.213388e-001 -1.374695e+002 0.000000e+000
9.632179e-001 -1.374681e+002 0.000000e+000
1.005097e+000 -1.374667e+002 0.000000e+000
1.046976e+000 -1.374653e+002 0.000000e+000
1.088855e+000 -1.374639e+002 0.000000e+000
1.130734e+000 -1.374625e+002 0.000000e+000
1.172613e+000 -1.374611e+002 0.000000e+000
1.214492e+000 -1.374597e+002 0.000000e+000
1.256371e+000 -1.374584e+002 0.000000e+000
1.298250e+000 -1.374570e+002 0.000000e+000
1.340129e+000 -1.374556e+002 0.000000e+000
1.382008e+000 -1.374542e+002 0.000000e+000
1.423887e+000 -1.374528e+002 0.000000e+000
1.465766e+000 -1.374514e+002 0.000000e+000
1.507645e+000 -1.374500e+002 0.000000e+000
1.549524e+000 -1.374486e+002 0.000000e+000
1.591403e+000 -1.374473e+002 0.000000e+000
1.633282e+000 -1.374459e+002 0.000000e+000
1.675161e+000 -1.374445e+002 0.000000e+000
1.717041e+000 -1.374431e+002 0.000000e+000
1.758920e+000 -1.374417e+002 0.000000e+000
1.800799e+000 -1.374403e+002 0.000000e+000
1.842678e+000 -1.374389e+002 0.000000e+000
1.884557e+000 -1.374375e+002 0.000000e+000
1.926436e+000 -1.374361e+002 0.000000e+000
1.968315e+000 -1.374348e+002 0.000000e+000
2.010194e+000 -1.374334e+002 0.000000e+000
2.052073e+000 -1.374320e+002 0.000000e+000
2.093952e+000 -1.374306e+002 0.000000e+000
2.135831e+000 -1.374292e+002 0.000000e+000
2.177710e+000 -1.374278e+002 0.000000e+000
2.219589e+000 -1.374264e+002 0.000000e+000
2.261468e+000 -1.374250e+002 0.000000e+000
2.303347e+000 -1.374237e+002 0.000000e+000
2.345226e+000 -1.374223e+002 0.000000e+000
2.387105e+000 -1.374209e+002 0.000000e+000
2.428984e+000 -1.374195e+002 0.000000e+000
2.470863e+000 -1.374181e+002 0.000000e+000
2.512742e+000 -1.374167e+002 0.000000e+000
2.554621e+000 -1.374153e+002 0.000000e+000
2.596500e+000 -1.374139e+002 0.000000e+000
2.638379e+000 -1.374125e+002 0.000000e+000
2.680258e+000 -1.374112e+002 0.000000e+000
2.722137e+000 -1.374098e+002 0.000000e+000
2.764016e+000 -1.374084e+002 0.000000e+000
2.805895e+000 -1.374070e+002 0.000000e+000
2.847775e+000 -1.374056e+002 0.000000e+000
2.889654e+000 -1.374042e+002 0.000000e+000
2.931533e+000 -1.374028e+002 0.000000e+000
2.973412e+000 -1.374014e+002 0.000000e+000
3.015291e+000 -1.374001e+002 0.000000e+000
3.057170e+000 -1.373987e+002 0.000000e+000
3.099049e+000 -1.373973e+002 0.000000e+000
3.140928e+000 -1.373959e+002 0.000000e+000
3.182807e+000 -1.373945e+002 0.000000e+000
3.224686e+000 -1.373931e+002 0.000000e+000
3.266565e+000 -1.373917e+002 0.000000e+000
3.308444e+000 -1.373903e+002 0.000000e+000
3.350323e+000 -1.373890e+002 0.000000e+000
3.392202e+000 -1.373876e+002 0.000000e+000
3.434081e+000 -1.373862e+002 0.000000e+000
3.475960e+000 -1.373848e+002 0.000000e+000
3.517839e+000 -1.373834e+002 0.000000e+000
3.559718e+000 -1.373820e+002 0.000000e+000
3.601597e+000 -1.373806e+002 0.000000e+000
3.643476e+000 -1.373792e+002 0.000000e+000
3.685355e+000 -1.373778e+002 0.000000e+000
3.727234e+000 -1.373765e+002 0.000000e+000
3.769113e+000 -1.373751e+002 0.000000e+000
3.810992e+000 -1.373737e+002 0.000000e+000
3.852871e+000 -1.373723e+002 0.000000e+000
3.894750e+000 -1.373709e+002 0.000000e+000
3.936629e+000 -1.373695e+002 0.000000e+000
3.978509e+000 -1.373681e+002 0.000000e+000
4.020388e+000 -1.373667e+002 0.000000e+000
4.062267e+000 -1.373654e+002 0.000000e+000
4.104146e+000 -1.373640e+002 0.000000e+000
4.146025e+000 -1.373626e+002 0.000000e+000
4.187720e+000 -1.373584e+002 0.000000e+000
4.229415e+000 -1.373543e+002 0.000000e+000
4.271110e+000 -1.373501e+002 0.000000e+000
4.312806e+000 -1.373459e+002 0.000000e+000
4.354501e+000 -1.373418e+002 0.000000e+000
4.396196e+000 -1.373376e+002 0.000000e+000
4.437892e+000 -1.373335e+002 0.000000e+000
4.479587e+000 -1.373293e+002 0.000000e+000
4.521282e+000 -1.373252e+002 0.000000e+000
4.562977e+000 -1.373210e+002 0.000000e+000
4.604673e+000 -1.373168e+002 0.000000e+000
4.646368e+000 -1.373127e+002 0.000000e+000
4.688063e+000 -1.373085e+002 0.000000e+000
4.729758e+000 -1.373044e+002 0.000000e+000
4.771454e+000 -1.373002e+002 0.000000e+000
4.813149e+000 -1.372961e+002 0.000000e+000
4.854844e+000 -1.372919e+002 0.000000e+000
4.896539e+000 -1.372877e+002 0.000000e+000
4.938235e+000 -1.372836e+002 0.000000e+000
4.979930e+000 -1.372794e+002 0.000000e+000
5.021625e+000 -1.372753e+002 0.000000e+000
5.063320e+000 -1.372711e+002 0.000000e+000
5.105016e+000 -1.372670e+002 0.000000e+000
5.146711e+000 -1.372628e+002 0.000000e+000
5.188406e+000 -1.372586e+002 0.000000e+000
5.230101e+000 -1.372545e+002 0.000000e+000
5.271797e+000 -1.372503e+002 0.000000e+000
5.313492e+000 -1.372462e+002 0.000000e+000
5.355187e+000 -1.372420e+002 0.000000e+000
5.396882e+000 -1.372378e+002 0.000000e+000
5.438578e+000 -1.372337e+002 0.000000e+000
5.480273e+000 -1.372295e+002 0.000000e+000
5.521968e+000 -1.372254e+002 0.000000e+000
5.563664e+000 -1.372212e+002 0.000000e+000
5.605359e+000 -1.372171e+002 0.000000e+000
5.647054e+000 -1.372129e+002 0.000000e+000
5.688749e+000 -1.372087e+002 0.000000e+000
5.730445e+000 -1.372046e+002 0.000000e+000
5.772140e+000 -1.372004e+002 0.000000e+000
5.813835e+000 -1.371963e+002 0.000000e+000
5.855530e+000 -1.371921e+002 0.000000e+000
5.897226e+000 -1.371880e+002 0.000000e+000
5.938921e+000 -1.371838e+002 0.000000e+000
5.980616e+000 -1.371796e+002 0.000000e+000
6.022311e+000 -1.371755e+002 0.000000e+000
6.064007e+000 -1.371713e+002 0.000000e+000
6.105702e+000 -1.371672e+002 0.000000e+000
6.147397e+000 -1.371630e+002 0.000000e+000
6.189092e+000 -1.371589e+002 0.000000e+000
6.230788e+000 -1.371547e+002 0.000000e+000
6.272483e+000 -1.371505e+002 0.000000e+000
6.314178e+000 -1.371464e+002 0.000000e+000
6.355873e+000 -1.371422e+002 0.000000e+000
6.397569e+000 -1.371381e+002 0.000000e+000
6.439264e+000 -1.371339e+002 0.000000e+000
6.480959e+000 -1.371297e+002 0.000000e+000
6.522655e+000 -1.371256e+002 0.000000e+000
6.564350e+000 -1.371214e+002 0.000000e+000
6.606045e+000 -1.371173e+002 0.000000e+000
6.647740e+000 -1.371131e+002 0.000000e+000
6.689436e+000 -1.371090e+002 0.000000e+000
6.731131e+000 -1.371048e+002 0.000000e+000
6.772826e+000 -1.371006e+002 0.000000e+000
6.814521e+000 -1.370965e+002 0.000000e+000
6.856217e+000 -1.370923e+002 0.000000e+000
6.897912e+000 -1.370882e+002 0.000000e+000
6.939607e+000 -1.370840e+002 0.000000e+000
6.981302e+000 -1.370799e+002 0.000000e+000
7.022998e+000 -1.370757e+002 0.000000e+000
7.064693e+000 -1.370715e+002 0.000000e+000
7.106388e+000 -1.370674e+002 0.000000e+000
7.148083e+000 -1.370632e+002 0.000000e+000
7.189779e+000 -1.370591e+002 0.000000e+000
7.231474e+000 -1.370549e+002 0.000000e+000
7.273169e+000 -1.370508e+002 0.000000e+000
7.314864e+000 -1.370466e+002 0.000000e+000
7.356560e+000 -1.370424e+002 0.000000e+000
7.398255e+000 -1.370383e+002 0.000000e+000
7.439950e+000 -1.370341e+002 0.000000e+000
7.481645e+000 -1.370300e+002 0.000000e+000
7.523341e+000 -1.370258e+002 0.000000e+000
7.565036e+000 -1.370217e+002 0.000000e+000
7.606731e+000 -1.370175e+002 0.000000e+000
7.648427e+000 -1.370133e+002 0.000000e+000
7.690122e+000 -1.370092e+002 0.000000e+000
7.731817e+000 -1.370050e+002 0.000000e+000
7.773512e+000 -1.370009e+002 0.000000e+000
7.815208e+000 -1.369967e+002 0.000000e+000
7.856903e+000 -1.369925e+002 0.000000e+000
7.898598e+000 -1.369884e+002 0.000000e+000
7.940293e+000 -1.369842e+002 0.000000e+000
7.981989e+000 -1.369801e+002 0.000000e+000
8.023684e+000 -1.369759e+002 0.000000e+000
8.065379e+000 -1.369718e+002 0.000000e+000
8.107074e+000 -1.369676e+002 0.000000e+000
8.148770e+000 -1.369634e+002 0.000000e+000
8.190465e+000 -1.369593e+002 0.000000e+000
8.232160e+000 -1.369551e+002 0.000000e+000
8.273855e+000 -1.369510e+002 0.000000e+000
8.315184e+000 -1.369441e+002 0.000000e+000
8.356512e+000 -1.369372e+002 0.000000e+000
8.397841e+000 -1.369302e+002 0.000000e+000
8.439170e+000 -1.369233e+002 0.000000e+000
8.480498e+000 -1.369164e+002 0.000000e+000
8.521827e+000 -1.369095e+002 0.000000e+000
8.563155e+000 -1.369026e+002 0.000000e+000
8.604484e+000 -1.368957e+002 0.000000e+000
8.645812e+000 -1.368888e+002 0.000000e+000
8.687141e+000 -1.368819e+002 0.000000e+000
8.728469e+000 -1.368750e+002 0.000000e+000
8.769798e+000 -1.368681e+002 0.000000e+000
8.811126e+000 -1.368612e+002 0.000000e+000
8.852455e+000 -1.368542e+002 0.000000e+000
8.893783e+000 -1.368473e+002 0.000000e+000
8.935112e+000 -1.368404e+002 0.000000e+000
8.976440e+000 -1.368335e+002 0.000000e+000
9.017769e+000 -1.368266e+002 0.000000e+000
9.059098e+000 -1.368197e+002 0.000000e+000
9.100426e+000 -1.368128e+002 0.000000e+000
9.141755e+000 -1.368059e+002 0.000000e+000
9.183083e+000 -1.367990e+002 0.000000e+000
9.224412e+000 -1.367921e+002 0.000000e+000
9.265740e+000 -1.367852e+002 0.000000e+000
9.307069e+000 -1.367782e+002 0.000000e+000
9.348397e+000 -1.367713e+002 0.000000e+000
9.389726e+000 -1.367644e+002 0.000000e+000
9.431054e+000 -1.367575e+002 0.000000e+000
9.472383e+000 -1.367506e+002 0.000000e+000
9.513711e+000 -1.367437e+002 0.000000e+000
9.555040e+000 -1.367368e+002 0.000000e+000
9.596368e+000 -1.367299e+002 0.000000e+000
9.637697e+000 -1.367230e+002 0.000000e+000
9.679026e+000 -1.367161e+002 0.000000e+000
9.720354e+000 -1.367092e+002 0.000000e+000
9.761683e+000 -1.367023e+002 0.000000e+000
9.803011e+000 -1.366953e+002 0.000000e+000
9.844340e+000 -1.366884e+002 0.000000e+000
9.885668e+000 -1.366815e+002 0.000000e+000
9.926997e+000 -1.366746e+002 0.000000e+000
9.968325e+000 -1.366677e+002 0.000000e+000
1.000965e+001 -1.366608e+002 0.000000e+000
1.005098e+001 -1.366539e+002 0.000000e+000
1.009231e+001 -1.366470e+002 0.000000e+000
1.013364e+001 -1.366401e+002 0.000000e+000
1.017497e+001 -1.366332e+002 0.000000e+000
1.021630e+001 -1.366263e+002 0.000000e+000
1.025762e+001 -1.366193e+002 0.000000e+000
1.029895e+001 -1.366124e+002 0.000000e+000
1.034028e+001 -1.366055e+002 0.000000e+000
1.038161e+001 -1.365986e+002 0.000000e+000
1.042294e+001 -1.365917e+002 0.000000e+000
1.046427e+001 -1.365848e+002 0.000000e+000
1.050560e+001 -1.365779e+002 0.000000e+000
1.054692e+001 -1.365710e+002 0.000000e+000
1.058825e+001 -1.365641e+002 0.000000e+000
1.062958e+001 -1.365572e+002 0.000000e+000
1.067091e+001 -1.365503e+002 0.000000e+000
1.071224e+001 -1.365433e+002 0.000000e+000
1.075357e+001 -1.365364e+002 0.000000e+000
1.079490e+001 -1.365295e+002 0.000000e+000
1.083622e+001 -1.365226e+002 0.000000e+000
1.087755e+001 -1.365157e+002 0.000000e+000
1.091888e+001 -1.365088e+002 0.000000e+000
1.096021e+001 -1.365019e+002 0.000000e+000
1.100154e+001 -1.364950e+002 0.000000e+000
1.104287e+001 -1.364881e+002 0.000000e+000
1.108420e+001 -1.364812e+002 0.000000e+000
1.112552e+001 -1.364743e+002 0.000000e+000
1.116685e+001 -1.364673e+002 0.000000e+000
1.120818e+001 -1.364604e+002 0.000000e+000
1.124951e+001 -1.364535e+002 0.000000e+000
1.129084e+001 -1.364466e+002 0.000000e+000
1.133217e+001 -1.364397e+002 0.000000e+000
1.137350e+001 -1.364328e+002 0.000000e+000
1.141482e+001 -1.364259e+002 0.000000e+000
1.145615e+001 -1.364190e+002 0.000000e+000
1.149748e+001 -1.364121e+002 0.000000e+000
1.153881e+001 -1.364052e+002 0.000000e+000
1.158014e+001 -1.363983e+002 0.000000e+000
1.162147e+001 -1.363913e+002 0.000000e+000
1.166280e+001 -1.363844e+002 0.000000e+000
1.170412e+001 -1.363775e+002 0.000000e+000
1.174545e+001 -1.363706e+002 0.000000e+000
1.178678e+001 -1.363637e+002 0.000000e+000
1.182811e+001 -1.363568e+002 0.000000e+000
1.186944e+001 -1.363499e+002 0.000000e+000
1.191077e+001 -1.363430e+002 0.000000e+000
1.195209e+001 -1.363361e+002 0.000000e+000
1.199342e+001 -1.363292e+002 0.000000e+000
1.203475e+001 -1.363223e+002 0.000000e+000
1.207608e+001 -1.363154e+002 0.000000e+000
1.211741e+001 -1.363084e+002 0.000000e+000
1.215874e+001 -1.363015e+002 0.000000e+000
1.220007e+001 -1.362946e+002 0.000000e+000
1.224139e+001 -1.362877e+002 0.000000e+000
1.228272e+001 -1.362808e+002 0.000000e+000
1.232405e+001 -1.362739e+002 0.000000e+000
1.236538e+001 -1.362670e+002 0.000000e+000
1.240616e+001 -1.362574e+002 0.000000e+000
1.244694e+001 -1.362477e+002 0.000000e+000
1.248772e+001 -1.362381e+002 0.000000e+000
1.252850e+001 -1.362285e+002 0.000000e+000
1.256928e+001 -1.362188e+002 0.000000e+000
1.261006e+001 -1.362092e+002 0.000000e+000
1.265084e+001 -1.361996e+002 0.000000e+000
1.269162e+001 -1.361900e+002 0.000000e+000
1.273240e+001 -1.361803e+002 0.000000e+000
1.277318e+001 -1.361707e+002 0.000000e+000
1.281397e+001 -1.361611e+002 0.000000e+000
1.285475e+001 -1.361514e+002 0.000000e+000
1.289553e+001 -1.361418e+002 0.000000e+000
1.293631e+001 -1.361322e+002 0.000000e+000
1.297709e+001 -1.361225e+002 0.000000e+000
1.301787e+001 -1.361129e+002 0.000000e+000
1.305865e+001 -1.361033e+002 0.000000e+000
1.309943e+001 -1.360937e+002 0.000000e+000
1.314021e+001 -1.360840e+002 0.000000e+000
1.318099e+001 -1.360744e+002 0.000000e+000
1.322177e+001 -1.360648e+002 0.000000e+000
1.326255e+001 -1.360551e+002 0.000000e+000
1.330333e+001 -1.360455e+002 0.000000e+000
1.334411e+001 -1.360359e+002 0.000000e+000
1.338489e+001 -1.360262e+002 0.000000e+000
1.342567e+001 -1.360166e+002 0.000000e+000
1.346645e+001 -1.360070e+002 0.000000e+000
1.350723e+001 -1.359974e+002 0.000000e+000
1.354801e+001 -1.359877e+002 0.000000e+000
1.358879e+001 -1.359781e+002 0.000000e+000
1.362957e+001 -1.359685e+002 0.000000e+000
1.367035e+001 -1.359588e+002 0.000000e+000
1.371114e+001 -1.359492e+002 0.000000e+000
1.375192e+001 -1.359396e+002 0.000000e+000
1.379270e+001 -1.359299e+002 0.000000e+000
1.383348e+001 -1.359203e+002 0.000000e+000
1.387426e+001 -1.359107e+002 0.000000e+000
1.391504e+001 -1.359011e+002 0.000000e+000
1.395582e+001 -1.358914e+002 0.000000e+000
1.399660e+001 -1.358818e+002 0.000000e+000
1.403738e+001 -1.358722e+002 0.000000e+000
1.407816e+001 -1.358625e+002 0.000000e+000
1.411894e+001 -1.358529e+002 0.000000e+000
1.415972e+001 -1.358433e+002 0.000000e+000
1.420050e+001 -1.358336e+002 0.000000e+000
1.424128e+001 -1.358240e+002 0.000000e+000
1.428206e+001 -1.358144e+002 0.000000e+000
1.432284e+001 -1.358048e+002 0.000000e+000
1.436362e+001 -1.357951e+002 0.000000e+000
1.440440e+001 -1.357855e+002 0.000000e+000
1.444518e+001 -1.357759e+002 0.000000e+000
1.448596e+001 -1.357662e+002 0.000000e+000
1.452674e+001 -1.357566e+002 0.000000e+000
1.456753e+001 -1.357470e+002 0.000000e+000
1.460831e+001 -1.357373e+002 0.000000e+000
1.464909e+001 -1.357277e+002 0.000000e+000
1.468987e+001 -1.357181e+002 0.000000e+000
1.473065e+001 -1.357085e+002 0.000000e+000
1.477143e+001 -1.356988e+002 0.000000e+000
1.481221e+001 -1.356892e+002 0.000000e+000
1.485299e+001 -1.356796e+002 0.000000e+000
1.489377e+001 -1.356699e+002 0.000000e+000
1.493455e+001 -1.356603e+002 0.000000e+000
1.497533e+001 -1.356507e+002 0.000000e+000
1.501611e+001 -1.356410e+002 0.000000e+000
1.505689e+001 -1.356314e+002 0.000000e+000
1.509767e+001 -1.356218e+002 0.000000e+000
1.513845e+001 -1.356122e+002 0.000000e+000
1.517923e+001 -1.356025e+002 0.000000e+000
1.522001e+001 -1.355929e+002 0.000000e+000
1.526079e+001 -1.355833e+002 0.000000e+000
1.530157e+001 -1.355736e+002 0.000000e+000
1.534235e+001 -1.355640e+002 0.000000e+000
1.538313e+001 -1.355544e+002 0.000000e+000
1.542391e+001 -1.355447e+002 0.000000e+000
1.546470e+001 -1.355351e+002 0.000000e+000
1.550548e+001 -1.355255e+002 0.000000e+000
1.554626e+001 -1.355159e+002 0.000000e+000
1.558704e+001 -1.355062e+002 0.000000e+000
1.562782e+001 -1.354966e+002 0.000000e+000
1.566860e+001 -1.354870e+002 0.000000e+000
1.570938e+001 -1.354773e+002 0.000000e+000
1.575016e+001 -1.354677e+002 0.000000e+000
1.579094e+001 -1.354581e+002 0.000000e+000
1.583172e+001 -1.354485e+002 0.000000e+000
1.587250e+001 -1.354388e+002 0.000000e+000
1.591328e+001 -1.354292e+002 0.000000e+000
1.595406e+001 -1.354196e+002 0.000000e+000
1.599484e+001 -1.354099e+002 0.000000e+000
1.603562e+001 -1.354003e+002 0.000000e+000
1.607640e+001 -1.353907e+002 0.000000e+000
1.611718e+001 -1.353810e+002 0.000000e+000
1.615796e+001 -1.353714e+002 0.000000e+000
1.619874e+001 -1.353618e+002 0.000000e+000
1.623952e+001 -1.353522e+002 0.000000e+000
1.628030e+001 -1.353425e+002 0.000000e+000
1.632109e+001 -1.353329e+002 0.000000e+000
1.636187e+001 -1.353233e+002 0.000000e+000
1.640265e+001 -1.353136e+002 0.000000e+000
1.644270e+001 -1.353013e+002 0.000000e+000
1.648275e+001 -1.352890e+002 0.000000e+000
1.652281e+001 -1.352767e+002 0.000000e+000
1.656286e+001 -1.352644e+002 0.000000e+000
1.660291e+001 -1.352521e+002 0.000000e+000
1.664297e+001 -1.352398e+002 0.000000e+000
1.668302e+001 -1.352275e+002 0.000000e+000
1.672307e+001 -1.352152e+002 0.000000e+000
1.676313e+001 -1.352029e+002 0.000000e+000
1.680318e+001 -1.351905e+002 0.000000e+000
1.684323e+001 -1.351782e+002 0.000000e+000
1.688329e+001 -1.351659e+002 0.000000e+000
1.692334e+001 -1.351536e+002 0.000000e+000
1.696339e+001 -1.351413e+002 0.000000e+000
1.700345e+001 -1.351290e+002 0.000000e+000
1.704350e+001 -1.351167e+002 0.000000e+000
1.708355e+001 -1.351044e+002 0.000000e+000
1.712361e+001 -1.350921e+002 0.000000e+000
1.716366e+001 -1.350798e+002 0.000000e+000
1.720372e+001 -1.350675e+002 0.000000e+000
1.724377e+001 -1.350552e+002 0.000000e+000
1.728382e+001 -1.350428e+002 0.000000e+000
1.732388e+001 -1.350305e+002 0.000000e+000
1.736393e+001 -1.350182e+002 0.000000e+000
1.740398e+001 -1.350059e+002 0.000000e+000
1.744404e+001 -1.349936e+002 0.000000e+000
1.748409e+001 -1.349813e+002 0.000000e+000
1.752414e+001 -1.349690e+002 0.000000e+000
1.756420e+001 -1.349567e+002 0.000000e+000
1.760425e+001 -1.349444e+002 0.000000e+000
1.764430e+001 -1.349321e+002 0.000000e+000
1.768436e+001 -1.349198e+002 0.000000e+000
1.772441e+001 -1.349074e+002 0.000000e+000
1.776446e+001 -1.348951e+002 0.000000e+000
1.780452e+001 -1.348828e+002 0.000000e+000
1.784457e+001 -1.348705e+002 0.000000e+000
1.788462e+001 -1.348582e+002 0.000000e+000
1.792468e+001 -1.348459e+002 0.000000e+000
1.796473e+001 -1.348336e+002 0.000000e+000
1.800478e+001 -1.348213e+002 0.000000e+000
1.804484e+001 -1.348090e+002 0.000000e+000
1.808489e+001 -1.347967e+002 0.000000e+000
1.812494e+001 -1.347844e+002 0.000000e+000
1.816500e+001 -1.347721e+002 0.000000e+000
1.820505e+001 -1.347597e+002 0.000000e+000
1.824511e+001 -1.347474e+002 0.000000e+000
1.828516e+001 -1.347351e+002 0.000000e+000
1.832521e+001 -1.347228e+002 0.000000e+000
1.836527e+001 -1.347105e+002 0.000000e+000
1.840532e+001 -1.346982e+002 0.000000e+000
1.844537e+001 -1.346859e+002 0.000000e+000
1.848543e+001 -1.346736e+002 0.000000e+000
1.852548e+001 -1.346613e+002 0.000000e+000
1.856553e+001 -1.346490e+002 0.000000e+000
1.860559e+001 -1.346367e+002 0.000000e+000
1.864564e+001 -1.346244e+002 0.000000e+000
1.868569e+001 -1.346120e+002 0.000000e+000
1.872575e+001 -1.345997e+002 0.000000e+000
1.876580e+001 -1.345874e+002 0.000000e+000
1.880585e+001 -1.345751e+002 0.000000e+000
1.884591e+001 -1.345628e+002 0.000000e+000
1.888596e+001 -1.345505e+002 0.000000e+000
1.892601e+001 -1.345382e+002 0.000000e+000
1.896607e+001 -1.345259e+002 0.000000e+000
1.900612e+001 -1.345136e+002 0.000000e+000
1.904617e+001 -1.345013e+002 0.000000e+000
1.908623e+001 -1.344890e+002 0.000000e+000
1.912628e+001 -1.344766e+002 0.000000e+000
1.916633e+001 -1.344643e+002 0.000000e+000
1.920639e+001 -1.344520e+002 0.000000e+000
1.924644e+001 -1.344397e+002 0.000000e+000
1.928650e+001 -1.344274e+002 0.000000e+000
1.932655e+001 -1.344151e+002 0.000000e+000
1.936660e+001 -1.344028e+002 0.000000e+000
1.940666e+001 -1.343905e+002 0.000000e+000
1.944671e+001 -1.343782e+002 0.000000e+000
1.948676e+001 -1.343659e+002 0.000000e+000
1.952682e+001 -1.343536e+002 0.000000e+000
1.956687e+001 -1.343413e+002 0.000000e+000
1.960692e+001 -1.343289e+002 0.000000e+000
1.964698e+001 -1.343166e+002 0.000000e+000
1.968703e+001 -1.343043e+002 0.000000e+000
1.972708e+001 -1.342920e+002 0.000000e+000
1.976714e+001 -1.342797e+002 0.000000e+000
1.980719e+001 -1.342674e+002 0.000000e+000
1.984724e+001 -1.342551e+002 0.000000e+000
1.988730e+001 -1.342428e+002 0.000000e+000
1.992735e+001 -1.342305e+002 0.000000e+000
1.996740e+001 -1.342182e+002 0.000000e+000
2.000746e+001 -1.342059e+002 0.000000e+000
2.004751e+001 -1.341936e+002 0.000000e+000
2.008756e+001 -1.341812e+002 0.000000e+000
2.012762e+001 -1.341689e+002 0.000000e+000
2.016767e+001 -1.341566e+002 0.000000e+000
2.020772e+001 -1.341443e+002 0.000000e+000
2.024778e+001 -1.341320e+002 0.000000e+000
2.028783e+001 -1.341197e+002 0.000000e+000
2.032789e+001 -1.341074e+002 0.000000e+000
2.036794e+001 -1.340951e+002 0.000000e+000
2.040709e+001 -1.340801e+002 0.000000e+000
2.044624e+001 -1.340652e+002 0.000000e+000
2.048539e+001 -1.340503e+002 0.000000e+000
2.052454e+001 -1.340354e+002 0.000000e+000
2.056369e+001 -1.340204e+002 0.000000e+000
2.060284e+001 -1.340055e+002 0.000000e+000
2.064199e+001 -1.339906e+002 0.000000e+000
2.068114e+001 -1.339756e+002 0.000000e+000
2.072029e+001 -1.339607e+002 0.000000e+000
2.075945e+001 -1.339458e+002 0.000000e+000
2.079860e+001 -1.339308e+002 0.000000e+000
2.083775e+001 -1.339159e+002 0.000000e+000
2.087690e+001 -1.339010e+002 0.000000e+000
2.091605e+001 -1.338860e+002 0.000000e+000
2.095520e+001 -1.338711e+002 0.000000e+000
2.099435e+001 -1.338562e+002 0.000000e+000
2.103350e+001 -1.338412e+002 0.000000e+000
2.107265e+001 -1.338263e+002 0.000000e+000
2.111180e+001 -1.338114e+002 0.000000e+000
2.115095e+001 -1.337964e+002 0.000000e+000
2.119010e+001 -1.337815e+002 0.000000e+000
2.122925e+001 -1.337666e+002 0.000000e+000
2.126840e+001 -1.337516e+002 0.000000e+000
2.130756e+001 -1.337367e+002 0.000000e+000
2.134671e+001 -1.337218e+002 0.000000e+000
2.138586e+001 -1.337068e+002 0.000000e+000
2.142501e+001 -1.336919e+002 0.000000e+000
2.146416e+001 -1.336770e+002 0.000000e+000
2.150331e+001 -1.336620e+002 0.000000e+000
2.154246e+001 -1.336471e+002 0.000000e+000
2.158161e+001 -1.336322e+002 0.000000e+000
2.162076e+001 -1.336172e+002 0.000000e+000
2.165991e+001 -1.336023e+002 0.000000e+000
2.169906e+001 -1.335874e+002 0.000000e+000
2.173821e+001 -1.335724e+002 0.000000e+000
2.177736e+001 -1.335575e+002 0.000000e+000
2.181651e+001 -1.335426e+002 0.000000e+000
2.185567e+001 -1.335276e+002 0.000000e+000
2.189482e+001 -1.335127e+002 0.000000e+000
2.193397e+001 -1.334978e+002 0.000000e+000
2.197312e+001 -1.334828e+002 0.000000e+000
2.201227e+001 -1.334679e+002 0.000000e+000
2.205142e+001 -1.334530e+002 0.000000e+000
2.209057e+001 -1.334380e+002 0.000000e+000
2.212972e+001 -1.334231e+002 0.000000e+000
2.216887e+001 -1.334082e+002 0.000000e+000
2.220802e+001 -1.333932e+002 0.000000e+000
2.224717e+001 -1.333783e+002 0.000000e+000
2.228632e+001 -1.333634e+002 0.000000e+000
2.232547e+001 -1.333484e+002 0.000000e+000
2.236462e+001 -1.333335e+002 0.000000e+000
2.240378e+001 -1.333186e+002 0.000000e+000
2.244293e+001 -1.333036e+002 0.000000e+000
2.248208e+001 -1.332887e+002 0.000000e+000
2.252123e+001 -1.332738e+002 0.000000e+000
2.256038e+001 -1.332588e+002 0.000000e+000
2.259953e+001 -1.332439e+002 0.000000e+000
2.263868e+001 -1.332290e+002 0.000000e+000
2.267783e+001 -1.332140e+002 0.000000e+000
2.271698e+001 -1.331991e+002 0.000000e+000
2.275613e+001 -1.331842e+002 0.000000e+000
2.279528e+001 -1.331692e+002 0.000000e+000
2.283443e+001 -1.331543e+002 0.000000e+000
2.287358e+001 -1.331394e+002 0.000000e+000
2.291273e+001 -1.331244e+002 0.000000e+000
2.295189e+001 -1.331095e+002 0.000000e+000
2.299104e+001 -1.330946e+002 0.000000e+000
2.303019e+001 -1.330796e+002 0.000000e+000
2.306934e+001 -1.330647e+002 0.000000e+000
2.310849e+001 -1.330498e+002 0.000000e+000
2.314764e+001 -1.330348e+002 0.000000e+000
2.318679e+001 -1.330199e+002 0.000000e+000
2.322594e+001 -1.330050e+002 0.000000e+000
2.326509e+001 -1.329900e+002 0.000000e+000
2.330424e+001 -1.329751e+002 0.000000e+000
2.334339e+001 -1.329602e+002 0.000000e+000
2.338254e+001 -1.329452e+002 0.000000e+000
2.342169e+001 -1.329303e+002 0.000000e+000
2.346084e+001 -1.329154e+002 0.000000e+000
2.350000e+001 -1.329004e+002 0.000000e+000
2.353915e+001 -1.328855e+002 0.000000e+000
2.357830e+001 -1.328706e+002 0.000000e+000
2.361745e+001 -1.328556e+002 0.000000e+000
2.365660e+001 -1.328407e+002 0.000000e+000
2.369575e+001 -1.328258e+002 0.000000e+000
2.373490e+001 -1.328108e+002 0.000000e+000
2.377405e+001 -1.327959e+002 0.000000e+000
2.381320e+001 -1.327810e+002 0.000000e+000
2.385235e+001 -1.327660e+002 0.000000e+000
2.389150e+001 -1.327511e+002 0.000000e+000
2.393065e+001 -1.327362e+002 0.000000e+000
2.396980e+001 -1.327212e+002 0.000000e+000
2.400895e+001 -1.327063e+002 0.000000e+000
2.404811e+001 -1.326914e+002 0.000000e+000
2.408726e+001 -1.326764e+002 0.000000e+000
2.412641e+001 -1.326615e+002 0.000000e+000
2.416556e+001 -1.326466e+002 0.000000e+000
2.420471e+001 -1.326316e+002 0.000000e+000
2.424386e+001 -1.326167e+002 0.000000e+000
2.428193e+001 -1.325992e+002 0.000000e+000
2.432001e+001 -1.325817e+002 0.000000e+000
2.435809e+001 -1.325642e+002 0.000000e+000
2.439616e+001 -1.325467e+002 0.000000e+000
2.443424e+001 -1.325292e+002 0.000000e+000
2.447232e+001 -1.325117e+002 0.000000e+000
2.451039e+001 -1.324942e+002 0.000000e+000
2.454847e+001 -1.324767e+002 0.000000e+000
2.458654e+001 -1.324593e+002 0.000000e+000
2.462462e+001 -1.324418e+002 0.000000e+000
2.466270e+001 -1.324243e+002 0.000000e+000
2.470077e+001 -1.324068e+002 0.000000e+000
2.473885e+001 -1.323893e+002 0.000000e+000
2.477693e+001 -1.323718e+002 0.000000e+000
2.481500e+001 -1.323543e+002 0.000000e+000
2.485308e+001 -1.323368e+002 0.000000e+000
2.489115e+001 -1.323193e+002 0.000000e+000
2.492923e+001 -1.323018e+002 0.000000e+000
2.496731e+001 -1.322843e+002 0.000000e+000
2.500538e+001 -1.322668e+002 0.000000e+000
2.504346e+001 -1.322493e+002 0.000000e+000
2.508153e+001 -1.322319e+002 0.000000e+000
2.511961e+001 -1.322144e+002 0.000000e+000
2.515769e+001 -1.321969e+002 0.000000e+000
2.519576e+001 -1.321794e+002 0.000000e+000
2.523384e+001 -1.321619e+002 0.000000e+000
2.527192e+001 -1.321444e+002 0.000000e+000
2.530999e+001 -1.321269e+002 0.000000e+000
2.534807e+001 -1.321094e+002 0.000000e+000
2.538614e+001 -1.320919e+002 0.000000e+000
2.542422e+001 -1.320744e+002 0.000000e+000
2.546230e+001 -1.320569e+002 0.000000e+000
2.550037e+001 -1.320394e+002 0.000000e+000
2.553845e+001 -1.320219e+002 0.000000e+000
2.557652e+001 -1.320045e+002 0.000000e+000
2.561460e+001 -1.319870e+002 0.000000e+000
2.565268e+001 -1.319695e+002 0.000000e+000
2.569075e+001 -1.319520e+002 0.000000e+000
2.572883e+001 -1.319345e+002 0.000000e+000
2.576691e+001 -1.319170e+002 0.000000e+000
2.580498e+001 -1.318995e+002 0.000000e+000
2.584306e+001 -1.318820e+002 0.000000e+000
2.588113e+001 -1.318645e+002 0.000000e+000
2.591921e+001 -1.318470e+002 0.000000e+000
2.595729e+001 -1.318295e+002 0.000000e+000
2.599536e+001 -1.318120e+002 0.000000e+000
2.603344e+001 -1.317945e+002 0.000000e+000
2.607151e+001 -1.317771e+002 0.000000e+000
2.610959e+001 -1.317596e+002 0.000000e+000
2.614767e+001 -1.317421e+002 0.000000e+000
2.618574e+001 -1.317246e+002 0.000000e+000
2.622382e+001 -1.317071e+002 0.000000e+000
2.626190e+001 -1.316896e+002 0.000000e+000
2.629997e+001 -1.316721e+002 0.000000e+000
2.633805e+001 -1.316546e+002 0.000000e+000
2.637612e+001 -1.316371e+002 0.000000e+000
2.641420e+001 -1.316196e+002 0.000000e+000
2.645228e+001 -1.316021e+002 0.000000e+000
2.649035e+001 -1.315846e+002 0.000000e+000
2.652843e+001 -1.315671e+002 0.000000e+000
2.656651e+001 -1.315496e+002 0.000000e+000
2.660458e+001 -1.315322e+002 0.000000e+000
2.664266e+001 -1.315147e+002 0.000000e+000
2.668073e+001 -1.314972e+002 0.000000e+000
2.671881e+001 -1.314797e+002 0.000000e+000
2.675689e+001 -1.314622e+002 0.000000e+000
2.679496e+001 -1.314447e+002 0.000000e+000
2.683304e+001 -1.314272e+002 0.000000e+000
2.687111e+001 -1.314097e+002 0.000000e+000
2.690919e+001 -1.313922e+002 0.000000e+000
2.694727e+001 -1.313747e+002 0.000000e+000
2.698534e+001 -1.313572e+002 0.000000e+000
2.702342e+001 -1.313397e+002 0.000000e+000
2.706150e+001 -1.313222e+002 0.000000e+000
2.709957e+001 -1.313048e+002 0.000000e+000
2.713765e+001 -1.312873e+002 0.000000e+000
2.717572e+001 -1.312698e+002 0.000000e+000
2.721380e+001 -1.312523e+002 0.000000e+000
2.725188e+001 -1.312348e+002 0.000000e+000
2.728995e+001 -1.312173e+002 0.000000e+000
2.732803e+001 -1.311998e+002 0.000000e+000
2.736610e+001 -1.311823e+002 0.000000e+000
2.740418e+001 -1.311648e+002 0.000000e+000
2.744226e+001 -1.311473e+002 0.000000e+000
2.748033e+001 -1.311298e+002 0.000000e+000
2.751841e+001 -1.311123e+002 0.000000e+000
2.755649e+001 -1.310948e+002 0.000000e+000
2.759456e+001 -1.310774e+002 0.000000e+000
2.763264e+001 -1.310599e+002 0.000000e+000
2.767071e+001 -1.310424e+002 0.000000e+000
2.770879e+001 -1.310249e+002 0.000000e+000
2.774687e+001 -1.310074e+002 0.000000e+000
2.778494e+001 -1.309899e+002 0.000000e+000
2.782302e+001 -1.309724e+002 0.000000e+000
2.786109e+001 -1.309549e+002 0.000000e+000
2.789917e+001 -1.309374e+002 0.000000e+000
2.793725e+001 -1.309199e+002 0.000000e+000
2.797532e+001 -1.309024e+002 0.000000e+000
2.801340e+001 -1.308849e+002 0.000000e+000
2.805023e+001 -1.308650e+002 0.000000e+000
2.808707e+001 -1.308450e+002 0.000000e+000
2.812390e+001 -1.308250e+002 0.000000e+000
2.816074e+001 -1.308050e+002 0.000000e+000
2.819757e+001 -1.307851e+002 0.000000e+000
2.823441e+001 -1.307651e+002 0.000000e+000
2.827124e+001 -1.307451e+002 0.000000e+000
2.830808e+001 -1.307251e+002 0.000000e+000
2.834491e+001 -1.307052e+002 0.000000e+000
2.838175e+001 -1.306852e+002 0.000000e+000
2.841858e+001 -1.306652e+002 0.000000e+000
2.845541e+001 -1.306452e+002 0.000000e+000
2.849225e+001 -1.306253e+002 0.000000e+000
2.852908e+001 -1.306053e+002 0.000000e+000
2.856592e+001 -1.305853e+002 0.000000e+000
2.860275e+001 -1.305653e+002 0.000000e+000
2.863959e+001 -1.305454e+002 0.000000e+000
2.867642e+001 -1.305254e+002 0.000000e+000
2.871326e+001 -1.305054e+002 0.000000e+000
2.875009e+001 -1.304854e+002 0.000000e+000
2.878693e+001 -1.304655e+002 0.000000e+000
2.882376e+001 -1.304455e+002 0.000000e+000
2.886059e+001 -1.304255e+002 0.000000e+000
2.889743e+001 -1.304055e+002 0.000000e+000
2.893426e+001 -1.303856e+002 0.000000e+000
2.897110e+001 -1.303656e+002 0.000000e+000
2.900793e+001 -1.303456e+002 0.000000e+000
2.904477e+001 -1.303256e+002 0.000000e+000
2.908160e+001 -1.303057e+002 0.000000e+000
2.911844e+001 -1.302857e+002 0.000000e+000
2.915527e+001 -1.302657e+002 0.000000e+000
2.919211e+001 -1.302457e+002 0.000000e+000
2.922894e+001 -1.302258e+002 0.000000e+000
2.926577e+001 -1.302058e+002 0.000000e+000
2.930261e+001 -1.301858e+002 0.000000e+000
2.933944e+001 -1.301658e+002 0.000000e+000
2.937628e+001 -1.301459e+002 0.000000e+000
2.941311e+001 -1.301259e+002 0.000000e+000
2.944995e+001 -1.301059e+002 0.000000e+000
2.948678e+001 -1.300859e+002 0.000000e+000
2.952362e+001 -1.300660e+002 0.000000e+000
2.956045e+001 -1.300460e+002 0.000000e+000
2.959729e+001 -1.300260e+002 0.000000e+000
2.963412e+001 -1.300060e+002 0.000000e+000
2.967095e+001 -1.299861e+002 0.000000e+000
2.970779e+001 -1.299661e+002 0.000000e+000
2.974462e+001 -1.299461e+002 0.000000e+000
2.978146e+001 -1.299261e+002 0.000000e+000
2.981829e+001 -1.299062e+002 0.000000e+000
2.985513e+001 -1.298862e+002 0.000000e+000
2.989196e+001 -1.298662e+002 0.000000e+000
2.992880e+001 -1.298462e+002 0.000000e+000
2.996563e+001 -1.298263e+002 0.000000e+000
3.000247e+001 -1.298063e+002 0.000000e+000
3.003930e+001 -1.297863e+002 0.000000e+000
3.007614e+001 -1.297663e+002 0.000000e+000
3.011297e+001 -1.297464e+002 0.000000e+000
3.014980e+001 -1.297264e+002 0.000000e+000
3.018664e+001 -1.297064e+002 0.000000e+000
3.022347e+001 -1.296864e+002 0.000000e+000
3.026031e+001 -1.296665e+002 0.000000e+000
3.029714e+001 -1.296465e+002 0.000000e+000
3.033398e+001 -1.296265e+002 0.000000e+000
3.037081e+001 -1.296065e+002 0.000000e+000
3.040765e+001 -1.295866e+002 0.000000e+000
3.044448e+001 -1.295666e+002 0.000000e+000
3.048132e+001 -1.295466e+002 0.000000e+000
3.051815e+001 -1.295266e+002 0.000000e+000
3.055498e+001 -1.295067e+002 0.000000e+000
3.059182e+001 -1.294867e+002 0.000000e+000
3.062865e+001 -1.294667e+002 0.000000e+000
3.066549e+001 -1.294467e+002 0.000000e+000
3.070232e+001 -1.294268e+002 0.000000e+000
3.073916e+001 -1.294068e+002 0.000000e+000
3.077599e+001 -1.293868e+002 0.000000e+000
3.081283e+001 -1.293668e+002 0.000000e+000
3.084966e+001 -1.293469e+002 0.000000e+000
3.088650e+001 -1.293269e+002 0.000000e+000
3.092333e+001 -1.293069e+002 0.000000e+000
3.096016e+001 -1.292869e+002 0.000000e+000
3.099700e+001 -1.292670e+002 0.000000e+000
3.103383e+001 -1.292470e+002 0.000000e+000
3.107067e+001 -1.292270e+002 0.000000e+000
3.110750e+001 -1.292070e+002 0.000000e+000
3.114434e+001 -1.291871e+002 0.000000e+000
3.118117e+001 -1.291671e+002 0.000000e+000
3.121801e+001 -1.291471e+002 0.000000e+000
3.125484e+001 -1.291271e+002 0.000000e+000
3.129168e+001 -1.291072e+002 0.000000e+000
3.132851e+001 -1.290872e+002 0.000000e+000
3.136534e+001 -1.290672e+002 0.000000e+000
3.140218e+001 -1.290472e+002 0.000000e+000
3.143901e+001 -1.290273e+002 0.000000e+000
3.147585e+001 -1.290073e+002 0.000000e+000
3.151268e+001 -1.289873e+002 0.000000e+000
3.154952e+001 -1.289673e+002 0.000000e+000
3.158635e+001 -1.289474e+002 0.000000e+000
3.162319e+001 -1.289274e+002 0.000000e+000
3.166002e+001 -1.289074e+002 0.000000e+000
3.169545e+001 -1.288851e+002 0.000000e+000
3.173088e+001 -1.288627e+002 0.000000e+000
3.176632e+001 -1.288403e+002 0.000000e+000
3.180175e+001 -1.288179e+002 0.000000e+000
3.183718e+001 -1.287956e+002 0.000000e+000
3.187261e+001 -1.287732e+002 0.000000e+000
3.190804e+001 -1.287508e+002 0.000000e+000
3.194347e+001 -1.287285e+002 0.000000e+000
3.197890e+001 -1.287061e+002 0.000000e+000
3.201433e+001 -1.286837e+002 0.000000e+000
3.204977e+001 -1.286614e+002 0.000000e+000
3.208520e+001 -1.286390e+002 0.000000e+000
3.212063e+001 -1.286166e+002 0.000000e+000
3.215606e+001 -1.285942e+002 0.000000e+000
3.219149e+001 -1.285719e+002 0.000000e+000
3.222692e+001 -1.285495e+002 0.000000e+000
3.226235e+001 -1.285271e+002 0.000000e+000
3.229779e+001 -1.285048e+002 0.000000e+000
3.233322e+001 -1.284824e+002 0.000000e+000
3.236865e+001 -1.284600e+002 0.000000e+000
3.240408e+001 -1.284377e+002 0.000000e+000
3.243951e+001 -1.284153e+002 0.000000e+000
3.247494e+001 -1.283929e+002 0.000000e+000
3.251037e+001 -1.283706e+002 0.000000e+000
3.254580e+001 -1.283482e+002 0.000000e+000
3.258124e+001 -1.283258e+002 0.000000e+000
3.261667e+001 -1.283034e+002 0.000000e+000
3.265210e+001 -1.282811e+002 0.000000e+000
3.268753e+001 -1.282587e+002 0.000000e+000
3.272296e+001 -1.282363e+002 0.000000e+000
3.275839e+001 -1.282140e+002 0.000000e+000
3.279382e+001 -1.281916e+002 0.000000e+000
3.282926e+001 -1.281692e+002 0.000000e+000
3.286469e+001 -1.281469e+002 0.000000e+000
3.290012e+001 -1.281245e+002 0.000000e+000
3.293555e+001 -1.281021e+002 0.000000e+000
3.297098e+001 -1.280797e+002 0.000000e+000
3.300641e+001 -1.280574e+002 0.000000e+000
3.304184e+001 -1.280350e+002 0.000000e+000
3.307727e+001 -1.280126e+002 0.000000e+000
3.311271e+001 -1.279903e+002 0.000000e+000
3.314814e+001 -1.279679e+002 0.000000e+000
3.318357e+001 -1.279455e+002 0.000000e+000
3.321900e+001 -1.279232e+002 0.000000e+000
3.325443e+001 -1.279008e+002 0.000000e+000
3.328986e+001 -1.278784e+002 0.000000e+000
3.332529e+001 -1.278561e+002 0.000000e+000
3.336073e+001 -1.278337e+002 0.000000e+000
3.339616e+001 -1.278113e+002 0.000000e+000
3.343159e+001 -1.277889e+002 0.000000e+000
3.346702e+001 -1.277666e+002 0.000000e+000
3.350245e+001 -1.277442e+002 0.000000e+000
3.353788e+001 -1.277218e+002 0.000000e+000
3.357331e+001 -1.276995e+002 0.000000e+000
3.360874e+001 -1.276771e+002 0.000000e+000
3.364418e+001 -1.276547e+002 0.000000e+000
3.367961e+001 -1.276324e+002 0.000000e+000
3.371504e+001 -1.276100e+002 0.000000e+000
3.375047e+001 -1.275876e+002 0.000000e+000
3.378590e+001 -1.275652e+002 0.000000e+000
3.382133e+001 -1.275429e+002 0.000000e+000
3.385676e+001 -1.275205e+002 0.000000e+000
3.389220e+001 -1.274981e+002 0.000000e+000
3.392763e+001 -1.274758e+002 0.000000e+000
3.396306e+001 -1.274534e+002 0.000000e+000
3.399849e+001 -1.274310e+002 0.000000e+000
3.403392e+001 -1.274087e+002 0.000000e+000
3.406935e+001 -1.273863e+002 0.000000e+000
3.410478e+001 -1.273639e+002 0.000000e+000
3.414021e+001 -1.273415e+002 0.000000e+000
3.417565e+001 -1.273192e+002 0.000000e+000
3.421108e+001 -1.272968e+002 0.000000e+000
3.424651e+001 -1.272744e+002 0.000000e+000
3.428194e+001 -1.272521e+002 0.000000e+000
3.431737e+001 -1.272297e+002 0.000000e+000
3.435280e+001 -1.272073e+002 0.000000e+000
3.438823e+001 -1.271850e+002 0.000000e+000
3.442367e+001 -1.271626e+002 0.000000e+000
3.445910e+001 -1.271402e+002 0.000000e+000
3.449453e+001 -1.271179e+002 0.000000e+000
3.452996e+001 -1.270955e+002 0.000000e+000
3.456539e+001 -1.270731e+002 0.000000e+000
3.460082e+001 -1.270507e+002 0.000000e+000
3.463625e+001 -1.270284e+002 0.000000e+000
3.467168e+001 -1.270060e+002 0.000000e+000
3.470712e+001 -1.269836e+002 0.000000e+000
3.474255e+001 -1.269613e+002 0.000000e+000
3.477798e+001 -1.269389e+002 0.000000e+000
3.481341e+001 -1.269165e+002 0.000000e+000
3.484884e+001 -1.268942e+002 0.000000e+000
3.488427e+001 -1.268718e+002 0.000000e+000
3.491970e+001 -1.268494e+002 0.000000e+000
3.495514e+001 -1.268270e+002 0.000000e+000
3.499057e+001 -1.268047e+002 0.000000e+000
3.502600e+001 -1.267823e+002 0.000000e+000
3.506143e+001 -1.267599e+002 0.000000e+000
3.509686e+001 -1.267376e+002 0.000000e+000
3.513229e+001 -1.267152e+002 0.000000e+000
3.516772e+001 -1.266928e+002 0.000000e+000
3.520160e+001 -1.266682e+002 0.000000e+000
3.523547e+001 -1.266435e+002 0.000000e+000
3.526934e+001 -1.266188e+002 0.000000e+000
3.530321e+001 -1.265942e+002 0.000000e+000
3.533709e+001 -1.265695e+002 0.000000e+000
3.537096e+001 -1.265448e+002 0.000000e+000
3.540483e+001 -1.265202e+002 0.000000e+000
3.543870e+001 -1.264955e+002 0.000000e+000
3.547258e+001 -1.264708e+002 0.000000e+000
3.550645e+001 -1.264462e+002 0.000000e+000
3.554032e+001 -1.264215e+002 0.000000e+000
3.557420e+001 -1.263968e+002 0.000000e+000
3.560807e+001 -1.263722e+002 0.000000e+000
3.564194e+001 -1.263475e+002 0.000000e+000
3.567581e+001 -1.263228e+002 0.000000e+000
3.570969e+001 -1.262982e+002 0.000000e+000
3.574356e+001 -1.262735e+002 0.000000e+000
3.577743e+001 -1.262488e+002 0.000000e+000
3.581130e+001 -1.262242e+002 0.000000e+000
3.584518e+001 -1.261995e+002 0.000000e+000
3.587905e+001 -1.261748e+002 0.000000e+000
3.591292e+001 -1.261502e+002 0.000000e+000
3.594679e+001 -1.261255e+002 0.000000e+000
3.598067e+001 -1.261008e+002 0.000000e+000
3.601454e+001 -1.260762e+002 0.000000e+000
3.604841e+001 -1.260515e+002 0.000000e+000
3.608228e+001 -1.260268e+002 0.000000e+000
3.611616e+001 -1.260022e+002 0.000000e+000
3.615003e+001 -1.259775e+002 0.000000e+000
3.618390e+001 -1.259528e+002 0.000000e+000
3.621778e+001 -1.259282e+002 0.000000e+000
3.625165e+001 -1.259035e+002 0.000000e+000
3.628552e+001 -1.258788e+002 0.000000e+000
3.631939e+001 -1.258542e+002 0.000000e+000
3.635327e+001 -1.258295e+002 0.000000e+000
3.638714e+001 -1.258048e+002 0.000000e+000
3.642101e+001 -1.257802e+002 0.000000e+000
3.645488e+001 -1.257555e+002 0.000000e+000
3.648876e+001 -1.257308e+002 0.000000e+000
3.652263e+001 -1.257062e+002 0.000000e+000
3.655650e+001 -1.256815e+002 0.000000e+000
3.659037e+001 -1.256568e+002 0.000000e+000
3.662425e+001 -1.256322e+002 0.000000e+000
3.665812e+001 -1.256075e+002 0.000000e+000
3.669199e+001 -1.255828e+002 0.000000e+000
3.672586e+001 -1.255582e+002 0.000000e+000
3.675974e+001 -1.255335e+002 0.000000e+000
3.679361e+001 -1.255088e+002 0.000000e+000
3.682748e+001 -1.254842e+002 0.000000e+000
3.686136e+001 -1.254595e+002 0.000000e+000
3.689523e+001 -1.254348e+002 0.000000e+000
3.692910e+001 -1.254102e+002 0.000000e+000
3.696297e+001 -1.253855e+002 0.000000e+000
3.699685e+001 -1.253609e+002 0.000000e+000
3.703072e+001 -1.253362e+002 0.000000e+000
3.706459e+001 -1.253115e+002 0.000000e+000
3.709846e+001 -1.252869e+002 0.000000e+000
3.713234e+001 -1.252622e+002 0.000000e+000
3.716621e+001 -1.252375e+002 0.000000e+000
3.720008e+001 -1.252129e+002 0.000000e+000
3.723395e+001 -1.251882e+002 0.000000e+000
3.726783e+001 -1.251635e+002 0.000000e+000
3.730170e+001 -1.251389e+002 0.000000e+000
3.733557e+001 -1.251142e+002 0.000000e+000
3.736945e+001 -1.250895e+002 0.000000e+000
3.740332e+001 -1.250649e+002 0.000000e+000
3.743719e+001 -1.250402e+002 0.000000e+000
3.747106e+001 -1.250155e+002 0.000000e+000
3.750494e+001 -1.249909e+002 0.000000e+000
3.753881e+001 -1.249662e+002 0.000000e+000
3.757268e+001 -1.249415e+002 0.000000e+000
3.760655e+001 -1.249169e+002 0.000000e+000
3.764043e+001 -1.248922e+002 0.000000e+000
3.767430e+001 -1.248675e+002 0.000000e+000
3.770817e+001 -1.248429e+002 0.000000e+000
3.774204e+001 -1.248182e+002 0.000000e+000
3.777592e+001 -1.247935e+002 0.000000e+000
3.780979e+001 -1.247689e+002 0.000000e+000
3.784366e+001 -1.247442e+002 0.000000e+000
3.787753e+001 -1.247195e+002 0.000000e+000
3.791141e+001 -1.246949e+002 0.000000e+000
3.794528e+001 -1.246702e+002 0.000000e+000
3.797915e+001 -1.246455e+002 0.000000e+000
3.801303e+001 -1.246209e+002 0.000000e+000
3.804690e+001 -1.245962e+002 0.000000e+000
3.808077e+001 -1.245715e+002 0.000000e+000
3.811464e+001 -1.245469e+002 0.000000e+000
3.814852e+001 -1.245222e+002 0.000000e+000
3.818239e+001 -1.244975e+002 0.000000e+000
3.821626e+001 -1.244729e+002 0.000000e+000
3.825013e+001 -1.244482e+002 0.000000e+000
3.828401e+001 -1.244235e+002 0.000000e+000
3.831788e+001 -1.243989e+002 0.000000e+000
3.835175e+001 -1.243742e+002 0.000000e+000
3.838562e+001 -1.243495e+002 0.000000e+000
3.841950e+001 -1.243249e+002 0.000000e+000
3.845337e+001 -1.243002e+002 0.000000e+000
3.848724e+001 -1.242755e+002 0.000000e+000
3.852111e+001 -1.242509e+002 0.000000e+000
3.855328e+001 -1.242240e+002 0.000000e+000
3.858545e+001 -1.241972e+002 0.000000e+000
3.861761e+001 -1.241703e+002 0.000000e+000
3.864978e+001 -1.241434e+002 0.000000e+000
3.868194e+001 -1.241166e+002 0.000000e+000
3.871411e+001 -1.240897e+002 0.000000e+000
3.874627e+001 -1.240629e+002 0.000000e+000
3.877844e+001 -1.240360e+002 0.000000e+000
3.881060e+001 -1.240092e+002 0.000000e+000
3.884277e+001 -1.239823e+002 0.000000e+000
3.887493e+001 -1.239555e+002 0.000000e+000
3.890710e+001 -1.239286e+002 0.000000e+000
3.893926e+001 -1.239018e+002 0.000000e+000
3.897143e+001 -1.238749e+002 0.000000e+000
3.900359e+001 -1.238480e+002 0.000000e+000
3.903576e+001 -1.238212e+002 0.000000e+000
3.906793e+001 -1.237943e+002 0.000000e+000
3.910009e+001 -1.237675e+002 0.000000e+000
3.913226e+001 -1.237406e+002 0.000000e+000
3.916442e+001 -1.237138e+002 0.000000e+000
3.919659e+001 -1.236869e+002 0.000000e+000
3.922875e+001 -1.236601e+002 0.000000e+000
3.926092e+001 -1.236332e+002 0.000000e+000
3.929308e+001 -1.236064e+002 0.000000e+000
3.932525e+001 -1.235795e+002 0.000000e+000
3.935741e+001 -1.235526e+002 0.000000e+000
3.938958e+001 -1.235258e+002 0.000000e+000
3.942174e+001 -1.234989e+002 0.000000e+000
3.945391e+001 -1.234721e+002 0.000000e+000
3.948607e+001 -1.234452e+002 0.000000e+000
3.951824e+001 -1.234184e+002 0.000000e+000
3.955041e+001 -1.233915e+002 0.000000e+000
3.958257e+001 -1.233647e+002 0.000000e+000
3.961474e+001 -1.233378e+002 0.000000e+000
3.964690e+001 -1.233110e+002 0.000000e+000
3.967907e+001 -1.232841e+002 0.000000e+000
3.971123e+001 -1.232572e+002 0.000000e+000
3.974340e+001 -1.232304e+002 0.000000e+000
3.977556e+001 -1.232035e+002 0.000000e+000
3.980773e+001 -1.231767e+002 0.000000e+000
3.983989e+001 -1.231498e+002 0.000000e+000
3.987206e+001 -1.231230e+002 0.000000e+000
3.990422e+001 -1.230961e+002 0.000000e+000
3.993639e+001 -1.230693e+002 0.000000e+000
3.996855e+001 -1.230424e+002 0.000000e+000
4.000072e+001 -1.230156e+002 0.000000e+000
4.003288e+001 -1.229887e+002 0.000000e+000
4.006505e+001 -1.229618e+002 0.000000e+000
4.009722e+001 -1.229350e+002 0.000000e+000
4.012938e+001 -1.229081e+002 0.000000e+000
4.016155e+001 -1.228813e+002 0.000000e+000
4.019371e+001 -1.228544e+002 0.000000e+000
4.022588e+001 -1.228276e+002 0.000000e+000
4.025804e+001 -1.228007e+002 0.000000e+000
4.029021e+001 -1.227739e+002 0.000000e+000
4.032237e+001 -1.227470e+002 0.000000e+000
4.035454e+001 -1.227202e+002 0.000000e+000
4.038670e+001 -1.226933e+002 0.000000e+000
4.041887e+001 -1.226664e+002 0.000000e+000
4.045103e+001 -1.226396e+002 0.000000e+000
4.048320e+001 -1.226127e+002 0.000000e+000
4.051536e+001 -1.225859e+002 0.000000e+000
4.054753e+001 -1.225590e+002 0.000000e+000
4.057970e+001 -1.225322e+002 0.000000e+000
4.061186e+001 -1.225053e+002 0.000000e+000
4.064403e+001 -1.224785e+002 0.000000e+000
4.067619e+001 -1.224516e+002 0.000000e+000
4.070836e+001 -1.224248e+002 0.000000e+000
4.074052e+001 -1.223979e+002 0.000000e+000
4.077269e+001 -1.223710e+002 0.000000e+000
4.080485e+001 -1.223442e+002 0.000000e+000
4.083702e+001 -1.223173e+002 0.000000e+000
4.086918e+001 -1.222905e+002 0.000000e+000
4.090135e+001 -1.222636e+002 0.000000e+000
4.093351e+001 -1.222368e+002 0.000000e+000
4.096568e+001 -1.222099e+002 0.000000e+000
4.099784e+001 -1.221831e+002 0.000000e+000
4.103001e+001 -1.221562e+002 0.000000e+000
4.106218e+001 -1.221293e+002 0.000000e+000
4.109434e+001 -1.221025e+002 0.000000e+000
4.112651e+001 -1.220756e+002 0.000000e+000
4.115867e+001 -1.220488e+002 0.000000e+000
4.119084e+001 -1.220219e+002 0.000000e+000
4.122300e+001 -1.219951e+002 0.000000e+000
4.125517e+001 -1.219682e+002 0.000000e+000
4.128733e+001 -1.219414e+002 0.000000e+000
4.131950e+001 -1.219145e+002 0.000000e+000
4.135166e+001 -1.218877e+002 0.000000e+000
4.138383e+001 -1.218608e+002 0.000000e+000
4.141599e+001 -1.218339e+002 0.000000e+000
4.144816e+001 -1.218071e+002 0.000000e+000
4.148032e+001 -1.217802e+002 0.000000e+000
4.151249e+001 -1.217534e+002 0.000000e+000
4.154465e+001 -1.217265e+002 0.000000e+000
4.157682e+001 -1.216997e+002 0.000000e+000
4.160899e+001 -1.216728e+002 0.000000e+000
4.164115e+001 -1.216460e+002 0.000000e+000
4.167332e+001 -1.216191e+002 0.000000e+000
4.170548e+001 -1.215923e+002 0.000000e+000
4.173573e+001 -1.215634e+002 0.000000e+000
4.176597e+001 -1.215346e+002 0.000000e+000
4.179622e+001 -1.215057e+002 0.000000e+000
4.182647e+001 -1.214768e+002 0.000000e+000
4.185671e+001 -1.214480e+002 0.000000e+000
4.188696e+001 -1.214191e+002 0.000000e+000
4.191720e+001 -1.213903e+002 0.000000e+000
4.194745e+001 -1.213614e+002 0.000000e+000
4.197770e+001 -1.213326e+002 0.000000e+000
4.200794e+001 -1.213037e+002 0.000000e+000
4.203819e+001 -1.212749e+002 0.000000e+000
4.206844e+001 -1.212460e+002 0.000000e+000
4.209868e+001 -1.212172e+002 0.000000e+000
4.212893e+001 -1.211883e+002 0.000000e+000
4.215917e+001 -1.211595e+002 0.000000e+000
4.218942e+001 -1.211306e+002 0.000000e+000
4.221967e+001 -1.211018e+002 0.000000e+000
4.224991e+001 -1.210729e+002 0.000000e+000
4.228016e+001 -1.210440e+002 0.000000e+000
4.231040e+001 -1.210152e+002 0.000000e+000
4.234065e+001 -1.209863e+002 0.000000e+000
4.237090e+001 -1.209575e+002 0.000000e+000
4.240114e+001 -1.209286e+002 0.000000e+000
4.243139e+001 -1.208998e+002 0.000000e+000
4.246163e+001 -1.208709e+002 0.000000e+000
4.249188e+001 -1.208421e+002 0.000000e+000
4.252213e+001 -1.208132e+002 0.000000e+000
4.255237e+001 -1.207844e+002 0.000000e+000
4.258262e+001 -1.207555e+002 0.000000e+000
4.261287e+001 -1.207267e+002 0.000000e+000
4.264311e+001 -1.206978e+002 0.000000e+000
4.267336e+001 -1.206690e+002 0.000000e+000
4.270360e+001 -1.206401e+002 0.000000e+000
4.273385e+001 -1.206113e+002 0.000000e+000
4.276410e+001 -1.205824e+002 0.000000e+000
4.279434e+001 -1.205535e+002 0.000000e+000
4.282459e+001 -1.205247e+002 0.000000e+000
4.285483e+001 -1.204958e+002 0.000000e+000
4.288508e+001 -1.204670e+002 0.000000e+000
4.291533e+001 -1.204381e+002 0.000000e+000
4.294557e+001 -1.204093e+002 0.000000e+000
4.297582e+001 -1.203804e+002 0.000000e+000
4.300607e+001 -1.203516e+002 0.000000e+000
4.303631e+001 -1.203227e+002 0.000000e+000
4.306656e+001 -1.202939e+002 0.000000e+000
4.309680e+001 -1.202650e+002 0.000000e+000
4.312705e+001 -1.202362e+002 0.000000e+000
4.315730e+001 -1.202073e+002 0.000000e+000
4.318754e+001 -1.201785e+002 0.000000e+000
4.321779e+001 -1.201496e+002 0.000000e+000
4.324803e+001 -1.201207e+002 0.000000e+000
4.327828e+001 -1.200919e+002 0.000000e+000
4.330853e+001 -1.200630e+002 0.000000e+000
4.333877e+001 -1.200342e+002 0.000000e+000
4.336902e+001 -1.200053e+002 0.000000e+000
4.339927e+001 -1.199765e+002 0.000000e+000
4.342951e+001 -1.199476e+002 0.000000e+000
4.345976e+001 -1.199188e+002 0.000000e+000
4.349000e+001 -1.198899e+002 0.000000e+000
4.352025e+001 -1.198611e+002 0.000000e+000
4.355050e+001 -1.198322e+002 0.000000e+000
4.358074e+001 -1.198034e+002 0.000000e+000
4.361099e+001 -1.197745e+002 0.000000e+000
4.364123e+001 -1.197457e+002 0.000000e+000
4.367148e+001 -1.197168e+002 0.000000e+000
4.370173e+001 -1.196879e+002 0.000000e+000
4.373197e+001 -1.196591e+002 0.000000e+000
4.376222e+001 -1.196302e+002 0.000000e+000
4.379247e+001 -1.196014e+002 0.000000e+000
4.382271e+001 -1.195725e+002 0.000000e+000
4.385296e+001 -1.195437e+002 0.000000e+000
4.388320e+001 -1.195148e+002 0.000000e+000
4.391345e+001 -1.194860e+002 0.000000e+000
4.394370e+001 -1.194571e+002 0.000000e+000
4.397394e+001 -1.194283e+002 0.000000e+000
4.400419e+001 -1.193994e+002 0.000000e+000
4.403443e+001 -1.193706e+002 0.000000e+000
4.406468e+001 -1.193417e+002 0.000000e+000
4.409493e+001 -1.193129e+002 0.000000e+000
4.412517e+001 -1.192840e+002 0.000000e+000
4.415542e+001 -1.192552e+002 0.000000e+000
4.418566e+001 -1.192263e+002 0.000000e+000
4.421591e+001 -1.191974e+002 0.000000e+000
4.424616e+001 -1.191686e+002 0.000000e+000
4.427640e+001 -1.191397e+002 0.000000e+000
4.430665e+001 -1.191109e+002 0.000000e+000
4.433690e+001 -1.190820e+002 0.000000e+000
4.436714e+001 -1.190532e+002 0.000000e+000
4.439739e+001 -1.190243e+002 0.000000e+000
4.442763e+001 -1.189955e+002 0.000000e+000
4.445788e+001 -1.189666e+002 0.000000e+000
4.448813e+001 -1.189378e+002 0.000000e+000
4.451837e+001 -1.189089e+002 0.000000e+000
4.454862e+001 -1.188801e+002 0.000000e+000
4.457886e+001 -1.188512e+002 0.000000e+000
4.460911e+001 -1.188224e+002 0.000000e+000
4.463936e+001 -1.187935e+002 0.000000e+000
4.466960e+001 -1.187646e+002 0.000000e+000
4.469985e+001 -1.187358e+002 0.000000e+000
4.472819e+001 -1.187049e+002 0.000000e+000
4.475653e+001 -1.186741e+002 0.000000e+000
4.478487e+001 -1.186432e+002 0.000000e+000
4.481321e+001 -1.186123e+002 0.000000e+000
4.484155e+001 -1.185815e+002 0.000000e+000
4.486989e+001 -1.185506e+002 0.000000e+000
4.489823e+001 -1.185197e+002 0.000000e+000
4.492657e+001 -1.184889e+002 0.000000e+000
4.495491e+001 -1.184580e+002 0.000000e+000
4.498325e+001 -1.184272e+002 0.000000e+000
4.501159e+001 -1.183963e+002 0.000000e+000
4.503993e+001 -1.183654e+002 0.000000e+000
4.506827e+001 -1.183346e+002 0.000000e+000
4.509661e+001 -1.183037e+002 0.000000e+000
4.512495e+001 -1.182728e+002 0.000000e+000
4.515329e+001 -1.182420e+002 0.000000e+000
4.518163e+001 -1.182111e+002 0.000000e+000
4.520997e+001 -1.181802e+002 0.000000e+000
4.523832e+001 -1.181494e+002 0.000000e+000
4.526666e+001 -1.181185e+002 0.000000e+000
4.529500e+001 -1.180876e+002 0.000000e+000
4.532334e+001 -1.180568e+002 0.000000e+000
4.535168e+001 -1.180259e+002 0.000000e+000
4.538002e+001 -1.179951e+002 0.000000e+000
4.540836e+001 -1.179642e+002 0.000000e+000
4.543670e+001 -1.179333e+002 0.000000e+000
4.546504e+001 -1.179025e+002 0.000000e+000
4.549338e+001 -1.178716e+002 0.000000e+000
4.552172e+001 -1.178407e+002 0.000000e+000
4.555006e+001 -1.178099e+002 0.000000e+000
4.557840e+001 -1.177790e+002 0.000000e+000
4.560674e+001 -1.177481e+002 0.000000e+000
4.563508e+001 -1.177173e+002 0.000000e+000
4.566342e+001 -1.176864e+002 0.000000e+000
4.569176e+001 -1.176555e+002 0.000000e+000
4.572010e+001 -1.176247e+002 0.000000e+000
4.574844e+001 -1.175938e+002 0.000000e+000
4.577678e+001 -1.175630e+002 0.000000e+000
4.580512e+001 -1.175321e+002 0.000000e+000
4.583346e+001 -1.175012e+002 0.000000e+000
4.586180e+001 -1.174704e+002 0.000000e+000
4.589014e+001 -1.174395e+002 0.000000e+000
4.591848e+001 -1.174086e+002 0.000000e+000
4.594682e+001 -1.173778e+002 0.000000e+000
4.597516e+001 -1.173469e+002 0.000000e+000
4.600350e+001 -1.173160e+002 0.000000e+000
4.603184e+001 -1.172852e+002 0.000000e+000
4.606018e+001 -1.172543e+002 0.000000e+000
4.608852e+001 -1.172234e+002 0.000000e+000
4.611686e+001 -1.171926e+002 0.000000e+000
4.614521e+001 -1.171617e+002 0.000000e+000
4.617355e+001 -1.171309e+002 0.000000e+000
4.620189e+001 -1.171000e+002 0.000000e+000
4.623023e+001 -1.170691e+002 0.000000e+000
4.625857e+001 -1.170383e+002 0.000000e+000
4.628691e+001 -1.170074e+002 0.000000e+000
4.631525e+001 -1.169765e+002 0.000000e+000
4.634359e+001 -1.169457e+002 0.000000e+000
4.637193e+001 -1.169148e+002 0.000000e+000
4.640027e+001 -1.168839e+002 0.000000e+000
4.642861e+001 -1.168531e+002 0.000000e+000
4.645695e+001 -1.168222e+002 0.000000e+000
4.648529e+001 -1.167913e+002 0.000000e+000
4.651363e+001 -1.167605e+002 0.000000e+000
4.654197e+001 -1.167296e+002 0.000000e+000
4.657031e+001 -1.166988e+002 0.000000e+000
4.659865e+001 -1.166679e+002 0.000000e+000
4.662699e+001 -1.166370e+002 0.000000e+000
4.665533e+001 -1.166062e+002 0.000000e+000
4.668367e+001 -1.165753e+002 0.000000e+000
4.671201e+001 -1.165444e+002 0.000000e+000
4.674035e+001 -1.165136e+002 0.000000e+000
4.676869e+001 -1.164827e+002 0.000000e+000
4.679703e+001 -1.164518e+002 0.000000e+000
4.682537e+001 -1.164210e+002 0.000000e+000
4.685371e+001 -1.163901e+002 0.000000e+000
4.688205e+001 -1.163592e+002 0.000000e+000
4.691039e+001 -1.163284e+002 0.000000e+000
4.693873e+001 -1.162975e+002 0.000000e+000
4.696707e+001 -1.162666e+002 0.000000e+000
4.699541e+001 -1.162358e+002 0.000000e+000
4.702375e+001 -1.162049e+002 0.000000e+000
4.705209e+001 -1.161741e+002 0.000000e+000
4.708044e+001 -1.161432e+002 0.000000e+000
4.710878e+001 -1.161123e+002 0.000000e+000
4.713712e+001 -1.160815e+002 0.000000e+000
4.716546e+001 -1.160506e+002 0.000000e+000
4.719380e+001 -1.160197e+002 0.000000e+000
4.722214e+001 -1.159889e+002 0.000000e+000
4.725048e+001 -1.159580e+002 0.000000e+000
4.727882e+001 -1.159271e+002 0.000000e+000
4.730716e+001 -1.158963e+002 0.000000e+000
4.733550e+001 -1.158654e+002 0.000000e+000
4.736384e+001 -1.158345e+002 0.000000e+000
4.739218e+001 -1.158037e+002 0.000000e+000
4.742052e+001 -1.157728e+002 0.000000e+000
4.744886e+001 -1.157420e+002 0.000000e+000
4.747720e+001 -1.157111e+002 0.000000e+000
4.750554e+001 -1.156802e+002 0.000000e+000
4.753177e+001 -1.156476e+002 0.000000e+000
4.755801e+001 -1.156149e+002 0.000000e+000
4.758424e+001 -1.155822e+002 0.000000e+000
4.761048e+001 -1.155495e+002 0.000000e+000
4.763671e+001 -1.155169e+002 0.000000e+000
4.766295e+001 -1.154842e+002 0.000000e+000
4.768918e+001 -1.154515e+002 0.000000e+000
4.771542e+001 -1.154188e+002 0.000000e+000
4.774165e+001 -1.153862e+002 0.000000e+000
4.776789e+001 -1.153535e+002 0.000000e+000
4.779412e+001 -1.153208e+002 0.000000e+000
4.782036e+001 -1.152882e+002 0.000000e+000
4.784659e+001 -1.152555e+002 0.000000e+000
4.787283e+001 -1.152228e+002 0.000000e+000
4.789906e+001 -1.151901e+002 0.000000e+000
4.792530e+001 -1.151575e+002 0.000000e+000
4.795153e+001 -1.151248e+002 0.000000e+000
4.797777e+001 -1.150921e+002 0.000000e+000
4.800400e+001 -1.150594e+002 0.000000e+000
4.803024e+001 -1.150268e+002 0.000000e+000
4.805647e+001 -1.149941e+002 0.000000e+000
4.808271e+001 -1.149614e+002 0.000000e+000
4.810894e+001 -1.149288e+002 0.000000e+000
4.813517e+001 -1.148961e+002 0.000000e+000
4.816141e+001 -1.148634e+002 0.000000e+000
4.818764e+001 -1.148307e+002 0.000000e+000
4.821388e+001 -1.147981e+002 0.000000e+000
4.824011e+001 -1.147654e+002 0.000000e+000
4.826635e+001 -1.147327e+002 0.000000e+000
4.829258e+001 -1.147000e+002 0.000000e+000
4.831882e+001 -1.146674e+002 0.000000e+000
4.834505e+001 -1.146347e+002 0.000000e+000
4.837129e+001 -1.146020e+002 0.000000e+000
4.839752e+001 -1.145693e+002 0.000000e+000
4.842376e+001 -1.145367e+002 0.000000e+000
4.844999e+001 -1.145040e+002 0.000000e+000
4.847623e+001 -1.144713e+002 0.000000e+000
4.850246e+001 -1.144387e+002 0.000000e+000
4.852870e+001 -1.144060e+002 0.000000e+000
4.855493e+001 -1.143733e+002 0.000000e+000
4.858117e+001 -1.143406e+002 0.000000e+000
4.860740e+001 -1.143080e+002 0.000000e+000
4.863364e+001 -1.142753e+002 0.000000e+000
4.865987e+001 -1.142426e+002 0.000000e+000
4.868611e+001 -1.142099e+002 0.000000e+000
4.871234e+001 -1.141773e+002 0.000000e+000
4.873857e+001 -1.141446e+002 0.000000e+000
4.876481e+001 -1.141119e+002 0.000000e+000
4.879104e+001 -1.140793e+002 0.000000e+000
4.881728e+001 -1.140466e+002 0.000000e+000
4.884351e+001 -1.140139e+002 0.000000e+000
4.886975e+001 -1.139812e+002 0.000000e+000
4.889598e+001 -1.139486e+002 0.000000e+000
4.892222e+001 -1.139159e+002 0.000000e+000
4.894845e+001 -1.138832e+002 0.000000e+000
4.897469e+001 -1.138505e+002 0.000000e+000
4.900092e+001 -1.138179e+002 0.000000e+000
4.902716e+001 -1.137852e+002 0.000000e+000
4.905339e+001 -1.137525e+002 0.000000e+000
4.907963e+001 -1.137199e+002 0.000000e+000
4.910586e+001 -1.136872e+002 0.000000e+000
4.913210e+001 -1.136545e+002 0.000000e+000
4.915833e+001 -1.136218e+002 0.000000e+000
4.918457e+001 -1.135892e+002 0.000000e+000
4.921080e+001 -1.135565e+002 0.000000e+000
4.923704e+001 -1.135238e+002 0.000000e+000
4.926327e+001 -1.134911e+002 0.000000e+000
4.928951e+001 -1.134585e+002 0.000000e+000
4.931574e+001 -1.134258e+002 0.000000e+000
4.934198e+001 -1.133931e+002 0.000000e+000
4.936821e+001 -1.133605e+002 0.000000e+000
4.939444e+001 -1.133278e+002 0.000000e+000
4.942068e+001 -1.132951e+002 0.000000e+000
4.944691e+001 -1.132624e+002 0.000000e+000
4.947315e+001 -1.132298e+002 0.000000e+000
4.949938e+001 -1.131971e+002 0.000000e+000
4.952562e+001 -1.131644e+002 0.000000e+000
4.955185e+001 -1.131317e+002 0.000000e+000
4.957809e+001 -1.130991e+002 0.000000e+000
4.960432e+001 -1.130664e+002 0.000000e+000
4.963056e+001 -1.130337e+002 0.000000e+000
4.965679e+001 -1.130011e+002 0.000000e+000
4.968303e+001 -1.129684e+002 0.000000e+000
4.970926e+001 -1.129357e+002 0.000000e+000
4.973550e+001 -1.129030e+002 0.000000e+000
4.976173e+001 -1.128704e+002 0.000000e+000
4.978797e+001 -1.128377e+002 0.000000e+000
4.981420e+001 -1.128050e+002 0.000000e+000
4.984044e+001 -1.127723e+002 0.000000e+000
4.986667e+001 -1.127397e+002 0.000000e+000
4.989291e+001 -1.127070e+002 0.000000e+000
4.991914e+001 -1.126743e+002 0.000000e+000
4.994538e+001 -1.126416e+002 0.000000e+000
4.997161e+001 -1.126090e+002 0.000000e+000
4.999784e+001 -1.125763e+002 0.000000e+000
5.002408e+001 -1.125436e+002 0.000000e+000
5.005031e+001 -1.125110e+002 0.000000e+000
5.007655e+001 -1.124783e+002 0.000000e+000
5.010278e+001 -1.124456e+002 0.000000e+000
5.012680e+001 -1.124113e+002 0.000000e+000
5.015081e+001 -1.123769e+002 0.000000e+000
5.017483e+001 -1.123426e+002 0.000000e+000
5.019884e+001 -1.123083e+002 0.000000e+000
5.022285e+001 -1.122739e+002 0.000000e+000
5.024687e+001 -1.122396e+002 0.000000e+000
5.027088e+001 -1.122052e+002 0.000000e+000
5.029490e+001 -1.121709e+002 0.000000e+000
5.031891e+001 -1.121366e+002 0.000000e+000
5.034293e+001 -1.121022e+002 0.000000e+000
5.036694e+001 -1.120679e+002 0.000000e+000
5.039095e+001 -1.120336e+002 0.000000e+000
5.041497e+001 -1.119992e+002 0.000000e+000
5.043898e+001 -1.119649e+002 0.000000e+000
5.046300e+001 -1.119305e+002 0.000000e+000
5.048701e+001 -1.118962e+002 0.000000e+000
5.051102e+001 -1.118619e+002 0.000000e+000
5.053504e+001 -1.118275e+002 0.000000e+000
5.055905e+001 -1.117932e+002 0.000000e+000
5.058307e+001 -1.117589e+002 0.000000e+000
5.060708e+001 -1.117245e+002 0.000000e+000
5.063110e+001 -1.116902e+002 0.000000e+000
5.065511e+001 -1.116558e+002 0.000000e+000
5.067912e+001 -1.116215e+002 0.000000e+000
5.070314e+001 -1.115872e+002 0.000000e+000
5.072715e+001 -1.115528e+002 0.000000e+000
5.075117e+001 -1.115185e+002 0.000000e+000
5.077518e+001 -1.114841e+002 0.000000e+000
5.079919e+001 -1.114498e+002 0.000000e+000
5.082321e+001 -1.114155e+002 0.000000e+000
5.084722e+001 -1.113811e+002 0.000000e+000
5.087124e+001 -1.113468e+002 0.000000e+000
5.089525e+001 -1.113125e+002 0.000000e+000
5.091927e+001 -1.112781e+002 0.000000e+000
5.094328e+001 -1.112438e+002 0.000000e+000
5.096729e+001 -1.112094e+002 0.000000e+000
5.099131e+001 -1.111751e+002 0.000000e+000
5.101532e+001 -1.111408e+002 0.000000e+000
5.103934e+001 -1.111064e+002 0.000000e+000
5.106335e+001 -1.110721e+002 0.000000e+000
5.108736e+001 -1.110378e+002 0.000000e+000
5.111138e+001 -1.110034e+002 0.000000e+000
5.113539e+001 -1.109691e+002 0.000000e+000
5.115941e+001 -1.109347e+002 0.000000e+000
5.118342e+001 -1.109004e+002 0.000000e+000
5.120744e+001 -1.108661e+002 0.000000e+000
5.123145e+001 -1.108317e+002 0.000000e+000
5.125546e+001 -1.107974e+002 0.000000e+000
5.127948e+001 -1.107630e+002 0.000000e+000
5.130349e+001 -1.107287e+002 0.000000e+000
5.132751e+001 -1.106944e+002 0.000000e+000
5.135152e+001 -1.106600e+002 0.000000e+000
5.137553e+001 -1.106257e+002 0.000000e+000
5.139955e+001 -1.105914e+002 0.000000e+000
5.142356e+001 -1.105570e+002 0.000000e+000
5.144758e+001 -1.105227e+002 0.000000e+000
5.147159e+001 -1.104883e+002 0.000000e+000
5.149560e+001 -1.104540e+002 0.000000e+000
5.151962e+001 -1.104197e+002 0.000000e+000
5.154363e+001 -1.103853e+002 0.000000e+000
5.156765e+001 -1.103510e+002 0.000000e+000
5.159166e+001 -1.103167e+002 0.000000e+000
5.161568e+001 -1.102823e+002 0.000000e+000
5.163969e+001 -1.102480e+002 0.000000e+000
5.166370e+001 -1.102136e+002 0.000000e+000
5.168772e+001 -1.101793e+002 0.000000e+000
5.171173e+001 -1.101450e+002 0.000000e+000
5.173575e+001 -1.101106e+002 0.000000e+000
5.175976e+001 -1.100763e+002 0.000000e+000
5.178377e+001 -1.100419e+002 0.000000e+000
5.180779e+001 -1.100076e+002 0.000000e+000
5.183180e+001 -1.099733e+002 0.000000e+000
5.185582e+001 -1.099389e+002 0.000000e+000
5.187983e+001 -1.099046e+002 0.000000e+000
5.190385e+001 -1.098703e+002 0.000000e+000
5.192786e+001 -1.098359e+002 0.000000e+000
5.195187e+001 -1.098016e+002 0.000000e+000
5.197589e+001 -1.097672e+002 0.000000e+000
5.199990e+001 -1.097329e+002 0.000000e+000
5.202392e+001 -1.096986e+002 0.000000e+000
5.204793e+001 -1.096642e+002 0.000000e+000
5.207194e+001 -1.096299e+002 0.000000e+000
5.209596e+001 -1.095956e+002 0.000000e+000
5.211997e+001 -1.095612e+002 0.000000e+000
5.214399e+001 -1.095269e+002 0.000000e+000
5.216800e+001 -1.094925e+002 0.000000e+000
5.219202e+001 -1.094582e+002 0.000000e+000
5.221603e+001 -1.094239e+002 0.000000e+000
5.224004e+001 -1.093895e+002 0.000000e+000
5.226406e+001 -1.093552e+002 0.000000e+000
5.228807e+001 -1.093209e+002 0.000000e+000
5.231209e+001 -1.092865e+002 0.000000e+000
5.233610e+001 -1.092522e+002 0.000000e+000
5.236011e+001 -1.092178e+002 0.000000e+000
5.238413e+001 -1.091835e+002 0.000000e+000
5.240814e+001 -1.091492e+002 0.000000e+000
5.243216e+001 -1.091148e+002 0.000000e+000
5.245617e+001 -1.090805e+002 0.000000e+000
5.248019e+001 -1.090461e+002 0.000000e+000
5.250187e+001 -1.090103e+002 0.000000e+000
5.252356e+001 -1.089744e+002 0.000000e+000
5.254525e+001 -1.089386e+002 0.000000e+000
5.256694e+001 -1.089027e+002 0.000000e+000
5.258863e+001 -1.088669e+002 0.000000e+000
5.261031e+001 -1.088310e+002 0.000000e+000
5.263200e+001 -1.087952e+002 0.000000e+000
5.265369e+001 -1.087593e+002 0.000000e+000
5.267538e+001 -1.087235e+002 0.000000e+000
5.269707e+001 -1.086876e+002 0.000000e+000
5.271875e+001 -1.086518e+002 0.000000e+000
5.274044e+001 -1.086159e+002 0.000000e+000
5.276213e+001 -1.085801e+002 0.000000e+000
5.278382e+001 -1.085442e+002 0.000000e+000
5.280551e+001 -1.085084e+002 0.000000e+000
5.282720e+001 -1.084725e+002 0.000000e+000
5.284888e+001 -1.084367e+002 0.000000e+000
5.287057e+001 -1.084008e+002 0.000000e+000
5.289226e+001 -1.083649e+002 0.000000e+000
5.291395e+001 -1.083291e+002 0.000000e+000
5.293564e+001 -1.082932e+002 0.000000e+000
5.295732e+001 -1.082574e+002 0.000000e+000
5.297901e+001 -1.082215e+002 0.000000e+000
5.300070e+001 -1.081857e+002 0.000000e+000
5.302239e+001 -1.081498e+002 0.000000e+000
5.304408e+001 -1.081140e+002 0.000000e+000
5.306577e+001 -1.080781e+002 0.000000e+000
5.308745e+001 -1.080423e+002 0.000000e+000
5.310914e+001 -1.080064e+002 0.000000e+000
5.313083e+001 -1.079706e+002 0.000000e+000
5.315252e+001 -1.079347e+002 0.000000e+000
5.317421e+001 -1.078989e+002 0.000000e+000
5.319589e+001 -1.078630e+002 0.000000e+000
5.321758e+001 -1.078272e+002 0.000000e+000
5.323927e+001 -1.077913e+002 0.000000e+000
5.326096e+001 -1.077555e+002 0.000000e+000
5.328265e+001 -1.077196e+002 0.000000e+000
5.330433e+001 -1.076838e+002 0.000000e+000
5.332602e+001 -1.076479e+002 0.000000e+000
5.334771e+001 -1.076120e+002 0.000000e+000
5.336940e+001 -1.075762e+002 0.000000e+000
5.339109e+001 -1.075403e+002 0.000000e+000
5.341278e+001 -1.075045e+002 0.000000e+000
5.343446e+001 -1.074686e+002 0.000000e+000
5.345615e+001 -1.074328e+002 0.000000e+000
5.347784e+001 -1.073969e+002 0.000000e+000
5.349953e+001 -1.073611e+002 0.000000e+000
5.352122e+001 -1.073252e+002 0.000000e+000
5.354290e+001 -1.072894e+002 0.000000e+000
5.356459e+001 -1.072535e+002 0.000000e+000
5.358628e+001 -1.072177e+002 0.000000e+000
5.360797e+001 -1.071818e+002 0.000000e+000
5.362966e+001 -1.071460e+002 0.000000e+000
5.365135e+001 -1.071101e+002 0.000000e+000
5.367303e+001 -1.070743e+002 0.000000e+000
5.369472e+001 -1.070384e+002 0.000000e+000
5.371641e+001 -1.070026e+002 0.000000e+000
5.373810e+001 -1.069667e+002 0.000000e+000
5.375979e+001 -1.069308e+002 0.000000e+000
5.378147e+001 -1.068950e+002 0.000000e+000
5.380316e+001 -1.068591e+002 0.000000e+000
5.382485e+001 -1.068233e+002 0.000000e+000
5.384654e+001 -1.067874e+002 0.000000e+000
5.386823e+001 -1.067516e+002 0.000000e+000
5.388992e+001 -1.067157e+002 0.000000e+000
5.391160e+001 -1.066799e+002 0.000000e+000
5.393329e+001 -1.066440e+002 0.000000e+000
5.395498e+001 -1.066082e+002 0.000000e+000
5.397667e+001 -1.065723e+002 0.000000e+000
5.399836e+001 -1.065365e+002 0.000000e+000
5.402004e+001 -1.065006e+002 0.000000e+000
5.404173e+001 -1.064648e+002 0.000000e+000
5.406342e+001 -1.064289e+002 0.000000e+000
5.408511e+001 -1.063931e+002 0.000000e+000
5.410680e+001 -1.063572e+002 0.000000e+000
5.412848e+001 -1.063214e+002 0.000000e+000
5.415017e+001 -1.062855e+002 0.000000e+000
5.417186e+001 -1.062496e+002 0.000000e+000
5.419355e+001 -1.062138e+002 0.000000e+000
5.421524e+001 -1.061779e+002 0.000000e+000
5.423693e+001 -1.061421e+002 0.000000e+000
5.425861e+001 -1.061062e+002 0.000000e+000
5.428030e+001 -1.060704e+002 0.000000e+000
5.430199e+001 -1.060345e+002 0.000000e+000
5.432368e+001 -1.059987e+002 0.000000e+000
5.434537e+001 -1.059628e+002 0.000000e+000
5.436705e+001 -1.059270e+002 0.000000e+000
5.438874e+001 -1.058911e+002 0.000000e+000
5.441043e+001 -1.058553e+002 0.000000e+000
5.443212e+001 -1.058194e+002 0.000000e+000
5.445381e+001 -1.057836e+002 0.000000e+000
5.447550e+001 -1.057477e+002 0.000000e+000
5.449718e+001 -1.057119e+002 0.000000e+000
5.451887e+001 -1.056760e+002 0.000000e+000
5.454056e+001 -1.056402e+002 0.000000e+000
5.456225e+001 -1.056043e+002 0.000000e+000
5.458394e+001 -1.055685e+002 0.000000e+000
5.460562e+001 -1.055326e+002 0.000000e+000
5.462731e+001 -1.054967e+002 0.000000e+000
5.464916e+001 -1.054541e+002 0.000000e+000
5.467101e+001 -1.054114e+002 0.000000e+000
5.469285e+001 -1.053687e+002 0.000000e+000
5.471470e+001 -1.053260e+002 0.000000e+000
5.473655e+001 -1.052833e+002 0.000000e+000
5.475839e+001 -1.052406e+002 0.000000e+000
5.478024e+001 -1.051979e+002 0.000000e+000
5.480209e+001 -1.051552e+002 0.000000e+000
5.482394e+001 -1.051125e+002 0.000000e+000
5.484578e+001 -1.050698e+002 0.000000e+000
5.486763e+001 -1.050271e+002 0.000000e+000
5.488948e+001 -1.049844e+002 0.000000e+000
5.491132e+001 -1.049417e+002 0.000000e+000
5.493317e+001 -1.048991e+002 0.000000e+000
5.495502e+001 -1.048564e+002 0.000000e+000
5.497687e+001 -1.048137e+002 0.000000e+000
5.499871e+001 -1.047710e+002 0.000000e+000
5.502056e+001 -1.047283e+002 0.000000e+000
5.504241e+001 -1.046856e+002 0.000000e+000
5.506425e+001 -1.046429e+002 0.000000e+000
5.508610e+001 -1.046002e+002 0.000000e+000
5.510795e+001 -1.045575e+002 0.000000e+000
5.512980e+001 -1.045148e+002 0.000000e+000
5.515164e+001 -1.044721e+002 0.000000e+000
5.517349e+001 -1.044294e+002 0.000000e+000
5.519534e+001 -1.043867e+002 0.000000e+000
5.521718e+001 -1.043441e+002 0.000000e+000
5.523903e+001 -1.043014e+002 0.000000e+000
5.526088e+001 -1.042587e+002 0.000000e+000
5.528273e+001 -1.042160e+002 0.000000e+000
5.530457e+001 -1.041733e+002 0.000000e+000
5.532642e+001 -1.041306e+002 0.000000e+000
5.534827e+001 -1.040879e+002 0.000000e+000
5.537011e+001 -1.040452e+002 0.000000e+000
5.539196e+001 -1.040025e+002 0.000000e+000
5.541381e+001 -1.039598e+002 0.000000e+000
5.543566e+001 -1.039171e+002 0.000000e+000
5.545750e+001 -1.038744e+002 0.000000e+000
5.547935e+001 -1.038318e+002 0.000000e+000
5.550120e+001 -1.037891e+002 0.000000e+000
5.552304e+001 -1.037464e+002 0.000000e+000
5.554489e+001 -1.037037e+002 0.000000e+000
5.556674e+001 -1.036610e+002 0.000000e+000
5.558858e+001 -1.036183e+002 0.000000e+000
5.561043e+001 -1.035756e+002 0.000000e+000
5.563228e+001 -1.035329e+002 0.000000e+000
5.565413e+001 -1.034902e+002 0.000000e+000
5.567597e+001 -1.034475e+002 0.000000e+000
5.569782e+001 -1.034048e+002 0.000000e+000
5.571967e+001 -1.033621e+002 0.000000e+000
5.574151e+001 -1.033194e+002 0.000000e+000
5.576336e+001 -1.032768e+002 0.000000e+000
5.578521e+001 -1.032341e+002 0.000000e+000
5.580706e+001 -1.031914e+002 0.000000e+000
5.582890e+001 -1.031487e+002 0.000000e+000
5.585075e+001 -1.031060e+002 0.000000e+000
5.587260e+001 -1.030633e+002 0.000000e+000
5.589444e+001 -1.030206e+002 0.000000e+000
5.591629e+001 -1.029779e+002 0.000000e+000
5.593814e+001 -1.029352e+002 0.000000e+000
5.595999e+001 -1.028925e+002 0.000000e+000
5.598183e+001 -1.028498e+002 0.000000e+000
5.600368e+001 -1.028071e+002 0.000000e+000
5.602553e+001 -1.027644e+002 0.000000e+000
5.604737e+001 -1.027218e+002 0.000000e+000
5.606922e+001 -1.026791e+002 0.000000e+000
5.609107e+001 -1.026364e+002 0.000000e+000
5.611292e+001 -1.025937e+002 0.000000e+000
5.613476e+001 -1.025510e+002 0.000000e+000
5.615661e+001 -1.025083e+002 0.000000e+000
5.617846e+001 -1.024656e+002 0.000000e+000
5.620030e+001 -1.024229e+002 0.000000e+000
5.622215e+001 -1.023802e+002 0.000000e+000
5.624400e+001 -1.023375e+002 0.000000e+000
5.626585e+001 -1.022948e+002 0.000000e+000
5.628769e+001 -1.022521e+002 0.000000e+000
5.630954e+001 -1.022094e+002 0.000000e+000
5.633139e+001 -1.021668e+002 0.000000e+000
5.635323e+001 -1.021241e+002 0.000000e+000
5.637508e+001 -1.020814e+002 0.000000e+000
5.639693e+001 -1.020387e+002 0.000000e+000
5.641877e+001 -1.019960e+002 0.000000e+000
5.644062e+001 -1.019533e+002 0.000000e+000
5.646247e+001 -1.019106e+002 0.000000e+000
5.648432e+001 -1.018679e+002 0.000000e+000
5.650616e+001 -1.018252e+002 0.000000e+000
5.652801e+001 -1.017825e+002 0.000000e+000
5.654986e+001 -1.017398e+002 0.000000e+000
5.657170e+001 -1.016971e+002 0.000000e+000
5.659355e+001 -1.016545e+002 0.000000e+000
5.661540e+001 -1.016118e+002 0.000000e+000
5.663725e+001 -1.015691e+002 0.000000e+000
5.665909e+001 -1.015264e+002 0.000000e+000
5.668094e+001 -1.014837e+002 0.000000e+000
5.670279e+001 -1.014410e+002 0.000000e+000
5.672463e+001 -1.013983e+002 0.000000e+000
5.674648e+001 -1.013556e+002 0.000000e+000
5.676833e+001 -1.013129e+002 0.000000e+000
5.679018e+001 -1.012702e+002 0.000000e+000
5.680876e+001 -1.012259e+002 0.000000e+000
5.682735e+001 -1.011816e+002 0.000000e+000
5.684593e+001 -1.011373e+002 0.000000e+000
5.686452e+001 -1.010929e+002 0.000000e+000
5.688310e+001 -1.010486e+002 0.000000e+000
5.690169e+001 -1.010043e+002 0.000000e+000
5.692027e+001 -1.009600e+002 0.000000e+000
5.693886e+001 -1.009157e+002 0.000000e+000
5.695745e+001 -1.008713e+002 0.000000e+000
5.697603e+001 -1.008270e+002 0.000000e+000
5.699462e+001 -1.007827e+002 0.000000e+000
5.701320e+001 -1.007384e+002 0.000000e+000
5.703179e+001 -1.006941e+002 0.000000e+000
5.705037e+001 -1.006498e+002 0.000000e+000
5.706896e+001 -1.006054e+002 0.000000e+000
5.708754e+001 -1.005611e+002 0.000000e+000
5.710613e+001 -1.005168e+002 0.000000e+000
5.712471e+001 -1.004725e+002 0.000000e+000
5.714330e+001 -1.004282e+002 0.000000e+000
5.716189e+001 -1.003838e+002 0.000000e+000
5.718047e+001 -1.003395e+002 0.000000e+000
5.719906e+001 -1.002952e+002 0.000000e+000
5.721764e+001 -1.002509e+002 0.000000e+000
5.723623e+001 -1.002066e+002 0.000000e+000
5.725481e+001 -1.001622e+002 0.000000e+000
5.727340e+001 -1.001179e+002 0.000000e+000
5.729198e+001 -1.000736e+002 0.000000e+000
5.731057e+001 -1.000293e+002 0.000000e+000
5.732916e+001 -9.998497e+001 0.000000e+000
5.734774e+001 -9.994065e+001 0.000000e+000
5.736633e+001 -9.989633e+001 0.000000e+000
5.738491e+001 -9.985201e+001 0.000000e+000
5.740350e+001 -9.980769e+001 0.000000e+000
5.742208e+001 -9.976337e+001 0.000000e+000
5.744067e+001 -9.971905e+001 0.000000e+000
5.745925e+001 -9.967473e+001 0.000000e+000
5.747784e+001 -9.963041e+001 0.000000e+000
5.749643e+001 -9.958610e+001 0.000000e+000
5.751501e+001 -9.954178e+001 0.000000e+000
5.753360e+001 -9.949746e+001 0.000000e+000
5.755218e+001 -9.945314e+001 0.000000e+000
5.757077e+001 -9.940882e+001 0.000000e+000
5.758935e+001 -9.936450e+001 0.000000e+000
5.760794e+001 -9.932018e+001 0.000000e+000
5.762652e+001 -9.927586e+001 0.000000e+000
5.764511e+001 -9.923154e+001 0.000000e+000
5.766370e+001 -9.918722e+001 0.000000e+000
5.768228e+001 -9.914290e+001 0.000000e+000
5.770087e+001 -9.909858e+001 0.000000e+000
5.771945e+001 -9.905427e+001 0.000000e+000
5.773804e+001 -9.900995e+001 0.000000e+000
5.775662e+001 -9.896563e+001 0.000000e+000
5.777521e+001 -9.892131e+001 0.000000e+000
5.779379e+001 -9.887699e+001 0.000000e+000
5.781238e+001 -9.883267e+001 0.000000e+000
5.783096e+001 -9.878835e+001 0.000000e+000
5.784955e+001 -9.874403e+001 0.000000e+000
5.786814e+001 -9.869971e+001 0.000000e+000
5.788672e+001 -9.865539e+001 0.000000e+000
5.790531e+001 -9.861107e+001 0.000000e+000
5.792389e+001 -9.856676e+001 0.000000e+000
5.794248e+001 -9.852244e+001 0.000000e+000
5.796106e+001 -9.847812e+001 0.000000e+000
5.797965e+001 -9.843380e+001 0.000000e+000
5.799823e+001 -9.838948e+001 0.000000e+000
5.801682e+001 -9.834516e+001 0.000000e+000
5.803541e+001 -9.830084e+001 0.000000e+000
5.805399e+001 -9.825652e+001 0.000000e+000
5.807258e+001 -9.821220e+001 0.000000e+000
5.809116e+001 -9.816788e+001 0.000000e+000
5.810975e+001 -9.812356e+001 0.000000e+000
5.812833e+001 -9.807925e+001 0.000000e+000
5.814692e+001 -9.803493e+001 0.000000e+000
5.816550e+001 -9.799061e+001 0.000000e+000
5.818409e+001 -9.794629e+001 0.000000e+000
5.820268e+001 -9.790197e+001 0.000000e+000
5.822126e+001 -9.785765e+001 0.000000e+000
5.823985e+001 -9.781333e+001 0.000000e+000
5.825843e+001 -9.776901e+001 0.000000e+000
5.827702e+001 -9.772469e+001 0.000000e+000
5.829560e+001 -9.768037e+001 0.000000e+000
5.831419e+001 -9.763605e+001 0.000000e+000
5.833277e+001 -9.759173e+001 0.000000e+000
5.835136e+001 -9.754742e+001 0.000000e+000
5.836994e+001 -9.750310e+001 0.000000e+000
5.838853e+001 -9.745878e+001 0.000000e+000
5.840712e+001 -9.741446e+001 0.000000e+000
5.842570e+001 -9.737014e+001 0.000000e+000
5.844429e+001 -9.732582e+001 0.000000e+000
5.846287e+001 -9.728150e+001 0.000000e+000
5.848146e+001 -9.723718e+001 0.000000e+000
5.850004e+001 -9.719286e+001 0.000000e+000
5.851863e+001 -9.714854e+001 0.000000e+000
5.853721e+001 -9.710422e+001 0.000000e+000
5.855580e+001 -9.705991e+001 0.000000e+000
5.857439e+001 -9.701559e+001 0.000000e+000
5.859297e+001 -9.697127e+001 0.000000e+000
5.861156e+001 -9.692695e+001 0.000000e+000
5.863014e+001 -9.688263e+001 0.000000e+000
5.864528e+001 -9.683712e+001 0.000000e+000
5.866042e+001 -9.679162e+001 0.000000e+000
5.867556e+001 -9.674611e+001 0.000000e+000
5.869070e+001 -9.670061e+001 0.000000e+000
5.870584e+001 -9.665510e+001 0.000000e+000
5.872098e+001 -9.660960e+001 0.000000e+000
5.873612e+001 -9.656409e+001 0.000000e+000
5.875125e+001 -9.651859e+001 0.000000e+000
5.876639e+001 -9.647308e+001 0.000000e+000
5.878153e+001 -9.642758e+001 0.000000e+000
5.879667e+001 -9.638207e+001 0.000000e+000
5.881181e+001 -9.633657e+001 0.000000e+000
5.882695e+001 -9.629106e+001 0.000000e+000
5.884209e+001 -9.624556e+001 0.000000e+000
5.885723e+001 -9.620005e+001 0.000000e+000
5.887237e+001 -9.615455e+001 0.000000e+000
5.888751e+001 -9.610904e+001 0.000000e+000
5.890265e+001 -9.606354e+001 0.000000e+000
5.891778e+001 -9.601803e+001 0.000000e+000
5.893292e+001 -9.597252e+001 0.000000e+000
5.894806e+001 -9.592702e+001 0.000000e+000
5.896320e+001 -9.588151e+001 0.000000e+000
5.897834e+001 -9.583601e+001 0.000000e+000
5.899348e+001 -9.579050e+001 0.000000e+000
5.900862e+001 -9.574500e+001 0.000000e+000
5.902376e+001 -9.569949e+001 0.000000e+000
5.903890e+001 -9.565399e+001 0.000000e+000
5.905404e+001 -9.560848e+001 0.000000e+000
5.906917e+001 -9.556298e+001 0.000000e+000
5.908431e+001 -9.551747e+001 0.000000e+000
5.909945e+001 -9.547197e+001 0.000000e+000
5.911459e+001 -9.542646e+001 0.000000e+000
5.912973e+001 -9.538096e+001 0.000000e+000
5.914487e+001 -9.533545e+001 0.000000e+000
5.916001e+001 -9.528995e+001 0.000000e+000
5.917515e+001 -9.524444e+001 0.000000e+000
5.919029e+001 -9.519894e+001 0.000000e+000
5.920543e+001 -9.515343e+001 0.000000e+000
5.922057e+001 -9.510793e+001 0.000000e+000
5.923570e+001 -9.506242e+001 0.000000e+000
5.925084e+001 -9.501692e+001 0.000000e+000
5.926598e+001 -9.497141e+001 0.000000e+000
5.928112e+001 -9.492590e+001 0.000000e+000
5.929626e+001 -9.488040e+001 0.000000e+000
5.931140e+001 -9.483489e+001 0.000000e+000
5.932654e+001 -9.478939e+001 0.000000e+000
5.934168e+001 -9.474388e+001 0.000000e+000
5.935682e+001 -9.469838e+001 0.000000e+000
5.937196e+001 -9.465287e+001 0.000000e+000
5.938710e+001 -9.460737e+001 0.000000e+000
5.940223e+001 -9.456186e+001 0.000000e+000
5.941737e+001 -9.451636e+001 0.000000e+000
5.943251e+001 -9.447085e+001 0.000000e+000
5.944765e+001 -9.442535e+001 0.000000e+000
5.946279e+001 -9.437984e+001 0.000000e+000
5.947793e+001 -9.433434e+001 0.000000e+000
5.949307e+001 -9.428883e+001 0.000000e+000
5.950821e+001 -9.424333e+001 0.000000e+000
5.952335e+001 -9.419782e+001 0.000000e+000
5.953849e+001 -9.415232e+001 0.000000e+000
5.955362e+001 -9.410681e+001 0.000000e+000
5.956876e+001 -9.406131e+001 0.000000e+000
5.958390e+001 -9.401580e+001 0.000000e+000
5.959904e+001 -9.397029e+001 0.000000e+000
5.961418e+001 -9.392479e+001 0.000000e+000
5.962932e+001 -9.387928e+001 0.000000e+000
5.964446e+001 -9.383378e+001 0.000000e+000
5.965960e+001 -9.378827e+001 0.000000e+000
5.967474e+001 -9.374277e+001 0.000000e+000
5.968988e+001 -9.369726e+001 0.000000e+000
5.970502e+001 -9.365176e+001 0.000000e+000
5.972015e+001 -9.360625e+001 0.000000e+000
5.973529e+001 -9.356075e+001 0.000000e+000
5.975043e+001 -9.351524e+001 0.000000e+000
5.976557e+001 -9.346974e+001 0.000000e+000
5.978071e+001 -9.342423e+001 0.000000e+000
5.979585e+001 -9.337873e+001 0.000000e+000
5.981099e+001 -9.333322e+001 0.000000e+000
5.982613e+001 -9.328772e+001 0.000000e+000
5.984127e+001 -9.324221e+001 0.000000e+000
5.985641e+001 -9.319671e+001 0.000000e+000
5.987154e+001 -9.315120e+001 0.000000e+000
5.988668e+001 -9.310570e+001 0.000000e+000
5.990182e+001 -9.306019e+001 0.000000e+000
5.991696e+001 -9.301469e+001 0.000000e+000
5.993210e+001 -9.296918e+001 0.000000e+000
5.994724e+001 -9.292367e+001 0.000000e+000
5.996238e+001 -9.287817e+001 0.000000e+000
5.997752e+001 -9.283266e+001 0.000000e+000
5.999266e+001 -9.278716e+001 0.000000e+000
6.000780e+001 -9.274165e+001 0.000000e+000
6.002294e+001 -9.269615e+001 0.000000e+000
6.003807e+001 -9.265064e+001 0.000000e+000
6.005321e+001 -9.260514e+001 0.000000e+000
6.006835e+001 -9.255963e+001 0.000000e+000
6.008349e+001 -9.251413e+001 0.000000e+000
6.009863e+001 -9.246862e+001 0.000000e+000
6.011377e+001 -9.242312e+001 0.000000e+000
6.012891e+001 -9.237761e+001 0.000000e+000
6.014058e+001 -9.233099e+001 0.000000e+000
6.015225e+001 -9.228437e+001 0.000000e+000
6.016392e+001 -9.223775e+001 0.000000e+000
6.017558e+001 -9.219113e+001 0.000000e+000
6.018725e+001 -9.214451e+001 0.000000e+000
6.019892e+001 -9.209789e+001 0.000000e+000
6.021059e+001 -9.205127e+001 0.000000e+000
6.022226e+001 -9.200465e+001 0.000000e+000
6.023393e+001 -9.195803e+001 0.000000e+000
6.024560e+001 -9.191141e+001 0.000000e+000
6.025727e+001 -9.186479e+001 0.000000e+000
6.026894e+001 -9.181817e+001 0.000000e+000
6.028061e+001 -9.177155e+001 0.000000e+000
6.029227e+001 -9.172493e+001 0.000000e+000
6.030394e+001 -9.167831e+001 0.000000e+000
6.031561e+001 -9.163169e+001 0.000000e+000
6.032728e+001 -9.158507e+001 0.000000e+000
6.033895e+001 -9.153845e+001 0.000000e+000
6.035062e+001 -9.149183e+001 0.000000e+000
6.036229e+001 -9.144521e+001 0.000000e+000
6.037396e+001 -9.139859e+001 0.000000e+000
6.038563e+001 -9.135197e+001 0.000000e+000
6.039729e+001 -9.130535e+001 0.000000e+000
6.040896e+001 -9.125873e+001 0.000000e+000
6.042063e+001 -9.121211e+001 0.000000e+000
6.043230e+001 -9.116549e+001 0.000000e+000
6.044397e+001 -9.111887e+001 0.000000e+000
6.045564e+001 -9.107225e+001 0.000000e+000
6.046731e+001 -9.102563e+001 0.000000e+000
6.047898e+001 -9.097901e+001 0.000000e+000
6.049065e+001 -9.093239e+001 0.000000e+000
6.050231e+001 -9.088577e+001 0.000000e+000
6.051398e+001 -9.083915e+001 0.000000e+000
6.052565e+001 -9.079253e+001 0.000000e+000
6.053732e+001 -9.074591e+001 0.000000e+000
6.054899e+001 -9.069929e+001 0.000000e+000
6.056066e+001 -9.065267e+001 0.000000e+000
6.057233e+001 -9.060605e+001 0.000000e+000
6.058400e+001 -9.055943e+001 0.000000e+000
6.059567e+001 -9.051280e+001 0.000000e+000
6.060734e+001 -9.046618e+001 0.000000e+000
6.061900e+001 -9.041956e+001 0.000000e+000
6.063067e+001 -9.037294e+001 0.000000e+000
6.064234e+001 -9.032632e+001 0.000000e+000
6.065401e+001 -9.027970e+001 0.000000e+000
6.066568e+001 -9.023308e+001 0.000000e+000
6.067735e+001 -9.018646e+001 0.000000e+000
6.068902e+001 -9.013984e+001 0.000000e+000
6.070069e+001 -9.009322e+001 0.000000e+000
6.071236e+001 -9.004660e+001 0.000000e+000
6.072402e+001 -8.999998e+001 0.000000e+000
6.073569e+001 -8.995336e+001 0.000000e+000
6.074736e+001 -8.990674e+001 0.000000e+000
6.075903e+001 -8.986012e+001 0.000000e+000
6.077070e+001 -8.981350e+001 0.000000e+000
6.078237e+001 -8.976688e+001 0.000000e+000
6.079404e+001 -8.972026e+001 0.000000e+000
6.080571e+001 -8.967364e+001 0.000000e+000
6.081738e+001 -8.962702e+001 0.000000e+000
6.082904e+001 -8.958040e+001 0.000000e+000
6.084071e+001 -8.953378e+001 0.000000e+000
6.085238e+001 -8.948716e+001 0.000000e+000
6.086405e+001 -8.944054e+001 0.000000e+000
6.087572e+001 -8.939392e+001 0.000000e+000
6.088739e+001 -8.934730e+001 0.000000e+000
6.089906e+001 -8.930068e+001 0.000000e+000
6.091073e+001 -8.925406e+001 0.000000e+000
6.092240e+001 -8.920744e+001 0.000000e+000
6.093407e+001 -8.916082e+001 0.000000e+000
6.094573e+001 -8.911420e+001 0.000000e+000
6.095740e+001 -8.906758e+001 0.000000e+000
6.096907e+001 -8.902096e+001 0.000000e+000
6.098074e+001 -8.897434e+001 0.000000e+000
6.099241e+001 -8.892772e+001 0.000000e+000
6.100408e+001 -8.888110e+001 0.000000e+000
6.101575e+001 -8.883448e+001 0.000000e+000
6.102742e+001 -8.878786e+001 0.000000e+000
6.103909e+001 -8.874124e+001 0.000000e+000
6.105075e+001 -8.869462e+001 0.000000e+000
6.106242e+001 -8.864800e+001 0.000000e+000
6.107409e+001 -8.860138e+001 0.000000e+000
6.108576e+001 -8.855476e+001 0.000000e+000
6.109743e+001 -8.850814e+001 0.000000e+000
6.110910e+001 -8.846152e+001 0.000000e+000
6.112077e+001 -8.841490e+001 0.000000e+000
6.113244e+001 -8.836828e+001 0.000000e+000
6.114411e+001 -8.832166e+001 0.000000e+000
6.115577e+001 -8.827504e+001 0.000000e+000
6.116744e+001 -8.822842e+001 0.000000e+000
6.117911e+001 -8.818180e+001 0.000000e+000
6.119078e+001 -8.813518e+001 0.000000e+000
6.120245e+001 -8.808856e+001 0.000000e+000
6.121412e+001 -8.804194e+001 0.000000e+000
6.122579e+001 -8.799531e+001 0.000000e+000
6.123746e+001 -8.794869e+001 0.000000e+000
6.124913e+001 -8.790207e+001 0.000000e+000
6.126080e+001 -8.785545e+001 0.000000e+000
6.127246e+001 -8.780883e+001 0.000000e+000
6.128413e+001 -8.776221e+001 0.000000e+000
6.143954e+001 -8.688287e+001 0.000000e+000
6.159494e+001 -8.600352e+001 0.000000e+000
6.175034e+001 -8.512418e+001 0.000000e+000
6.190574e+001 -8.424483e+001 0.000000e+000
6.206115e+001 -8.336549e+001 0.000000e+000
6.221655e+001 -8.248614e+001 0.000000e+000
6.237195e+001 -8.160679e+001 0.000000e+000
6.252735e+001 -8.072745e+001 0.000000e+000
6.268276e+001 -7.984810e+001 0.000000e+000
6.283816e+001 -7.896876e+001 0.000000e+000
6.299356e+001 -7.808941e+001 0.000000e+000
6.314897e+001 -7.721007e+001 0.000000e+000
6.330437e+001 -7.633072e+001 0.000000e+000
6.345977e+001 -7.545138e+001 0.000000e+000
6.361517e+001 -7.457203e+001 0.000000e+000
6.377058e+001 -7.369268e+001 0.000000e+000
6.392598e+001 -7.281334e+001 0.000000e+000
6.408138e+001 -7.193399e+001 0.000000e+000
6.423678e+001 -7.105465e+001 0.000000e+000
6.439219e+001 -7.017530e+001 0.000000e+000
6.454759e+001 -6.929596e+001 0.000000e+000
6.470299e+001 -6.841661e+001 0.000000e+000
6.485840e+001 -6.753727e+001 0.000000e+000
6.501380e+001 -6.665792e+001 0.000000e+000
6.516920e+001 -6.577857e+001 0.000000e+000
6.532460e+001 -6.489923e+001 0.000000e+000
6.548001e+001 -6.401988e+001 0.000000e+000
6.563541e+001 -6.314054e+001 0.000000e+000
6.579081e+001 -6.226119e+001 0.000000e+000
6.594621e+001 -6.138185e+001 0.000000e+000
6.610162e+001 -6.050250e+001 0.000000e+000
6.625702e+001 -5.962315e+001 0.000000e+000
6.641242e+001 -5.874381e+001 0.000000e+000
6.656782e+001 -5.786446e+001 0.000000e+000
6.672323e+001 -5.698512e+001 0.000000e+000
6.687863e+001 -5.610577e+001 0.000000e+000
6.703403e+001 -5.522643e+001 0.000000e+000
6.718944e+001 -5.434708e+001 0.000000e+000
6.734484e+001 -5.346774e+001 0.000000e+000
6.750024e+001 -5.258839e+001 0.000000e+000
6.765564e+001 -5.170904e+001 0.000000e+000
6.781105e+001 -5.082970e+001 0.000000e+000
6.796645e+001 -4.995035e+001 0.000000e+000
6.812185e+001 -4.907101e+001 0.000000e+000
6.827725e+001 -4.819166e+001 0.000000e+000
6.843266e+001 -4.731232e+001 0.000000e+000
6.858806e+001 -4.643297e+001 0.000000e+000
6.874346e+001 -4.555363e+001 0.000000e+000
6.889887e+001 -4.467428e+001 0.000000e+000
6.905427e+001 -4.379493e+001 0.000000e+000
6.920967e+001 -4.291559e+001 0.000000e+000
6.936507e+001 -4.203624e+001 0.000000e+000
6.952048e+001 -4.115690e+001 0.000000e+000
6.967588e+001 -4.027755e+001 0.000000e+000
6.983128e+001 -3.939821e+001 0.000000e+000
6.998668e+001 -3.851886e+001 0.000000e+000
7.014209e+001 -3.763951e+001 0.000000e+000
7.029749e+001 -3.676017e+001 0.000000e+000
7.045289e+001 -3.588082e+001 0.000000e+000
7.060829e+001 -3.500148e+001 0.000000e+000
7.076370e+001 -3.412213e+001 0.000000e+000
7.091910e+001 -3.324279e+001 0.000000e+000
7.107450e+001 -3.236344e+001 0.000000e+000
7.122991e+001 -3.148410e+001 0.000000e+000
7.138531e+001 -3.060475e+001 0.000000e+000
7.154071e+001 -2.972540e+001 0.000000e+000
7.169611e+001 -2.884606e+001 0.000000e+000
7.185152e+001 -2.796671e+001 0.000000e+000
7.200692e+001 -2.708737e+001 0.000000e+000
7.216232e+001 -2.620802e+001 0.000000e+000
7.231772e+001 -2.532868e+001 0.000000e+000
7.247313e+001 -2.444933e+001 0.000000e+000
7.262853e+001 -2.356999e+001 0.000000e+000
7.278393e+001 -2.269064e+001 0.000000e+000
7.293934e+001 -2.181129e+001 0.000000e+000
7.309474e+001 -2.093195e+001 0.000000e+000
7.325014e+001 -2.005260e+001 0.000000e+000
7.340554e+001 -1.917326e+001 0.000000e+000
7.356095e+001 -1.829391e+001 0.000000e+000
7.371635e+001 -1.741457e+001 0.000000e+000
7.387175e+001 -1.653522e+001 0.000000e+000
7.402715e+001 -1.565588e+001 0.000000e+000
7.418256e+001 -1.477653e+001 0.000000e+000
7.433796e+001 -1.389718e+001 0.000000e+000
7.449336e+001 -1.301784e+001 0.000000e+000
7.464876e+001 -1.213849e+001 0.000000e+000
7.480417e+001 -1.125915e+001 0.000000e+000
7.495957e+001 -1.037980e+001 0.000000e+000
7.511497e+001 -9.500456e+000 0.000000e+000
7.527038e+001 -8.621110e+000 0.000000e+000
7.542578e+001 -7.741765e+000 0.000000e+000
7.558118e+001 -6.862419e+000 0.000000e+000
7.573658e+001 -5.983074e+000 0.000000e+000
7.589199e+001 -5.103728e+000 0.000000e+000
7.604739e+001 -4.224382e+000 0.000000e+000
7.620279e+001 -3.345037e+000 0.000000e+000
7.635819e+001 -2.465691e+000 0.000000e+000
7.651360e+001 -1.586346e+000 0.000000e+000
7.666900e+001 -7.070000e-001 0.000000e+000
