0.000000e+000 -1.030000e+002 0.000000e+000
3.330307e-002 -1.029989e+002 0.000000e+000
6.660613e-002 -1.029979e+002 0.000000e+000
9.990920e-002 -1.029968e+002 0.000000e+000
1.332123e-001 -1.029957e+002 0.000000e+000
1.665153e-001 -1.029947e+002 0.000000e+000
1.998184e-001 -1.029936e+002 0.000000e+000
2.331215e-001 -1.029925e+002 0.000000e+000
2.664245e-001 -1.029915e+002 0.000000e+000
2.997276e-001 -1.029904e+002 0.000000e+000
3.330307e-001 -1.029893e+002 0.000000e+000
3.663337e-001 -1.029882e+002 0.000000e+000
3.996368e-001 -1.029872e+002 0.000000e+000
4.329398e-001 -1.029861e+002 0.000000e+000
4.662429e-001 -1.029850e+002 0.000000e+000
4.995460e-001 -1.029840e+002 0.000000e+000
5.328490e-001 -1.029829e+002 0.000000e+000
5.661521e-001 -1.029818e+002 0.000000e+000
5.994552e-001 -1.029808e+002 0.000000e+000
6.327582e-001 -1.029797e+002 0.000000e+000
6.660613e-001 -1.029786e+002 0.000000e+000
6.993644e-001 -1.029776e+002 0.000000e+000
7.326674e-001 -1.029765e+002 0.000000e+000
7.659705e-001 -1.029754e+002 0.000000e+000
7.992736e-001 -1.029744e+002 0.000000e+000
8.325766e-001 -1.029733e+002 0.000000e+000
8.658797e-001 -1.029722e+002 0.000000e+000
8.991828e-001 -1.029712e+002 0.000000e+000
9.324858e-001 -1.029701e+002 0.000000e+000
9.657889e-001 -1.029690e+002 0.000000e+000
9.990920e-001 -1.029679e+002 0.000000e+000
1.032395e+000 -1.029669e+002 0.000000e+000
1.065698e+000 -1.029658e+002 0.000000e+000
1.099001e+000 -1.029647e+002 0.000000e+000
1.132304e+000 -1.029637e+002 0.000000e+000
1.165607e+000 -1.029626e+002 0.000000e+000
1.198910e+000 -1.029615e+002 0.000000e+000
1.232213e+000 -1.029605e+002 0.000000e+000
1.265516e+000 -1.029594e+002 0.000000e+000
1.298820e+000 -1.029583e+002 0.000000e+000
1.332123e+000 -1.029573e+002 0.000000e+000
1.365426e+000 -1.029562e+002 0.000000e+000
1.398729e+000 -1.029551e+002 0.000000e+000
1.432032e+000 -1.029541e+002 0.000000e+000
1.465335e+000 -1.029530e+002 0.000000e+000
1.498638e+000 -1.029519e+002 0.000000e+000
1.531941e+000 -1.029509e+002 0.000000e+000
1.565244e+000 -1.029498e+002 0.000000e+000
1.598547e+000 -1.029487e+002 0.000000e+000
1.631850e+000 -1.029476e+002 0.000000e+000
1.665153e+000 -1.029466e+002 0.000000e+000
1.698456e+000 -1.029455e+002 0.000000e+000
1.731759e+000 -1.029444e+002 0.000000e+000
1.765062e+000 -1.029434e+002 0.000000e+000
1.798366e+000 -1.029423e+002 0.000000e+000
1.831669e+000 -1.029412e+002 0.000000e+000
1.864972e+000 -1.029402e+002 0.000000e+000
1.898275e+000 -1.029391e+002 0.000000e+000
1.931578e+000 -1.029380e+002 0.000000e+000
1.964881e+000 -1.029370e+002 0.000000e+000
1.998184e+000 -1.029359e+002 0.000000e+000
2.031487e+000 -1.029348e+002 0.000000e+000
2.064790e+000 -1.029338e+002 0.000000e+000
2.098093e+000 -1.029327e+002 0.000000e+000
2.131396e+000 -1.029316e+002 0.000000e+000
2.164699e+000 -1.029306e+002 0.000000e+000
2.198002e+000 -1.029295e+002 0.000000e+000
2.231305e+000 -1.029284e+002 0.000000e+000
2.264608e+000 -1.029273e+002 0.000000e+000
2.297912e+000 -1.029263e+002 0.000000e+000
2.331215e+000 -1.029252e+002 0.000000e+000
2.364518e+000 -1.029241e+002 0.000000e+000
2.397821e+000 -1.029231e+002 0.000000e+000
2.431124e+000 -1.029220e+002 0.000000e+000
2.464427e+000 -1.029209e+002 0.000000e+000
2.497730e+000 -1.029199e+002 0.000000e+000
2.531033e+000 -1.029188e+002 0.000000e+000
2.564336e+000 -1.029177e+002 0.000000e+000
2.597639e+000 -1.029167e+002 0.000000e+000
2.630942e+000 -1.029156e+002 0.000000e+000
2.664245e+000 -1.029145e+002 0.000000e+000
2.697548e+000 -1.029135e+002 0.000000e+000
2.730851e+000 -1.029124e+002 0.000000e+000
2.764154e+000 -1.029113e+002 0.000000e+000
2.797457e+000 -1.029103e+002 0.000000e+000
2.830761e+000 -1.029092e+002 0.000000e+000
2.864064e+000 -1.029081e+002 0.000000e+000
2.897367e+000 -1.029071e+002 0.000000e+000
2.930670e+000 -1.029060e+002 0.000000e+000
2.963973e+000 -1.029049e+002 0.000000e+000
2.997276e+000 -1.029038e+002 0.000000e+000
3.030579e+000 -1.029028e+002 0.000000e+000
3.063882e+000 -1.029017e+002 0.000000e+000
3.097185e+000 -1.029006e+002 0.000000e+000
3.130488e+000 -1.028996e+002 0.000000e+000
3.163791e+000 -1.028985e+002 0.000000e+000
3.197094e+000 -1.028974e+002 0.000000e+000
3.230397e+000 -1.028964e+002 0.000000e+000
3.263700e+000 -1.028953e+002 0.000000e+000
3.297003e+000 -1.028942e+002 0.000000e+000
3.330270e+000 -1.028910e+002 0.000000e+000
3.363536e+000 -1.028878e+002 0.000000e+000
3.396802e+000 -1.028846e+002 0.000000e+000
3.430068e+000 -1.028814e+002 0.000000e+000
3.463334e+000 -1.028782e+002 0.000000e+000
3.496600e+000 -1.028749e+002 0.000000e+000
3.529866e+000 -1.028717e+002 0.000000e+000
3.563133e+000 -1.028685e+002 0.000000e+000
3.596399e+000 -1.028653e+002 0.000000e+000
3.629665e+000 -1.028621e+002 0.000000e+000
3.662931e+000 -1.028589e+002 0.000000e+000
3.696197e+000 -1.028557e+002 0.000000e+000
3.729463e+000 -1.028524e+002 0.000000e+000
3.762730e+000 -1.028492e+002 0.000000e+000
3.795996e+000 -1.028460e+002 0.000000e+000
3.829262e+000 -1.028428e+002 0.000000e+000
3.862528e+000 -1.028396e+002 0.000000e+000
3.895794e+000 -1.028364e+002 0.000000e+000
3.929060e+000 -1.028331e+002 0.000000e+000
3.962326e+000 -1.028299e+002 0.000000e+000
3.995593e+000 -1.028267e+002 0.000000e+000
4.028859e+000 -1.028235e+002 0.000000e+000
4.062125e+000 -1.028203e+002 0.000000e+000
4.095391e+000 -1.028171e+002 0.000000e+000
4.128657e+000 -1.028139e+002 0.000000e+000
4.161923e+000 -1.028106e+002 0.000000e+000
4.195189e+000 -1.028074e+002 0.000000e+000
4.228456e+000 -1.028042e+002 0.000000e+000
4.261722e+000 -1.028010e+002 0.000000e+000
4.294988e+000 -1.027978e+002 0.000000e+000
4.328254e+000 -1.027946e+002 0.000000e+000
4.361520e+000 -1.027914e+002 0.000000e+000
4.394786e+000 -1.027881e+002 0.000000e+000
4.428052e+000 -1.027849e+002 0.000000e+000
4.461319e+000 -1.027817e+002 0.000000e+000
4.494585e+000 -1.027785e+002 0.000000e+000
4.527851e+000 -1.027753e+002 0.000000e+000
4.561117e+000 -1.027721e+002 0.000000e+000
4.594383e+000 -1.027688e+002 0.000000e+000
4.627649e+000 -1.027656e+002 0.000000e+000
4.660916e+000 -1.027624e+002 0.000000e+000
4.694182e+000 -1.027592e+002 0.000000e+000
4.727448e+000 -1.027560e+002 0.000000e+000
4.760714e+000 -1.027528e+002 0.000000e+000
4.793980e+000 -1.027496e+002 0.000000e+000
4.827246e+000 -1.027463e+002 0.000000e+000
4.860512e+000 -1.027431e+002 0.000000e+000
4.893779e+000 -1.027399e+002 0.000000e+000
4.927045e+000 -1.027367e+002 0.000000e+000
4.960311e+000 -1.027335e+002 0.000000e+000
4.993577e+000 -1.027303e+002 0.000000e+000
5.026843e+000 -1.027271e+002 0.000000e+000
5.060109e+000 -1.027238e+002 0.000000e+000
5.093375e+000 -1.027206e+002 0.000000e+000
5.126642e+000 -1.027174e+002 0.000000e+000
5.159908e+000 -1.027142e+002 0.000000e+000
5.193174e+000 -1.027110e+002 0.000000e+000
5.226440e+000 -1.027078e+002 0.000000e+000
5.259706e+000 -1.027045e+002 0.000000e+000
5.292972e+000 -1.027013e+002 0.000000e+000
5.326238e+000 -1.026981e+002 0.000000e+000
5.359505e+000 -1.026949e+002 0.000000e+000
5.392771e+000 -1.026917e+002 0.000000e+000
5.426037e+000 -1.026885e+002 0.000000e+000
5.459303e+000 -1.026853e+002 0.000000e+000
5.492569e+000 -1.026820e+002 0.000000e+000
5.525835e+000 -1.026788e+002 0.000000e+000
5.559101e+000 -1.026756e+002 0.000000e+000
5.592368e+000 -1.026724e+002 0.000000e+000
5.625634e+000 -1.026692e+002 0.000000e+000
5.658900e+000 -1.026660e+002 0.000000e+000
5.692166e+000 -1.026628e+002 0.000000e+000
5.725432e+000 -1.026595e+002 0.000000e+000
5.758698e+000 -1.026563e+002 0.000000e+000
5.791965e+000 -1.026531e+002 0.000000e+000
5.825231e+000 -1.026499e+002 0.000000e+000
5.858497e+000 -1.026467e+002 0.000000e+000
5.891763e+000 -1.026435e+002 0.000000e+000
5.925029e+000 -1.026403e+002 0.000000e+000
5.958295e+000 -1.026370e+002 0.000000e+000
5.991561e+000 -1.026338e+002 0.000000e+000
6.024828e+000 -1.026306e+002 0.000000e+000
6.058094e+000 -1.026274e+002 0.000000e+000
6.091360e+000 -1.026242e+002 0.000000e+000
6.124626e+000 -1.026210e+002 0.000000e+000
6.157892e+000 -1.026177e+002 0.000000e+000
6.191158e+000 -1.026145e+002 0.000000e+000
6.224424e+000 -1.026113e+002 0.000000e+000
6.257691e+000 -1.026081e+002 0.000000e+000
6.290957e+000 -1.026049e+002 0.000000e+000
6.324223e+000 -1.026017e+002 0.000000e+000
6.357489e+000 -1.025985e+002 0.000000e+000
6.390755e+000 -1.025952e+002 0.000000e+000
6.424021e+000 -1.025920e+002 0.000000e+000
6.457287e+000 -1.025888e+002 0.000000e+000
6.490554e+000 -1.025856e+002 0.000000e+000
6.523820e+000 -1.025824e+002 0.000000e+000
6.557086e+000 -1.025792e+002 0.000000e+000
6.590352e+000 -1.025760e+002 0.000000e+000
6.623243e+000 -1.025706e+002 0.000000e+000
6.656135e+000 -1.025653e+002 0.000000e+000
6.689026e+000 -1.025600e+002 0.000000e+000
6.721917e+000 -1.025546e+002 0.000000e+000
6.754809e+000 -1.025493e+002 0.000000e+000
6.787700e+000 -1.025440e+002 0.000000e+000
6.820591e+000 -1.025387e+002 0.000000e+000
6.853483e+000 -1.025333e+002 0.000000e+000
6.886374e+000 -1.025280e+002 0.000000e+000
6.919265e+000 -1.025227e+002 0.000000e+000
6.952157e+000 -1.025173e+002 0.000000e+000
6.985048e+000 -1.025120e+002 0.000000e+000
7.017939e+000 -1.025067e+002 0.000000e+000
7.050831e+000 -1.025014e+002 0.000000e+000
7.083722e+000 -1.024960e+002 0.000000e+000
7.116613e+000 -1.024907e+002 0.000000e+000
7.149505e+000 -1.024854e+002 0.000000e+000
7.182396e+000 -1.024800e+002 0.000000e+000
7.215287e+000 -1.024747e+002 0.000000e+000
7.248179e+000 -1.024694e+002 0.000000e+000
7.281070e+000 -1.024640e+002 0.000000e+000
7.313961e+000 -1.024587e+002 0.000000e+000
7.346853e+000 -1.024534e+002 0.000000e+000
7.379744e+000 -1.024481e+002 0.000000e+000
7.412635e+000 -1.024427e+002 0.000000e+000
7.445527e+000 -1.024374e+002 0.000000e+000
7.478418e+000 -1.024321e+002 0.000000e+000
7.511309e+000 -1.024267e+002 0.000000e+000
7.544201e+000 -1.024214e+002 0.000000e+000
7.577092e+000 -1.024161e+002 0.000000e+000
7.609983e+000 -1.024108e+002 0.000000e+000
7.642875e+000 -1.024054e+002 0.000000e+000
7.675766e+000 -1.024001e+002 0.000000e+000
7.708657e+000 -1.023948e+002 0.000000e+000
7.741549e+000 -1.023894e+002 0.000000e+000
7.774440e+000 -1.023841e+002 0.000000e+000
7.807331e+000 -1.023788e+002 0.000000e+000
7.840223e+000 -1.023735e+002 0.000000e+000
7.873114e+000 -1.023681e+002 0.000000e+000
7.906005e+000 -1.023628e+002 0.000000e+000
7.938897e+000 -1.023575e+002 0.000000e+000
7.971788e+000 -1.023521e+002 0.000000e+000
8.004679e+000 -1.023468e+002 0.000000e+000
8.037571e+000 -1.023415e+002 0.000000e+000
8.070462e+000 -1.023362e+002 0.000000e+000
8.103353e+000 -1.023308e+002 0.000000e+000
8.136245e+000 -1.023255e+002 0.000000e+000
8.169136e+000 -1.023202e+002 0.000000e+000
8.202027e+000 -1.023148e+002 0.000000e+000
8.234919e+000 -1.023095e+002 0.000000e+000
8.267810e+000 -1.023042e+002 0.000000e+000
8.300701e+000 -1.022989e+002 0.000000e+000
8.333593e+000 -1.022935e+002 0.000000e+000
8.366484e+000 -1.022882e+002 0.000000e+000
8.399375e+000 -1.022829e+002 0.000000e+000
8.432267e+000 -1.022775e+002 0.000000e+000
8.465158e+000 -1.022722e+002 0.000000e+000
8.498049e+000 -1.022669e+002 0.000000e+000
8.530941e+000 -1.022616e+002 0.000000e+000
8.563832e+000 -1.022562e+002 0.000000e+000
8.596723e+000 -1.022509e+002 0.000000e+000
8.629615e+000 -1.022456e+002 0.000000e+000
8.662506e+000 -1.022402e+002 0.000000e+000
8.695397e+000 -1.022349e+002 0.000000e+000
8.728289e+000 -1.022296e+002 0.000000e+000
8.761180e+000 -1.022243e+002 0.000000e+000
8.794071e+000 -1.022189e+002 0.000000e+000
8.826963e+000 -1.022136e+002 0.000000e+000
8.859854e+000 -1.022083e+002 0.000000e+000
8.892745e+000 -1.022029e+002 0.000000e+000
8.925637e+000 -1.021976e+002 0.000000e+000
8.958528e+000 -1.021923e+002 0.000000e+000
8.991419e+000 -1.021870e+002 0.000000e+000
9.024311e+000 -1.021816e+002 0.000000e+000
9.057202e+000 -1.021763e+002 0.000000e+000
9.090093e+000 -1.021710e+002 0.000000e+000
9.122985e+000 -1.021656e+002 0.000000e+000
9.155876e+000 -1.021603e+002 0.000000e+000
9.188767e+000 -1.021550e+002 0.000000e+000
9.221659e+000 -1.021497e+002 0.000000e+000
9.254550e+000 -1.021443e+002 0.000000e+000
9.287441e+000 -1.021390e+002 0.000000e+000
9.320333e+000 -1.021337e+002 0.000000e+000
9.353224e+000 -1.021283e+002 0.000000e+000
9.386115e+000 -1.021230e+002 0.000000e+000
9.419007e+000 -1.021177e+002 0.000000e+000
9.451898e+000 -1.021124e+002 0.000000e+000
9.484789e+000 -1.021070e+002 0.000000e+000
9.517681e+000 -1.021017e+002 0.000000e+000
9.550572e+000 -1.020964e+002 0.000000e+000
9.583463e+000 -1.020910e+002 0.000000e+000
9.616355e+000 -1.020857e+002 0.000000e+000
9.649246e+000 -1.020804e+002 0.000000e+000
9.682137e+000 -1.020750e+002 0.000000e+000
9.715029e+000 -1.020697e+002 0.000000e+000
9.747920e+000 -1.020644e+002 0.000000e+000
9.780811e+000 -1.020591e+002 0.000000e+000
9.813703e+000 -1.020537e+002 0.000000e+000
9.846594e+000 -1.020484e+002 0.000000e+000
9.879174e+000 -1.020410e+002 0.000000e+000
9.911753e+000 -1.020335e+002 0.000000e+000
9.944333e+000 -1.020260e+002 0.000000e+000
9.976912e+000 -1.020186e+002 0.000000e+000
1.000949e+001 -1.020111e+002 0.000000e+000
1.004207e+001 -1.020037e+002 0.000000e+000
1.007465e+001 -1.019962e+002 0.000000e+000
1.010723e+001 -1.019888e+002 0.000000e+000
1.013981e+001 -1.019813e+002 0.000000e+000
1.017239e+001 -1.019739e+002 0.000000e+000
1.020497e+001 -1.019664e+002 0.000000e+000
1.023755e+001 -1.019590e+002 0.000000e+000
1.027013e+001 -1.019515e+002 0.000000e+000
1.030271e+001 -1.019441e+002 0.000000e+000
1.033529e+001 -1.019366e+002 0.000000e+000
1.036787e+001 -1.019292e+002 0.000000e+000
1.040045e+001 -1.019217e+002 0.000000e+000
1.043303e+001 -1.019143e+002 0.000000e+000
1.046561e+001 -1.019068e+002 0.000000e+000
1.049819e+001 -1.018993e+002 0.000000e+000
1.053076e+001 -1.018919e+002 0.000000e+000
1.056334e+001 -1.018844e+002 0.000000e+000
1.059592e+001 -1.018770e+002 0.000000e+000
1.062850e+001 -1.018695e+002 0.000000e+000
1.066108e+001 -1.018621e+002 0.000000e+000
1.069366e+001 -1.018546e+002 0.000000e+000
1.072624e+001 -1.018472e+002 0.000000e+000
1.075882e+001 -1.018397e+002 0.000000e+000
1.079140e+001 -1.018323e+002 0.000000e+000
1.082398e+001 -1.018248e+002 0.000000e+000
1.085656e+001 -1.018174e+002 0.000000e+000
1.088914e+001 -1.018099e+002 0.000000e+000
1.092172e+001 -1.018025e+002 0.000000e+000
1.095430e+001 -1.017950e+002 0.000000e+000
1.098688e+001 -1.017876e+002 0.000000e+000
1.101946e+001 -1.017801e+002 0.000000e+000
1.105204e+001 -1.017727e+002 0.000000e+000
1.108462e+001 -1.017652e+002 0.000000e+000
1.111720e+001 -1.017577e+002 0.000000e+000
1.114978e+001 -1.017503e+002 0.000000e+000
1.118236e+001 -1.017428e+002 0.000000e+000
1.121494e+001 -1.017354e+002 0.000000e+000
1.124751e+001 -1.017279e+002 0.000000e+000
1.128009e+001 -1.017205e+002 0.000000e+000
1.131267e+001 -1.017130e+002 0.000000e+000
1.134525e+001 -1.017056e+002 0.000000e+000
1.137783e+001 -1.016981e+002 0.000000e+000
1.141041e+001 -1.016907e+002 0.000000e+000
1.144299e+001 -1.016832e+002 0.000000e+000
1.147557e+001 -1.016758e+002 0.000000e+000
1.150815e+001 -1.016683e+002 0.000000e+000
1.154073e+001 -1.016609e+002 0.000000e+000
1.157331e+001 -1.016534e+002 0.000000e+000
1.160589e+001 -1.016460e+002 0.000000e+000
1.163847e+001 -1.016385e+002 0.000000e+000
1.167105e+001 -1.016310e+002 0.000000e+000
1.170363e+001 -1.016236e+002 0.000000e+000
1.173621e+001 -1.016161e+002 0.000000e+000
1.176879e+001 -1.016087e+002 0.000000e+000
1.180137e+001 -1.016012e+002 0.000000e+000
1.183395e+001 -1.015938e+002 0.000000e+000
1.186653e+001 -1.015863e+002 0.000000e+000
1.189911e+001 -1.015789e+002 0.000000e+000
1.193169e+001 -1.015714e+002 0.000000e+000
1.196427e+001 -1.015640e+002 0.000000e+000
1.199684e+001 -1.015565e+002 0.000000e+000
1.202942e+001 -1.015491e+002 0.000000e+000
1.206200e+001 -1.015416e+002 0.000000e+000
1.209458e+001 -1.015342e+002 0.000000e+000
1.212716e+001 -1.015267e+002 0.000000e+000
1.215974e+001 -1.015193e+002 0.000000e+000
1.219232e+001 -1.015118e+002 0.000000e+000
1.222490e+001 -1.015043e+002 0.000000e+000
1.225748e+001 -1.014969e+002 0.000000e+000
1.229006e+001 -1.014894e+002 0.000000e+000
1.232264e+001 -1.014820e+002 0.000000e+000
1.235522e+001 -1.014745e+002 0.000000e+000
1.238780e+001 -1.014671e+002 0.000000e+000
1.242038e+001 -1.014596e+002 0.000000e+000
1.245296e+001 -1.014522e+002 0.000000e+000
1.248554e+001 -1.014447e+002 0.000000e+000
1.251812e+001 -1.014373e+002 0.000000e+000
1.255070e+001 -1.014298e+002 0.000000e+000
1.258328e+001 -1.014224e+002 0.000000e+000
1.261586e+001 -1.014149e+002 0.000000e+000
1.264844e+001 -1.014075e+002 0.000000e+000
1.268102e+001 -1.014000e+002 0.000000e+000
1.271359e+001 -1.013926e+002 0.000000e+000
1.274617e+001 -1.013851e+002 0.000000e+000
1.277875e+001 -1.013776e+002 0.000000e+000
1.281133e+001 -1.013702e+002 0.000000e+000
1.284391e+001 -1.013627e+002 0.000000e+000
1.287649e+001 -1.013553e+002 0.000000e+000
1.290907e+001 -1.013478e+002 0.000000e+000
1.294165e+001 -1.013404e+002 0.000000e+000
1.297423e+001 -1.013329e+002 0.000000e+000
1.300681e+001 -1.013255e+002 0.000000e+000
1.303939e+001 -1.013180e+002 0.000000e+000
1.307197e+001 -1.013106e+002 0.000000e+000
1.310400e+001 -1.013010e+002 0.000000e+000
1.313604e+001 -1.012915e+002 0.000000e+000
1.316807e+001 -1.012820e+002 0.000000e+000
1.320010e+001 -1.012724e+002 0.000000e+000
1.323213e+001 -1.012629e+002 0.000000e+000
1.326417e+001 -1.012534e+002 0.000000e+000
1.329620e+001 -1.012438e+002 0.000000e+000
1.332823e+001 -1.012343e+002 0.000000e+000
1.336026e+001 -1.012248e+002 0.000000e+000
1.339230e+001 -1.012152e+002 0.000000e+000
1.342433e+001 -1.012057e+002 0.000000e+000
1.345636e+001 -1.011962e+002 0.000000e+000
1.348839e+001 -1.011866e+002 0.000000e+000
1.352043e+001 -1.011771e+002 0.000000e+000
1.355246e+001 -1.011676e+002 0.000000e+000
1.358449e+001 -1.011580e+002 0.000000e+000
1.361653e+001 -1.011485e+002 0.000000e+000
1.364856e+001 -1.011390e+002 0.000000e+000
1.368059e+001 -1.011294e+002 0.000000e+000
1.371262e+001 -1.011199e+002 0.000000e+000
1.374466e+001 -1.011104e+002 0.000000e+000
1.377669e+001 -1.011008e+002 0.000000e+000
1.380872e+001 -1.010913e+002 0.000000e+000
1.384075e+001 -1.010818e+002 0.000000e+000
1.387279e+001 -1.010722e+002 0.000000e+000
1.390482e+001 -1.010627e+002 0.000000e+000
1.393685e+001 -1.010532e+002 0.000000e+000
1.396888e+001 -1.010436e+002 0.000000e+000
1.400092e+001 -1.010341e+002 0.000000e+000
1.403295e+001 -1.010246e+002 0.000000e+000
1.406498e+001 -1.010150e+002 0.000000e+000
1.409702e+001 -1.010055e+002 0.000000e+000
1.412905e+001 -1.009960e+002 0.000000e+000
1.416108e+001 -1.009864e+002 0.000000e+000
1.419311e+001 -1.009769e+002 0.000000e+000
1.422515e+001 -1.009674e+002 0.000000e+000
1.425718e+001 -1.009578e+002 0.000000e+000
1.428921e+001 -1.009483e+002 0.000000e+000
1.432124e+001 -1.009388e+002 0.000000e+000
1.435328e+001 -1.009292e+002 0.000000e+000
1.438531e+001 -1.009197e+002 0.000000e+000
1.441734e+001 -1.009102e+002 0.000000e+000
1.444937e+001 -1.009007e+002 0.000000e+000
1.448141e+001 -1.008911e+002 0.000000e+000
1.451344e+001 -1.008816e+002 0.000000e+000
1.454547e+001 -1.008721e+002 0.000000e+000
1.457751e+001 -1.008625e+002 0.000000e+000
1.460954e+001 -1.008530e+002 0.000000e+000
1.464157e+001 -1.008435e+002 0.000000e+000
1.467360e+001 -1.008339e+002 0.000000e+000
1.470564e+001 -1.008244e+002 0.000000e+000
1.473767e+001 -1.008149e+002 0.000000e+000
1.476970e+001 -1.008053e+002 0.000000e+000
1.480173e+001 -1.007958e+002 0.000000e+000
1.483377e+001 -1.007863e+002 0.000000e+000
1.486580e+001 -1.007767e+002 0.000000e+000
1.489783e+001 -1.007672e+002 0.000000e+000
1.492986e+001 -1.007577e+002 0.000000e+000
1.496190e+001 -1.007481e+002 0.000000e+000
1.499393e+001 -1.007386e+002 0.000000e+000
1.502596e+001 -1.007291e+002 0.000000e+000
1.505800e+001 -1.007195e+002 0.000000e+000
1.509003e+001 -1.007100e+002 0.000000e+000
1.512206e+001 -1.007005e+002 0.000000e+000
1.515409e+001 -1.006909e+002 0.000000e+000
1.518613e+001 -1.006814e+002 0.000000e+000
1.521816e+001 -1.006719e+002 0.000000e+000
1.525019e+001 -1.006623e+002 0.000000e+000
1.528222e+001 -1.006528e+002 0.000000e+000
1.531426e+001 -1.006433e+002 0.000000e+000
1.534629e+001 -1.006337e+002 0.000000e+000
1.537832e+001 -1.006242e+002 0.000000e+000
1.541035e+001 -1.006147e+002 0.000000e+000
1.544239e+001 -1.006051e+002 0.000000e+000
1.547442e+001 -1.005956e+002 0.000000e+000
1.550645e+001 -1.005861e+002 0.000000e+000
1.553849e+001 -1.005765e+002 0.000000e+000
1.557052e+001 -1.005670e+002 0.000000e+000
1.560255e+001 -1.005575e+002 0.000000e+000
1.563458e+001 -1.005479e+002 0.000000e+000
1.566662e+001 -1.005384e+002 0.000000e+000
1.569865e+001 -1.005289e+002 0.000000e+000
1.573068e+001 -1.005193e+002 0.000000e+000
1.576271e+001 -1.005098e+002 0.000000e+000
1.579475e+001 -1.005003e+002 0.000000e+000
1.582678e+001 -1.004907e+002 0.000000e+000
1.585881e+001 -1.004812e+002 0.000000e+000
1.589084e+001 -1.004717e+002 0.000000e+000
1.592288e+001 -1.004621e+002 0.000000e+000
1.595491e+001 -1.004526e+002 0.000000e+000
1.598694e+001 -1.004431e+002 0.000000e+000
1.601898e+001 -1.004335e+002 0.000000e+000
1.605101e+001 -1.004240e+002 0.000000e+000
1.608304e+001 -1.004145e+002 0.000000e+000
1.611507e+001 -1.004049e+002 0.000000e+000
1.614711e+001 -1.003954e+002 0.000000e+000
1.617914e+001 -1.003859e+002 0.000000e+000
1.621117e+001 -1.003763e+002 0.000000e+000
1.624320e+001 -1.003668e+002 0.000000e+000
1.627456e+001 -1.003552e+002 0.000000e+000
1.630591e+001 -1.003436e+002 0.000000e+000
1.633726e+001 -1.003321e+002 0.000000e+000
1.636862e+001 -1.003205e+002 0.000000e+000
1.639997e+001 -1.003089e+002 0.000000e+000
1.643132e+001 -1.002974e+002 0.000000e+000
1.646268e+001 -1.002858e+002 0.000000e+000
1.649403e+001 -1.002742e+002 0.000000e+000
1.652538e+001 -1.002626e+002 0.000000e+000
1.655674e+001 -1.002511e+002 0.000000e+000
1.658809e+001 -1.002395e+002 0.000000e+000
1.661944e+001 -1.002279e+002 0.000000e+000
1.665079e+001 -1.002163e+002 0.000000e+000
1.668215e+001 -1.002048e+002 0.000000e+000
1.671350e+001 -1.001932e+002 0.000000e+000
1.674485e+001 -1.001816e+002 0.000000e+000
1.677621e+001 -1.001700e+002 0.000000e+000
1.680756e+001 -1.001585e+002 0.000000e+000
1.683891e+001 -1.001469e+002 0.000000e+000
1.687027e+001 -1.001353e+002 0.000000e+000
1.690162e+001 -1.001237e+002 0.000000e+000
1.693297e+001 -1.001122e+002 0.000000e+000
1.696433e+001 -1.001006e+002 0.000000e+000
1.699568e+001 -1.000890e+002 0.000000e+000
1.702703e+001 -1.000774e+002 0.000000e+000
1.705838e+001 -1.000659e+002 0.000000e+000
1.708974e+001 -1.000543e+002 0.000000e+000
1.712109e+001 -1.000427e+002 0.000000e+000
1.715244e+001 -1.000312e+002 0.000000e+000
1.718380e+001 -1.000196e+002 0.000000e+000
1.721515e+001 -1.000080e+002 0.000000e+000
1.724650e+001 -9.999643e+001 0.000000e+000
1.727786e+001 -9.998486e+001 0.000000e+000
1.730921e+001 -9.997328e+001 0.000000e+000
1.734056e+001 -9.996171e+001 0.000000e+000
1.737192e+001 -9.995014e+001 0.000000e+000
1.740327e+001 -9.993856e+001 0.000000e+000
1.743462e+001 -9.992699e+001 0.000000e+000
1.746598e+001 -9.991541e+001 0.000000e+000
1.749733e+001 -9.990384e+001 0.000000e+000
1.752868e+001 -9.989227e+001 0.000000e+000
1.756003e+001 -9.988069e+001 0.000000e+000
1.759139e+001 -9.986912e+001 0.000000e+000
1.762274e+001 -9.985754e+001 0.000000e+000
1.765409e+001 -9.984597e+001 0.000000e+000
1.768545e+001 -9.983440e+001 0.000000e+000
1.771680e+001 -9.982282e+001 0.000000e+000
1.774815e+001 -9.981125e+001 0.000000e+000
1.777951e+001 -9.979968e+001 0.000000e+000
1.781086e+001 -9.978810e+001 0.000000e+000
1.784221e+001 -9.977653e+001 0.000000e+000
1.787357e+001 -9.976495e+001 0.000000e+000
1.790492e+001 -9.975338e+001 0.000000e+000
1.793627e+001 -9.974181e+001 0.000000e+000
1.796763e+001 -9.973023e+001 0.000000e+000
1.799898e+001 -9.971866e+001 0.000000e+000
1.803033e+001 -9.970708e+001 0.000000e+000
1.806168e+001 -9.969551e+001 0.000000e+000
1.809304e+001 -9.968394e+001 0.000000e+000
1.812439e+001 -9.967236e+001 0.000000e+000
1.815574e+001 -9.966079e+001 0.000000e+000
1.818710e+001 -9.964921e+001 0.000000e+000
1.821845e+001 -9.963764e+001 0.000000e+000
1.824980e+001 -9.962607e+001 0.000000e+000
1.828116e+001 -9.961449e+001 0.000000e+000
1.831251e+001 -9.960292e+001 0.000000e+000
1.834386e+001 -9.959135e+001 0.000000e+000
1.837522e+001 -9.957977e+001 0.000000e+000
1.840657e+001 -9.956820e+001 0.000000e+000
1.843792e+001 -9.955662e+001 0.000000e+000
1.846927e+001 -9.954505e+001 0.000000e+000
1.850063e+001 -9.953348e+001 0.000000e+000
1.853198e+001 -9.952190e+001 0.000000e+000
1.856333e+001 -9.951033e+001 0.000000e+000
1.859469e+001 -9.949875e+001 0.000000e+000
1.862604e+001 -9.948718e+001 0.000000e+000
1.865739e+001 -9.947561e+001 0.000000e+000
1.868875e+001 -9.946403e+001 0.000000e+000
1.872010e+001 -9.945246e+001 0.000000e+000
1.875145e+001 -9.944088e+001 0.000000e+000
1.878281e+001 -9.942931e+001 0.000000e+000
1.881416e+001 -9.941774e+001 0.000000e+000
1.884551e+001 -9.940616e+001 0.000000e+000
1.887687e+001 -9.939459e+001 0.000000e+000
1.890822e+001 -9.938302e+001 0.000000e+000
1.893957e+001 -9.937144e+001 0.000000e+000
1.897092e+001 -9.935987e+001 0.000000e+000
1.900228e+001 -9.934829e+001 0.000000e+000
1.903363e+001 -9.933672e+001 0.000000e+000
1.906498e+001 -9.932515e+001 0.000000e+000
1.909634e+001 -9.931357e+001 0.000000e+000
1.912769e+001 -9.930200e+001 0.000000e+000
1.915904e+001 -9.929042e+001 0.000000e+000
1.919040e+001 -9.927885e+001 0.000000e+000
1.922175e+001 -9.926728e+001 0.000000e+000
1.925310e+001 -9.925570e+001 0.000000e+000
1.928446e+001 -9.924413e+001 0.000000e+000
1.931581e+001 -9.923255e+001 0.000000e+000
1.934716e+001 -9.922098e+001 0.000000e+000
1.937761e+001 -9.920746e+001 0.000000e+000
1.940807e+001 -9.919393e+001 0.000000e+000
1.943852e+001 -9.918041e+001 0.000000e+000
1.946897e+001 -9.916689e+001 0.000000e+000
1.949943e+001 -9.915337e+001 0.000000e+000
1.952988e+001 -9.913984e+001 0.000000e+000
1.956033e+001 -9.912632e+001 0.000000e+000
1.959078e+001 -9.911280e+001 0.000000e+000
1.962124e+001 -9.909928e+001 0.000000e+000
1.965169e+001 -9.908575e+001 0.000000e+000
1.968214e+001 -9.907223e+001 0.000000e+000
1.971259e+001 -9.905871e+001 0.000000e+000
1.974305e+001 -9.904518e+001 0.000000e+000
1.977350e+001 -9.903166e+001 0.000000e+000
1.980395e+001 -9.901814e+001 0.000000e+000
1.983441e+001 -9.900462e+001 0.000000e+000
1.986486e+001 -9.899109e+001 0.000000e+000
1.989531e+001 -9.897757e+001 0.000000e+000
1.992576e+001 -9.896405e+001 0.000000e+000
1.995622e+001 -9.895052e+001 0.000000e+000
1.998667e+001 -9.893700e+001 0.000000e+000
2.001712e+001 -9.892348e+001 0.000000e+000
2.004757e+001 -9.890996e+001 0.000000e+000
2.007803e+001 -9.889643e+001 0.000000e+000
2.010848e+001 -9.888291e+001 0.000000e+000
2.013893e+001 -9.886939e+001 0.000000e+000
2.016939e+001 -9.885586e+001 0.000000e+000
2.019984e+001 -9.884234e+001 0.000000e+000
2.023029e+001 -9.882882e+001 0.000000e+000
2.026074e+001 -9.881530e+001 0.000000e+000
2.029120e+001 -9.880177e+001 0.000000e+000
2.032165e+001 -9.878825e+001 0.000000e+000
2.035210e+001 -9.877473e+001 0.000000e+000
2.038255e+001 -9.876121e+001 0.000000e+000
2.041301e+001 -9.874768e+001 0.000000e+000
2.044346e+001 -9.873416e+001 0.000000e+000
2.047391e+001 -9.872064e+001 0.000000e+000
2.050437e+001 -9.870711e+001 0.000000e+000
2.053482e+001 -9.869359e+001 0.000000e+000
2.056527e+001 -9.868007e+001 0.000000e+000
2.059572e+001 -9.866655e+001 0.000000e+000
2.062618e+001 -9.865302e+001 0.000000e+000
2.065663e+001 -9.863950e+001 0.000000e+000
2.068708e+001 -9.862598e+001 0.000000e+000
2.071753e+001 -9.861245e+001 0.000000e+000
2.074799e+001 -9.859893e+001 0.000000e+000
2.077844e+001 -9.858541e+001 0.000000e+000
2.080889e+001 -9.857189e+001 0.000000e+000
2.083935e+001 -9.855836e+001 0.000000e+000
2.086980e+001 -9.854484e+001 0.000000e+000
2.090025e+001 -9.853132e+001 0.000000e+000
2.093070e+001 -9.851779e+001 0.000000e+000
2.096116e+001 -9.850427e+001 0.000000e+000
2.099161e+001 -9.849075e+001 0.000000e+000
2.102206e+001 -9.847723e+001 0.000000e+000
2.105252e+001 -9.846370e+001 0.000000e+000
2.108297e+001 -9.845018e+001 0.000000e+000
2.111342e+001 -9.843666e+001 0.000000e+000
2.114387e+001 -9.842314e+001 0.000000e+000
2.117433e+001 -9.840961e+001 0.000000e+000
2.120478e+001 -9.839609e+001 0.000000e+000
2.123523e+001 -9.838257e+001 0.000000e+000
2.126568e+001 -9.836904e+001 0.000000e+000
2.129614e+001 -9.835552e+001 0.000000e+000
2.132659e+001 -9.834200e+001 0.000000e+000
2.135704e+001 -9.832848e+001 0.000000e+000
2.138750e+001 -9.831495e+001 0.000000e+000
2.141795e+001 -9.830143e+001 0.000000e+000
2.144840e+001 -9.828791e+001 0.000000e+000
2.147885e+001 -9.827438e+001 0.000000e+000
2.150931e+001 -9.826086e+001 0.000000e+000
2.153976e+001 -9.824734e+001 0.000000e+000
2.157021e+001 -9.823382e+001 0.000000e+000
2.160066e+001 -9.822029e+001 0.000000e+000
2.163112e+001 -9.820677e+001 0.000000e+000
2.166157e+001 -9.819325e+001 0.000000e+000
2.169202e+001 -9.817972e+001 0.000000e+000
2.172248e+001 -9.816620e+001 0.000000e+000
2.175293e+001 -9.815268e+001 0.000000e+000
2.178338e+001 -9.813916e+001 0.000000e+000
2.181383e+001 -9.812563e+001 0.000000e+000
2.184429e+001 -9.811211e+001 0.000000e+000
2.187474e+001 -9.809859e+001 0.000000e+000
2.190519e+001 -9.808507e+001 0.000000e+000
2.193564e+001 -9.807154e+001 0.000000e+000
2.196610e+001 -9.805802e+001 0.000000e+000
2.199655e+001 -9.804450e+001 0.000000e+000
2.202700e+001 -9.803097e+001 0.000000e+000
2.205746e+001 -9.801745e+001 0.000000e+000
2.208791e+001 -9.800393e+001 0.000000e+000
2.211836e+001 -9.799041e+001 0.000000e+000
2.214881e+001 -9.797688e+001 0.000000e+000
2.217927e+001 -9.796336e+001 0.000000e+000
2.220972e+001 -9.794984e+001 0.000000e+000
2.224017e+001 -9.793631e+001 0.000000e+000
2.227062e+001 -9.792279e+001 0.000000e+000
2.230108e+001 -9.790927e+001 0.000000e+000
2.233153e+001 -9.789575e+001 0.000000e+000
2.236198e+001 -9.788222e+001 0.000000e+000
2.239159e+001 -9.786673e+001 0.000000e+000
2.242120e+001 -9.785123e+001 0.000000e+000
2.245082e+001 -9.783573e+001 0.000000e+000
2.248043e+001 -9.782023e+001 0.000000e+000
2.251004e+001 -9.780473e+001 0.000000e+000
2.253965e+001 -9.778924e+001 0.000000e+000
2.256926e+001 -9.777374e+001 0.000000e+000
2.259887e+001 -9.775824e+001 0.000000e+000
2.262848e+001 -9.774274e+001 0.000000e+000
2.265809e+001 -9.772725e+001 0.000000e+000
2.268770e+001 -9.771175e+001 0.000000e+000
2.271731e+001 -9.769625e+001 0.000000e+000
2.274692e+001 -9.768075e+001 0.000000e+000
2.277653e+001 -9.766526e+001 0.000000e+000
2.280614e+001 -9.764976e+001 0.000000e+000
2.283575e+001 -9.763426e+001 0.000000e+000
2.286537e+001 -9.761876e+001 0.000000e+000
2.289498e+001 -9.760327e+001 0.000000e+000
2.292459e+001 -9.758777e+001 0.000000e+000
2.295420e+001 -9.757227e+001 0.000000e+000
2.298381e+001 -9.755677e+001 0.000000e+000
2.301342e+001 -9.754128e+001 0.000000e+000
2.304303e+001 -9.752578e+001 0.000000e+000
2.307264e+001 -9.751028e+001 0.000000e+000
2.310225e+001 -9.749478e+001 0.000000e+000
2.313186e+001 -9.747928e+001 0.000000e+000
2.316147e+001 -9.746379e+001 0.000000e+000
2.319108e+001 -9.744829e+001 0.000000e+000
2.322069e+001 -9.743279e+001 0.000000e+000
2.325031e+001 -9.741729e+001 0.000000e+000
2.327992e+001 -9.740180e+001 0.000000e+000
2.330953e+001 -9.738630e+001 0.000000e+000
2.333914e+001 -9.737080e+001 0.000000e+000
2.336875e+001 -9.735530e+001 0.000000e+000
2.339836e+001 -9.733981e+001 0.000000e+000
2.342797e+001 -9.732431e+001 0.000000e+000
2.345758e+001 -9.730881e+001 0.000000e+000
2.348719e+001 -9.729331e+001 0.000000e+000
2.351680e+001 -9.727782e+001 0.000000e+000
2.354641e+001 -9.726232e+001 0.000000e+000
2.357602e+001 -9.724682e+001 0.000000e+000
2.360563e+001 -9.723132e+001 0.000000e+000
2.363524e+001 -9.721583e+001 0.000000e+000
2.366486e+001 -9.720033e+001 0.000000e+000
2.369447e+001 -9.718483e+001 0.000000e+000
2.372408e+001 -9.716933e+001 0.000000e+000
2.375369e+001 -9.715383e+001 0.000000e+000
2.378330e+001 -9.713834e+001 0.000000e+000
2.381291e+001 -9.712284e+001 0.000000e+000
2.384252e+001 -9.710734e+001 0.000000e+000
2.387213e+001 -9.709184e+001 0.000000e+000
2.390174e+001 -9.707635e+001 0.000000e+000
2.393135e+001 -9.706085e+001 0.000000e+000
2.396096e+001 -9.704535e+001 0.000000e+000
2.399057e+001 -9.702985e+001 0.000000e+000
2.402018e+001 -9.701436e+001 0.000000e+000
2.404979e+001 -9.699886e+001 0.000000e+000
2.407941e+001 -9.698336e+001 0.000000e+000
2.410902e+001 -9.696786e+001 0.000000e+000
2.413863e+001 -9.695237e+001 0.000000e+000
2.416824e+001 -9.693687e+001 0.000000e+000
2.419785e+001 -9.692137e+001 0.000000e+000
2.422746e+001 -9.690587e+001 0.000000e+000
2.425707e+001 -9.689038e+001 0.000000e+000
2.428668e+001 -9.687488e+001 0.000000e+000
2.431629e+001 -9.685938e+001 0.000000e+000
2.434590e+001 -9.684388e+001 0.000000e+000
2.437551e+001 -9.682838e+001 0.000000e+000
2.440512e+001 -9.681289e+001 0.000000e+000
2.443473e+001 -9.679739e+001 0.000000e+000
2.446435e+001 -9.678189e+001 0.000000e+000
2.449396e+001 -9.676639e+001 0.000000e+000
2.452357e+001 -9.675090e+001 0.000000e+000
2.455318e+001 -9.673540e+001 0.000000e+000
2.458279e+001 -9.671990e+001 0.000000e+000
2.461240e+001 -9.670440e+001 0.000000e+000
2.464201e+001 -9.668891e+001 0.000000e+000
2.467162e+001 -9.667341e+001 0.000000e+000
2.470123e+001 -9.665791e+001 0.000000e+000
2.473084e+001 -9.664241e+001 0.000000e+000
2.476045e+001 -9.662692e+001 0.000000e+000
2.479006e+001 -9.661142e+001 0.000000e+000
2.481967e+001 -9.659592e+001 0.000000e+000
2.484928e+001 -9.658042e+001 0.000000e+000
2.487890e+001 -9.656492e+001 0.000000e+000
2.490851e+001 -9.654943e+001 0.000000e+000
2.493812e+001 -9.653393e+001 0.000000e+000
2.496773e+001 -9.651843e+001 0.000000e+000
2.499734e+001 -9.650293e+001 0.000000e+000
2.502695e+001 -9.648744e+001 0.000000e+000
2.505656e+001 -9.647194e+001 0.000000e+000
2.508617e+001 -9.645644e+001 0.000000e+000
2.511578e+001 -9.644094e+001 0.000000e+000
2.514539e+001 -9.642545e+001 0.000000e+000
2.517500e+001 -9.640995e+001 0.000000e+000
2.520461e+001 -9.639445e+001 0.000000e+000
2.523422e+001 -9.637895e+001 0.000000e+000
2.526384e+001 -9.636346e+001 0.000000e+000
2.529345e+001 -9.634796e+001 0.000000e+000
2.532191e+001 -9.633064e+001 0.000000e+000
2.535038e+001 -9.631333e+001 0.000000e+000
2.537885e+001 -9.629601e+001 0.000000e+000
2.540732e+001 -9.627870e+001 0.000000e+000
2.543579e+001 -9.626138e+001 0.000000e+000
2.546425e+001 -9.624407e+001 0.000000e+000
2.549272e+001 -9.622675e+001 0.000000e+000
2.552119e+001 -9.620944e+001 0.000000e+000
2.554966e+001 -9.619212e+001 0.000000e+000
2.557813e+001 -9.617481e+001 0.000000e+000
2.560659e+001 -9.615749e+001 0.000000e+000
2.563506e+001 -9.614018e+001 0.000000e+000
2.566353e+001 -9.612286e+001 0.000000e+000
2.569200e+001 -9.610555e+001 0.000000e+000
2.572047e+001 -9.608823e+001 0.000000e+000
2.574893e+001 -9.607092e+001 0.000000e+000
2.577740e+001 -9.605360e+001 0.000000e+000
2.580587e+001 -9.603629e+001 0.000000e+000
2.583434e+001 -9.601897e+001 0.000000e+000
2.586281e+001 -9.600166e+001 0.000000e+000
2.589127e+001 -9.598434e+001 0.000000e+000
2.591974e+001 -9.596703e+001 0.000000e+000
2.594821e+001 -9.594971e+001 0.000000e+000
2.597668e+001 -9.593240e+001 0.000000e+000
2.600515e+001 -9.591508e+001 0.000000e+000
2.603361e+001 -9.589777e+001 0.000000e+000
2.606208e+001 -9.588045e+001 0.000000e+000
2.609055e+001 -9.586314e+001 0.000000e+000
2.611902e+001 -9.584582e+001 0.000000e+000
2.614748e+001 -9.582851e+001 0.000000e+000
2.617595e+001 -9.581119e+001 0.000000e+000
2.620442e+001 -9.579388e+001 0.000000e+000
2.623289e+001 -9.577656e+001 0.000000e+000
2.626136e+001 -9.575925e+001 0.000000e+000
2.628982e+001 -9.574193e+001 0.000000e+000
2.631829e+001 -9.572462e+001 0.000000e+000
2.634676e+001 -9.570730e+001 0.000000e+000
2.637523e+001 -9.568999e+001 0.000000e+000
2.640370e+001 -9.567267e+001 0.000000e+000
2.643216e+001 -9.565536e+001 0.000000e+000
2.646063e+001 -9.563804e+001 0.000000e+000
2.648910e+001 -9.562073e+001 0.000000e+000
2.651757e+001 -9.560341e+001 0.000000e+000
2.654604e+001 -9.558610e+001 0.000000e+000
2.657450e+001 -9.556878e+001 0.000000e+000
2.660297e+001 -9.555147e+001 0.000000e+000
2.663144e+001 -9.553415e+001 0.000000e+000
2.665991e+001 -9.551684e+001 0.000000e+000
2.668838e+001 -9.549952e+001 0.000000e+000
2.671684e+001 -9.548221e+001 0.000000e+000
2.674531e+001 -9.546489e+001 0.000000e+000
2.677378e+001 -9.544758e+001 0.000000e+000
2.680225e+001 -9.543026e+001 0.000000e+000
2.683072e+001 -9.541295e+001 0.000000e+000
2.685918e+001 -9.539563e+001 0.000000e+000
2.688765e+001 -9.537832e+001 0.000000e+000
2.691612e+001 -9.536100e+001 0.000000e+000
2.694459e+001 -9.534369e+001 0.000000e+000
2.697306e+001 -9.532637e+001 0.000000e+000
2.700152e+001 -9.530906e+001 0.000000e+000
2.702999e+001 -9.529174e+001 0.000000e+000
2.705846e+001 -9.527443e+001 0.000000e+000
2.708693e+001 -9.525711e+001 0.000000e+000
2.711540e+001 -9.523980e+001 0.000000e+000
2.714386e+001 -9.522248e+001 0.000000e+000
2.717233e+001 -9.520517e+001 0.000000e+000
2.720080e+001 -9.518785e+001 0.000000e+000
2.722927e+001 -9.517054e+001 0.000000e+000
2.725774e+001 -9.515322e+001 0.000000e+000
2.728620e+001 -9.513591e+001 0.000000e+000
2.731467e+001 -9.511859e+001 0.000000e+000
2.734314e+001 -9.510128e+001 0.000000e+000
2.737161e+001 -9.508396e+001 0.000000e+000
2.740008e+001 -9.506665e+001 0.000000e+000
2.742854e+001 -9.504933e+001 0.000000e+000
2.745701e+001 -9.503202e+001 0.000000e+000
2.748548e+001 -9.501470e+001 0.000000e+000
2.751395e+001 -9.499739e+001 0.000000e+000
2.754242e+001 -9.498007e+001 0.000000e+000
2.757088e+001 -9.496276e+001 0.000000e+000
2.759935e+001 -9.494544e+001 0.000000e+000
2.762782e+001 -9.492813e+001 0.000000e+000
2.765629e+001 -9.491081e+001 0.000000e+000
2.768476e+001 -9.489350e+001 0.000000e+000
2.771322e+001 -9.487618e+001 0.000000e+000
2.774169e+001 -9.485887e+001 0.000000e+000
2.777016e+001 -9.484155e+001 0.000000e+000
2.779863e+001 -9.482424e+001 0.000000e+000
2.782710e+001 -9.480692e+001 0.000000e+000
2.785556e+001 -9.478960e+001 0.000000e+000
2.788403e+001 -9.477229e+001 0.000000e+000
2.791250e+001 -9.475497e+001 0.000000e+000
2.794097e+001 -9.473766e+001 0.000000e+000
2.796943e+001 -9.472034e+001 0.000000e+000
2.799790e+001 -9.470303e+001 0.000000e+000
2.802637e+001 -9.468571e+001 0.000000e+000
2.805484e+001 -9.466840e+001 0.000000e+000
2.808331e+001 -9.465108e+001 0.000000e+000
2.811177e+001 -9.463377e+001 0.000000e+000
2.813915e+001 -9.461460e+001 0.000000e+000
2.816653e+001 -9.459544e+001 0.000000e+000
2.819391e+001 -9.457627e+001 0.000000e+000
2.822129e+001 -9.455711e+001 0.000000e+000
2.824867e+001 -9.453794e+001 0.000000e+000
2.827605e+001 -9.451878e+001 0.000000e+000
2.830343e+001 -9.449961e+001 0.000000e+000
2.833081e+001 -9.448044e+001 0.000000e+000
2.835819e+001 -9.446128e+001 0.000000e+000
2.838557e+001 -9.444211e+001 0.000000e+000
2.841295e+001 -9.442295e+001 0.000000e+000
2.844033e+001 -9.440378e+001 0.000000e+000
2.846771e+001 -9.438462e+001 0.000000e+000
2.849509e+001 -9.436545e+001 0.000000e+000
2.852247e+001 -9.434629e+001 0.000000e+000
2.854985e+001 -9.432712e+001 0.000000e+000
2.857723e+001 -9.430795e+001 0.000000e+000
2.860461e+001 -9.428879e+001 0.000000e+000
2.863199e+001 -9.426962e+001 0.000000e+000
2.865937e+001 -9.425046e+001 0.000000e+000
2.868675e+001 -9.423129e+001 0.000000e+000
2.871413e+001 -9.421213e+001 0.000000e+000
2.874151e+001 -9.419296e+001 0.000000e+000
2.876889e+001 -9.417379e+001 0.000000e+000
2.879627e+001 -9.415463e+001 0.000000e+000
2.882365e+001 -9.413546e+001 0.000000e+000
2.885103e+001 -9.411630e+001 0.000000e+000
2.887841e+001 -9.409713e+001 0.000000e+000
2.890579e+001 -9.407797e+001 0.000000e+000
2.893317e+001 -9.405880e+001 0.000000e+000
2.896055e+001 -9.403964e+001 0.000000e+000
2.898793e+001 -9.402047e+001 0.000000e+000
2.901531e+001 -9.400130e+001 0.000000e+000
2.904269e+001 -9.398214e+001 0.000000e+000
2.907007e+001 -9.396297e+001 0.000000e+000
2.909745e+001 -9.394381e+001 0.000000e+000
2.912483e+001 -9.392464e+001 0.000000e+000
2.915221e+001 -9.390548e+001 0.000000e+000
2.917959e+001 -9.388631e+001 0.000000e+000
2.920696e+001 -9.386714e+001 0.000000e+000
2.923434e+001 -9.384798e+001 0.000000e+000
2.926172e+001 -9.382881e+001 0.000000e+000
2.928910e+001 -9.380965e+001 0.000000e+000
2.931648e+001 -9.379048e+001 0.000000e+000
2.934386e+001 -9.377132e+001 0.000000e+000
2.937124e+001 -9.375215e+001 0.000000e+000
2.939862e+001 -9.373299e+001 0.000000e+000
2.942600e+001 -9.371382e+001 0.000000e+000
2.945338e+001 -9.369465e+001 0.000000e+000
2.948076e+001 -9.367549e+001 0.000000e+000
2.950814e+001 -9.365632e+001 0.000000e+000
2.953552e+001 -9.363716e+001 0.000000e+000
2.956290e+001 -9.361799e+001 0.000000e+000
2.959028e+001 -9.359883e+001 0.000000e+000
2.961766e+001 -9.357966e+001 0.000000e+000
2.964504e+001 -9.356049e+001 0.000000e+000
2.967242e+001 -9.354133e+001 0.000000e+000
2.969980e+001 -9.352216e+001 0.000000e+000
2.972718e+001 -9.350300e+001 0.000000e+000
2.975456e+001 -9.348383e+001 0.000000e+000
2.978194e+001 -9.346467e+001 0.000000e+000
2.980932e+001 -9.344550e+001 0.000000e+000
2.983670e+001 -9.342634e+001 0.000000e+000
2.986408e+001 -9.340717e+001 0.000000e+000
2.989146e+001 -9.338800e+001 0.000000e+000
2.991884e+001 -9.336884e+001 0.000000e+000
2.994622e+001 -9.334967e+001 0.000000e+000
2.997360e+001 -9.333051e+001 0.000000e+000
3.000098e+001 -9.331134e+001 0.000000e+000
3.002836e+001 -9.329218e+001 0.000000e+000
3.005574e+001 -9.327301e+001 0.000000e+000
3.008312e+001 -9.325384e+001 0.000000e+000
3.011050e+001 -9.323468e+001 0.000000e+000
3.013788e+001 -9.321551e+001 0.000000e+000
3.016526e+001 -9.319635e+001 0.000000e+000
3.019264e+001 -9.317718e+001 0.000000e+000
3.022002e+001 -9.315802e+001 0.000000e+000
3.024740e+001 -9.313885e+001 0.000000e+000
3.027478e+001 -9.311969e+001 0.000000e+000
3.030216e+001 -9.310052e+001 0.000000e+000
3.032953e+001 -9.308135e+001 0.000000e+000
3.035691e+001 -9.306219e+001 0.000000e+000
3.038429e+001 -9.304302e+001 0.000000e+000
3.041167e+001 -9.302386e+001 0.000000e+000
3.043905e+001 -9.300469e+001 0.000000e+000
3.046643e+001 -9.298553e+001 0.000000e+000
3.049381e+001 -9.296636e+001 0.000000e+000
3.052119e+001 -9.294719e+001 0.000000e+000
3.054857e+001 -9.292803e+001 0.000000e+000
3.057595e+001 -9.290886e+001 0.000000e+000
3.060333e+001 -9.288970e+001 0.000000e+000
3.063071e+001 -9.287053e+001 0.000000e+000
3.065809e+001 -9.285137e+001 0.000000e+000
3.068547e+001 -9.283220e+001 0.000000e+000
3.071285e+001 -9.281304e+001 0.000000e+000
3.074023e+001 -9.279387e+001 0.000000e+000
3.076761e+001 -9.277470e+001 0.000000e+000
3.079499e+001 -9.275554e+001 0.000000e+000
3.082237e+001 -9.273637e+001 0.000000e+000
3.084838e+001 -9.271555e+001 0.000000e+000
3.087440e+001 -9.269473e+001 0.000000e+000
3.090041e+001 -9.267391e+001 0.000000e+000
3.092642e+001 -9.265309e+001 0.000000e+000
3.095244e+001 -9.263226e+001 0.000000e+000
3.097845e+001 -9.261144e+001 0.000000e+000
3.100446e+001 -9.259062e+001 0.000000e+000
3.103048e+001 -9.256980e+001 0.000000e+000
3.105649e+001 -9.254898e+001 0.000000e+000
3.108250e+001 -9.252816e+001 0.000000e+000
3.110852e+001 -9.250734e+001 0.000000e+000
3.113453e+001 -9.248651e+001 0.000000e+000
3.116055e+001 -9.246569e+001 0.000000e+000
3.118656e+001 -9.244487e+001 0.000000e+000
3.121257e+001 -9.242405e+001 0.000000e+000
3.123859e+001 -9.240323e+001 0.000000e+000
3.126460e+001 -9.238241e+001 0.000000e+000
3.129061e+001 -9.236158e+001 0.000000e+000
3.131663e+001 -9.234076e+001 0.000000e+000
3.134264e+001 -9.231994e+001 0.000000e+000
3.136865e+001 -9.229912e+001 0.000000e+000
3.139467e+001 -9.227830e+001 0.000000e+000
3.142068e+001 -9.225748e+001 0.000000e+000
3.144669e+001 -9.223666e+001 0.000000e+000
3.147271e+001 -9.221583e+001 0.000000e+000
3.149872e+001 -9.219501e+001 0.000000e+000
3.152473e+001 -9.217419e+001 0.000000e+000
3.155075e+001 -9.215337e+001 0.000000e+000
3.157676e+001 -9.213255e+001 0.000000e+000
3.160277e+001 -9.211173e+001 0.000000e+000
3.162879e+001 -9.209090e+001 0.000000e+000
3.165480e+001 -9.207008e+001 0.000000e+000
3.168081e+001 -9.204926e+001 0.000000e+000
3.170683e+001 -9.202844e+001 0.000000e+000
3.173284e+001 -9.200762e+001 0.000000e+000
3.175885e+001 -9.198680e+001 0.000000e+000
3.178487e+001 -9.196598e+001 0.000000e+000
3.181088e+001 -9.194515e+001 0.000000e+000
3.183689e+001 -9.192433e+001 0.000000e+000
3.186291e+001 -9.190351e+001 0.000000e+000
3.188892e+001 -9.188269e+001 0.000000e+000
3.191493e+001 -9.186187e+001 0.000000e+000
3.194095e+001 -9.184105e+001 0.000000e+000
3.196696e+001 -9.182022e+001 0.000000e+000
3.199297e+001 -9.179940e+001 0.000000e+000
3.201899e+001 -9.177858e+001 0.000000e+000
3.204500e+001 -9.175776e+001 0.000000e+000
3.207102e+001 -9.173694e+001 0.000000e+000
3.209703e+001 -9.171612e+001 0.000000e+000
3.212304e+001 -9.169530e+001 0.000000e+000
3.214906e+001 -9.167447e+001 0.000000e+000
3.217507e+001 -9.165365e+001 0.000000e+000
3.220108e+001 -9.163283e+001 0.000000e+000
3.222710e+001 -9.161201e+001 0.000000e+000
3.225311e+001 -9.159119e+001 0.000000e+000
3.227912e+001 -9.157037e+001 0.000000e+000
3.230514e+001 -9.154954e+001 0.000000e+000
3.233115e+001 -9.152872e+001 0.000000e+000
3.235716e+001 -9.150790e+001 0.000000e+000
3.238318e+001 -9.148708e+001 0.000000e+000
3.240919e+001 -9.146626e+001 0.000000e+000
3.243520e+001 -9.144544e+001 0.000000e+000
3.246122e+001 -9.142462e+001 0.000000e+000
3.248723e+001 -9.140379e+001 0.000000e+000
3.251324e+001 -9.138297e+001 0.000000e+000
3.253926e+001 -9.136215e+001 0.000000e+000
3.256527e+001 -9.134133e+001 0.000000e+000
3.259128e+001 -9.132051e+001 0.000000e+000
3.261730e+001 -9.129969e+001 0.000000e+000
3.264331e+001 -9.127886e+001 0.000000e+000
3.266932e+001 -9.125804e+001 0.000000e+000
3.269534e+001 -9.123722e+001 0.000000e+000
3.272135e+001 -9.121640e+001 0.000000e+000
3.274736e+001 -9.119558e+001 0.000000e+000
3.277338e+001 -9.117476e+001 0.000000e+000
3.279939e+001 -9.115394e+001 0.000000e+000
3.282540e+001 -9.113311e+001 0.000000e+000
3.285142e+001 -9.111229e+001 0.000000e+000
3.287743e+001 -9.109147e+001 0.000000e+000
3.290345e+001 -9.107065e+001 0.000000e+000
3.292946e+001 -9.104983e+001 0.000000e+000
3.295547e+001 -9.102901e+001 0.000000e+000
3.298149e+001 -9.100818e+001 0.000000e+000
3.300750e+001 -9.098736e+001 0.000000e+000
3.303351e+001 -9.096654e+001 0.000000e+000
3.305953e+001 -9.094572e+001 0.000000e+000
3.308554e+001 -9.092490e+001 0.000000e+000
3.311155e+001 -9.090408e+001 0.000000e+000
3.313757e+001 -9.088325e+001 0.000000e+000
3.316358e+001 -9.086243e+001 0.000000e+000
3.318959e+001 -9.084161e+001 0.000000e+000
3.321561e+001 -9.082079e+001 0.000000e+000
3.324162e+001 -9.079997e+001 0.000000e+000
3.326763e+001 -9.077915e+001 0.000000e+000
3.329365e+001 -9.075833e+001 0.000000e+000
3.331966e+001 -9.073750e+001 0.000000e+000
3.334567e+001 -9.071668e+001 0.000000e+000
3.337169e+001 -9.069586e+001 0.000000e+000
3.339770e+001 -9.067504e+001 0.000000e+000
3.342240e+001 -9.065252e+001 0.000000e+000
3.344709e+001 -9.063000e+001 0.000000e+000
3.347179e+001 -9.060749e+001 0.000000e+000
3.349649e+001 -9.058497e+001 0.000000e+000
3.352119e+001 -9.056245e+001 0.000000e+000
3.354588e+001 -9.053994e+001 0.000000e+000
3.357058e+001 -9.051742e+001 0.000000e+000
3.359528e+001 -9.049490e+001 0.000000e+000
3.361997e+001 -9.047238e+001 0.000000e+000
3.364467e+001 -9.044987e+001 0.000000e+000
3.366937e+001 -9.042735e+001 0.000000e+000
3.369406e+001 -9.040483e+001 0.000000e+000
3.371876e+001 -9.038231e+001 0.000000e+000
3.374346e+001 -9.035980e+001 0.000000e+000
3.376815e+001 -9.033728e+001 0.000000e+000
3.379285e+001 -9.031476e+001 0.000000e+000
3.381755e+001 -9.029224e+001 0.000000e+000
3.384225e+001 -9.026973e+001 0.000000e+000
3.386694e+001 -9.024721e+001 0.000000e+000
3.389164e+001 -9.022469e+001 0.000000e+000
3.391634e+001 -9.020217e+001 0.000000e+000
3.394103e+001 -9.017966e+001 0.000000e+000
3.396573e+001 -9.015714e+001 0.000000e+000
3.399043e+001 -9.013462e+001 0.000000e+000
3.401512e+001 -9.011211e+001 0.000000e+000
3.403982e+001 -9.008959e+001 0.000000e+000
3.406452e+001 -9.006707e+001 0.000000e+000
3.408922e+001 -9.004455e+001 0.000000e+000
3.411391e+001 -9.002204e+001 0.000000e+000
3.413861e+001 -8.999952e+001 0.000000e+000
3.416331e+001 -8.997700e+001 0.000000e+000
3.418800e+001 -8.995448e+001 0.000000e+000
3.421270e+001 -8.993197e+001 0.000000e+000
3.423740e+001 -8.990945e+001 0.000000e+000
3.426209e+001 -8.988693e+001 0.000000e+000
3.428679e+001 -8.986441e+001 0.000000e+000
3.431149e+001 -8.984190e+001 0.000000e+000
3.433619e+001 -8.981938e+001 0.000000e+000
3.436088e+001 -8.979686e+001 0.000000e+000
3.438558e+001 -8.977434e+001 0.000000e+000
3.441028e+001 -8.975183e+001 0.000000e+000
3.443497e+001 -8.972931e+001 0.000000e+000
3.445967e+001 -8.970679e+001 0.000000e+000
3.448437e+001 -8.968428e+001 0.000000e+000
3.450906e+001 -8.966176e+001 0.000000e+000
3.453376e+001 -8.963924e+001 0.000000e+000
3.455846e+001 -8.961672e+001 0.000000e+000
3.458315e+001 -8.959421e+001 0.000000e+000
3.460785e+001 -8.957169e+001 0.000000e+000
3.463255e+001 -8.954917e+001 0.000000e+000
3.465725e+001 -8.952665e+001 0.000000e+000
3.468194e+001 -8.950414e+001 0.000000e+000
3.470664e+001 -8.948162e+001 0.000000e+000
3.473134e+001 -8.945910e+001 0.000000e+000
3.475603e+001 -8.943658e+001 0.000000e+000
3.478073e+001 -8.941407e+001 0.000000e+000
3.480543e+001 -8.939155e+001 0.000000e+000
3.483012e+001 -8.936903e+001 0.000000e+000
3.485482e+001 -8.934651e+001 0.000000e+000
3.487952e+001 -8.932400e+001 0.000000e+000
3.490422e+001 -8.930148e+001 0.000000e+000
3.492891e+001 -8.927896e+001 0.000000e+000
3.495361e+001 -8.925645e+001 0.000000e+000
3.497831e+001 -8.923393e+001 0.000000e+000
3.500300e+001 -8.921141e+001 0.000000e+000
3.502770e+001 -8.918889e+001 0.000000e+000
3.505240e+001 -8.916638e+001 0.000000e+000
3.507709e+001 -8.914386e+001 0.000000e+000
3.510179e+001 -8.912134e+001 0.000000e+000
3.512649e+001 -8.909882e+001 0.000000e+000
3.515119e+001 -8.907631e+001 0.000000e+000
3.517588e+001 -8.905379e+001 0.000000e+000
3.520058e+001 -8.903127e+001 0.000000e+000
3.522528e+001 -8.900875e+001 0.000000e+000
3.524997e+001 -8.898624e+001 0.000000e+000
3.527467e+001 -8.896372e+001 0.000000e+000
3.529937e+001 -8.894120e+001 0.000000e+000
3.532406e+001 -8.891868e+001 0.000000e+000
3.534876e+001 -8.889617e+001 0.000000e+000
3.537346e+001 -8.887365e+001 0.000000e+000
3.539815e+001 -8.885113e+001 0.000000e+000
3.542285e+001 -8.882862e+001 0.000000e+000
3.544755e+001 -8.880610e+001 0.000000e+000
3.547225e+001 -8.878358e+001 0.000000e+000
3.549694e+001 -8.876106e+001 0.000000e+000
3.552164e+001 -8.873855e+001 0.000000e+000
3.554634e+001 -8.871603e+001 0.000000e+000
3.557103e+001 -8.869351e+001 0.000000e+000
3.559573e+001 -8.867099e+001 0.000000e+000
3.562043e+001 -8.864848e+001 0.000000e+000
3.564512e+001 -8.862596e+001 0.000000e+000
3.566982e+001 -8.860344e+001 0.000000e+000
3.569452e+001 -8.858092e+001 0.000000e+000
3.571922e+001 -8.855841e+001 0.000000e+000
3.574391e+001 -8.853589e+001 0.000000e+000
3.576861e+001 -8.851337e+001 0.000000e+000
3.579331e+001 -8.849085e+001 0.000000e+000
3.581800e+001 -8.846834e+001 0.000000e+000
3.584270e+001 -8.844582e+001 0.000000e+000
3.586590e+001 -8.842176e+001 0.000000e+000
3.588910e+001 -8.839770e+001 0.000000e+000
3.591229e+001 -8.837364e+001 0.000000e+000
3.593549e+001 -8.834958e+001 0.000000e+000
3.595869e+001 -8.832552e+001 0.000000e+000
3.598188e+001 -8.830146e+001 0.000000e+000
3.600508e+001 -8.827740e+001 0.000000e+000
3.602828e+001 -8.825334e+001 0.000000e+000
3.605148e+001 -8.822929e+001 0.000000e+000
3.607467e+001 -8.820523e+001 0.000000e+000
3.609787e+001 -8.818117e+001 0.000000e+000
3.612107e+001 -8.815711e+001 0.000000e+000
3.614427e+001 -8.813305e+001 0.000000e+000
3.616746e+001 -8.810899e+001 0.000000e+000
3.619066e+001 -8.808493e+001 0.000000e+000
3.621386e+001 -8.806087e+001 0.000000e+000
3.623706e+001 -8.803681e+001 0.000000e+000
3.626025e+001 -8.801275e+001 0.000000e+000
3.628345e+001 -8.798869e+001 0.000000e+000
3.630665e+001 -8.796463e+001 0.000000e+000
3.632985e+001 -8.794057e+001 0.000000e+000
3.635304e+001 -8.791651e+001 0.000000e+000
3.637624e+001 -8.789245e+001 0.000000e+000
3.639944e+001 -8.786839e+001 0.000000e+000
3.642263e+001 -8.784434e+001 0.000000e+000
3.644583e+001 -8.782028e+001 0.000000e+000
3.646903e+001 -8.779622e+001 0.000000e+000
3.649223e+001 -8.777216e+001 0.000000e+000
3.651542e+001 -8.774810e+001 0.000000e+000
3.653862e+001 -8.772404e+001 0.000000e+000
3.656182e+001 -8.769998e+001 0.000000e+000
3.658502e+001 -8.767592e+001 0.000000e+000
3.660821e+001 -8.765186e+001 0.000000e+000
3.663141e+001 -8.762780e+001 0.000000e+000
3.665461e+001 -8.760374e+001 0.000000e+000
3.667781e+001 -8.757968e+001 0.000000e+000
3.670100e+001 -8.755562e+001 0.000000e+000
3.672420e+001 -8.753156e+001 0.000000e+000
3.674740e+001 -8.750750e+001 0.000000e+000
3.677060e+001 -8.748344e+001 0.000000e+000
3.679379e+001 -8.745939e+001 0.000000e+000
3.681699e+001 -8.743533e+001 0.000000e+000
3.684019e+001 -8.741127e+001 0.000000e+000
3.686338e+001 -8.738721e+001 0.000000e+000
3.688658e+001 -8.736315e+001 0.000000e+000
3.690978e+001 -8.733909e+001 0.000000e+000
3.693298e+001 -8.731503e+001 0.000000e+000
3.695617e+001 -8.729097e+001 0.000000e+000
3.697937e+001 -8.726691e+001 0.000000e+000
3.700257e+001 -8.724285e+001 0.000000e+000
3.702577e+001 -8.721879e+001 0.000000e+000
3.704896e+001 -8.719473e+001 0.000000e+000
3.707216e+001 -8.717067e+001 0.000000e+000
3.709536e+001 -8.714661e+001 0.000000e+000
3.711856e+001 -8.712255e+001 0.000000e+000
3.714175e+001 -8.709849e+001 0.000000e+000
3.716495e+001 -8.707443e+001 0.000000e+000
3.718815e+001 -8.705038e+001 0.000000e+000
3.721135e+001 -8.702632e+001 0.000000e+000
3.723454e+001 -8.700226e+001 0.000000e+000
3.725774e+001 -8.697820e+001 0.000000e+000
3.728094e+001 -8.695414e+001 0.000000e+000
3.730413e+001 -8.693008e+001 0.000000e+000
3.732733e+001 -8.690602e+001 0.000000e+000
3.735053e+001 -8.688196e+001 0.000000e+000
3.737373e+001 -8.685790e+001 0.000000e+000
3.739692e+001 -8.683384e+001 0.000000e+000
3.742012e+001 -8.680978e+001 0.000000e+000
3.744332e+001 -8.678572e+001 0.000000e+000
3.746652e+001 -8.676166e+001 0.000000e+000
3.748971e+001 -8.673760e+001 0.000000e+000
3.751291e+001 -8.671354e+001 0.000000e+000
3.753611e+001 -8.668948e+001 0.000000e+000
3.755931e+001 -8.666543e+001 0.000000e+000
3.758250e+001 -8.664137e+001 0.000000e+000
3.760570e+001 -8.661731e+001 0.000000e+000
3.762890e+001 -8.659325e+001 0.000000e+000
3.765210e+001 -8.656919e+001 0.000000e+000
3.767529e+001 -8.654513e+001 0.000000e+000
3.769849e+001 -8.652107e+001 0.000000e+000
3.772169e+001 -8.649701e+001 0.000000e+000
3.774488e+001 -8.647295e+001 0.000000e+000
3.776808e+001 -8.644889e+001 0.000000e+000
3.779128e+001 -8.642483e+001 0.000000e+000
3.781448e+001 -8.640077e+001 0.000000e+000
3.783767e+001 -8.637671e+001 0.000000e+000
3.786087e+001 -8.635265e+001 0.000000e+000
3.788407e+001 -8.632859e+001 0.000000e+000
3.790727e+001 -8.630453e+001 0.000000e+000
3.793046e+001 -8.628048e+001 0.000000e+000
3.795366e+001 -8.625642e+001 0.000000e+000
3.797686e+001 -8.623236e+001 0.000000e+000
3.800006e+001 -8.620830e+001 0.000000e+000
3.802325e+001 -8.618424e+001 0.000000e+000
3.804645e+001 -8.616018e+001 0.000000e+000
3.806965e+001 -8.613612e+001 0.000000e+000
3.809285e+001 -8.611206e+001 0.000000e+000
3.811604e+001 -8.608800e+001 0.000000e+000
3.813924e+001 -8.606394e+001 0.000000e+000
3.816084e+001 -8.603844e+001 0.000000e+000
3.818244e+001 -8.601294e+001 0.000000e+000
3.820405e+001 -8.598744e+001 0.000000e+000
3.822565e+001 -8.596193e+001 0.000000e+000
3.824725e+001 -8.593643e+001 0.000000e+000
3.826885e+001 -8.591093e+001 0.000000e+000
3.829045e+001 -8.588543e+001 0.000000e+000
3.831205e+001 -8.585993e+001 0.000000e+000
3.833366e+001 -8.583442e+001 0.000000e+000
3.835526e+001 -8.580892e+001 0.000000e+000
3.837686e+001 -8.578342e+001 0.000000e+000
3.839846e+001 -8.575792e+001 0.000000e+000
3.842006e+001 -8.573242e+001 0.000000e+000
3.844166e+001 -8.570692e+001 0.000000e+000
3.846327e+001 -8.568141e+001 0.000000e+000
3.848487e+001 -8.565591e+001 0.000000e+000
3.850647e+001 -8.563041e+001 0.000000e+000
3.852807e+001 -8.560491e+001 0.000000e+000
3.854967e+001 -8.557941e+001 0.000000e+000
3.857127e+001 -8.555391e+001 0.000000e+000
3.859288e+001 -8.552840e+001 0.000000e+000
3.861448e+001 -8.550290e+001 0.000000e+000
3.863608e+001 -8.547740e+001 0.000000e+000
3.865768e+001 -8.545190e+001 0.000000e+000
3.867928e+001 -8.542640e+001 0.000000e+000
3.870088e+001 -8.540090e+001 0.000000e+000
3.872249e+001 -8.537539e+001 0.000000e+000
3.874409e+001 -8.534989e+001 0.000000e+000
3.876569e+001 -8.532439e+001 0.000000e+000
3.878729e+001 -8.529889e+001 0.000000e+000
3.880889e+001 -8.527339e+001 0.000000e+000
3.883049e+001 -8.524788e+001 0.000000e+000
3.885210e+001 -8.522238e+001 0.000000e+000
3.887370e+001 -8.519688e+001 0.000000e+000
3.889530e+001 -8.517138e+001 0.000000e+000
3.891690e+001 -8.514588e+001 0.000000e+000
3.893850e+001 -8.512038e+001 0.000000e+000
3.896010e+001 -8.509487e+001 0.000000e+000
3.898171e+001 -8.506937e+001 0.000000e+000
3.900331e+001 -8.504387e+001 0.000000e+000
3.902491e+001 -8.501837e+001 0.000000e+000
3.904651e+001 -8.499287e+001 0.000000e+000
3.906811e+001 -8.496737e+001 0.000000e+000
3.908971e+001 -8.494186e+001 0.000000e+000
3.911132e+001 -8.491636e+001 0.000000e+000
3.913292e+001 -8.489086e+001 0.000000e+000
3.915452e+001 -8.486536e+001 0.000000e+000
3.917612e+001 -8.483986e+001 0.000000e+000
3.919772e+001 -8.481436e+001 0.000000e+000
3.921932e+001 -8.478885e+001 0.000000e+000
3.924093e+001 -8.476335e+001 0.000000e+000
3.926253e+001 -8.473785e+001 0.000000e+000
3.928413e+001 -8.471235e+001 0.000000e+000
3.930573e+001 -8.468685e+001 0.000000e+000
3.932733e+001 -8.466134e+001 0.000000e+000
3.934894e+001 -8.463584e+001 0.000000e+000
3.937054e+001 -8.461034e+001 0.000000e+000
3.939214e+001 -8.458484e+001 0.000000e+000
3.941374e+001 -8.455934e+001 0.000000e+000
3.943534e+001 -8.453384e+001 0.000000e+000
3.945694e+001 -8.450833e+001 0.000000e+000
3.947855e+001 -8.448283e+001 0.000000e+000
3.950015e+001 -8.445733e+001 0.000000e+000
3.952175e+001 -8.443183e+001 0.000000e+000
3.954335e+001 -8.440633e+001 0.000000e+000
3.956495e+001 -8.438083e+001 0.000000e+000
3.958655e+001 -8.435532e+001 0.000000e+000
3.960816e+001 -8.432982e+001 0.000000e+000
3.962976e+001 -8.430432e+001 0.000000e+000
3.965136e+001 -8.427882e+001 0.000000e+000
3.967296e+001 -8.425332e+001 0.000000e+000
3.969456e+001 -8.422781e+001 0.000000e+000
3.971616e+001 -8.420231e+001 0.000000e+000
3.973777e+001 -8.417681e+001 0.000000e+000
3.975937e+001 -8.415131e+001 0.000000e+000
3.978097e+001 -8.412581e+001 0.000000e+000
3.980257e+001 -8.410031e+001 0.000000e+000
3.982417e+001 -8.407480e+001 0.000000e+000
3.984577e+001 -8.404930e+001 0.000000e+000
3.986738e+001 -8.402380e+001 0.000000e+000
3.988898e+001 -8.399830e+001 0.000000e+000
3.991058e+001 -8.397280e+001 0.000000e+000
3.993218e+001 -8.394730e+001 0.000000e+000
3.995378e+001 -8.392179e+001 0.000000e+000
3.997538e+001 -8.389629e+001 0.000000e+000
3.999699e+001 -8.387079e+001 0.000000e+000
4.001859e+001 -8.384529e+001 0.000000e+000
4.004019e+001 -8.381979e+001 0.000000e+000
4.006179e+001 -8.379429e+001 0.000000e+000
4.008339e+001 -8.376878e+001 0.000000e+000
4.010499e+001 -8.374328e+001 0.000000e+000
4.012660e+001 -8.371778e+001 0.000000e+000
4.014820e+001 -8.369228e+001 0.000000e+000
4.016980e+001 -8.366678e+001 0.000000e+000
4.019140e+001 -8.364127e+001 0.000000e+000
4.021300e+001 -8.361577e+001 0.000000e+000
4.023460e+001 -8.359027e+001 0.000000e+000
4.025621e+001 -8.356477e+001 0.000000e+000
4.027781e+001 -8.353927e+001 0.000000e+000
4.029767e+001 -8.351251e+001 0.000000e+000
4.031753e+001 -8.348576e+001 0.000000e+000
4.033738e+001 -8.345900e+001 0.000000e+000
4.035724e+001 -8.343225e+001 0.000000e+000
4.037710e+001 -8.340549e+001 0.000000e+000
4.039696e+001 -8.337873e+001 0.000000e+000
4.041682e+001 -8.335198e+001 0.000000e+000
4.043668e+001 -8.332522e+001 0.000000e+000
4.045654e+001 -8.329847e+001 0.000000e+000
4.047640e+001 -8.327171e+001 0.000000e+000
4.049626e+001 -8.324496e+001 0.000000e+000
4.051612e+001 -8.321820e+001 0.000000e+000
4.053597e+001 -8.319145e+001 0.000000e+000
4.055583e+001 -8.316469e+001 0.000000e+000
4.057569e+001 -8.313794e+001 0.000000e+000
4.059555e+001 -8.311118e+001 0.000000e+000
4.061541e+001 -8.308442e+001 0.000000e+000
4.063527e+001 -8.305767e+001 0.000000e+000
4.065513e+001 -8.303091e+001 0.000000e+000
4.067499e+001 -8.300416e+001 0.000000e+000
4.069485e+001 -8.297740e+001 0.000000e+000
4.071471e+001 -8.295065e+001 0.000000e+000
4.073456e+001 -8.292389e+001 0.000000e+000
4.075442e+001 -8.289714e+001 0.000000e+000
4.077428e+001 -8.287038e+001 0.000000e+000
4.079414e+001 -8.284362e+001 0.000000e+000
4.081400e+001 -8.281687e+001 0.000000e+000
4.083386e+001 -8.279011e+001 0.000000e+000
4.085372e+001 -8.276336e+001 0.000000e+000
4.087358e+001 -8.273660e+001 0.000000e+000
4.089344e+001 -8.270985e+001 0.000000e+000
4.091330e+001 -8.268309e+001 0.000000e+000
4.093315e+001 -8.265634e+001 0.000000e+000
4.095301e+001 -8.262958e+001 0.000000e+000
4.097287e+001 -8.260283e+001 0.000000e+000
4.099273e+001 -8.257607e+001 0.000000e+000
4.101259e+001 -8.254931e+001 0.000000e+000
4.103245e+001 -8.252256e+001 0.000000e+000
4.105231e+001 -8.249580e+001 0.000000e+000
4.107217e+001 -8.246905e+001 0.000000e+000
4.109203e+001 -8.244229e+001 0.000000e+000
4.111189e+001 -8.241554e+001 0.000000e+000
4.113174e+001 -8.238878e+001 0.000000e+000
4.115160e+001 -8.236203e+001 0.000000e+000
4.117146e+001 -8.233527e+001 0.000000e+000
4.119132e+001 -8.230852e+001 0.000000e+000
4.121118e+001 -8.228176e+001 0.000000e+000
4.123104e+001 -8.225500e+001 0.000000e+000
4.125090e+001 -8.222825e+001 0.000000e+000
4.127076e+001 -8.220149e+001 0.000000e+000
4.129062e+001 -8.217474e+001 0.000000e+000
4.131048e+001 -8.214798e+001 0.000000e+000
4.133033e+001 -8.212123e+001 0.000000e+000
4.135019e+001 -8.209447e+001 0.000000e+000
4.137005e+001 -8.206772e+001 0.000000e+000
4.138991e+001 -8.204096e+001 0.000000e+000
4.140977e+001 -8.201420e+001 0.000000e+000
4.142963e+001 -8.198745e+001 0.000000e+000
4.144949e+001 -8.196069e+001 0.000000e+000
4.146935e+001 -8.193394e+001 0.000000e+000
4.148921e+001 -8.190718e+001 0.000000e+000
4.150906e+001 -8.188043e+001 0.000000e+000
4.152892e+001 -8.185367e+001 0.000000e+000
4.154878e+001 -8.182692e+001 0.000000e+000
4.156864e+001 -8.180016e+001 0.000000e+000
4.158850e+001 -8.177341e+001 0.000000e+000
4.160836e+001 -8.174665e+001 0.000000e+000
4.162822e+001 -8.171989e+001 0.000000e+000
4.164808e+001 -8.169314e+001 0.000000e+000
4.166794e+001 -8.166638e+001 0.000000e+000
4.168780e+001 -8.163963e+001 0.000000e+000
4.170765e+001 -8.161287e+001 0.000000e+000
4.172751e+001 -8.158612e+001 0.000000e+000
4.174737e+001 -8.155936e+001 0.000000e+000
4.176723e+001 -8.153261e+001 0.000000e+000
4.178709e+001 -8.150585e+001 0.000000e+000
4.180695e+001 -8.147909e+001 0.000000e+000
4.182681e+001 -8.145234e+001 0.000000e+000
4.184667e+001 -8.142558e+001 0.000000e+000
4.186653e+001 -8.139883e+001 0.000000e+000
4.188639e+001 -8.137207e+001 0.000000e+000
4.190624e+001 -8.134532e+001 0.000000e+000
4.192610e+001 -8.131856e+001 0.000000e+000
4.194596e+001 -8.129181e+001 0.000000e+000
4.196582e+001 -8.126505e+001 0.000000e+000
4.198568e+001 -8.123830e+001 0.000000e+000
4.200554e+001 -8.121154e+001 0.000000e+000
4.202540e+001 -8.118478e+001 0.000000e+000
4.204526e+001 -8.115803e+001 0.000000e+000
4.206512e+001 -8.113127e+001 0.000000e+000
4.208498e+001 -8.110452e+001 0.000000e+000
4.210483e+001 -8.107776e+001 0.000000e+000
4.212469e+001 -8.105101e+001 0.000000e+000
4.214455e+001 -8.102425e+001 0.000000e+000
4.216441e+001 -8.099750e+001 0.000000e+000
4.218427e+001 -8.097074e+001 0.000000e+000
4.220413e+001 -8.094399e+001 0.000000e+000
4.222399e+001 -8.091723e+001 0.000000e+000
4.224385e+001 -8.089047e+001 0.000000e+000
4.226200e+001 -8.086241e+001 0.000000e+000
4.228016e+001 -8.083435e+001 0.000000e+000
4.229831e+001 -8.080629e+001 0.000000e+000
4.231646e+001 -8.077823e+001 0.000000e+000
4.233462e+001 -8.075017e+001 0.000000e+000
4.235277e+001 -8.072211e+001 0.000000e+000
4.237093e+001 -8.069405e+001 0.000000e+000
4.238908e+001 -8.066599e+001 0.000000e+000
4.240724e+001 -8.063793e+001 0.000000e+000
4.242539e+001 -8.060987e+001 0.000000e+000
4.244355e+001 -8.058181e+001 0.000000e+000
4.246170e+001 -8.055375e+001 0.000000e+000
4.247985e+001 -8.052569e+001 0.000000e+000
4.249801e+001 -8.049763e+001 0.000000e+000
4.251616e+001 -8.046957e+001 0.000000e+000
4.253432e+001 -8.044151e+001 0.000000e+000
4.255247e+001 -8.041345e+001 0.000000e+000
4.257063e+001 -8.038538e+001 0.000000e+000
4.258878e+001 -8.035732e+001 0.000000e+000
4.260693e+001 -8.032926e+001 0.000000e+000
4.262509e+001 -8.030120e+001 0.000000e+000
4.264324e+001 -8.027314e+001 0.000000e+000
4.266140e+001 -8.024508e+001 0.000000e+000
4.267955e+001 -8.021702e+001 0.000000e+000
4.269771e+001 -8.018896e+001 0.000000e+000
4.271586e+001 -8.016090e+001 0.000000e+000
4.273401e+001 -8.013284e+001 0.000000e+000
4.275217e+001 -8.010478e+001 0.000000e+000
4.277032e+001 -8.007672e+001 0.000000e+000
4.278848e+001 -8.004866e+001 0.000000e+000
4.280663e+001 -8.002060e+001 0.000000e+000
4.282479e+001 -7.999254e+001 0.000000e+000
4.284294e+001 -7.996448e+001 0.000000e+000
4.286109e+001 -7.993642e+001 0.000000e+000
4.287925e+001 -7.990836e+001 0.000000e+000
4.289740e+001 -7.988030e+001 0.000000e+000
4.291556e+001 -7.985224e+001 0.000000e+000
4.293371e+001 -7.982417e+001 0.000000e+000
4.295187e+001 -7.979611e+001 0.000000e+000
4.297002e+001 -7.976805e+001 0.000000e+000
4.298818e+001 -7.973999e+001 0.000000e+000
4.300633e+001 -7.971193e+001 0.000000e+000
4.302448e+001 -7.968387e+001 0.000000e+000
4.304264e+001 -7.965581e+001 0.000000e+000
4.306079e+001 -7.962775e+001 0.000000e+000
4.307895e+001 -7.959969e+001 0.000000e+000
4.309710e+001 -7.957163e+001 0.000000e+000
4.311526e+001 -7.954357e+001 0.000000e+000
4.313341e+001 -7.951551e+001 0.000000e+000
4.315156e+001 -7.948745e+001 0.000000e+000
4.316972e+001 -7.945939e+001 0.000000e+000
4.318787e+001 -7.943133e+001 0.000000e+000
4.320603e+001 -7.940327e+001 0.000000e+000
4.322418e+001 -7.937521e+001 0.000000e+000
4.324234e+001 -7.934715e+001 0.000000e+000
4.326049e+001 -7.931909e+001 0.000000e+000
4.327864e+001 -7.929103e+001 0.000000e+000
4.329680e+001 -7.926296e+001 0.000000e+000
4.331495e+001 -7.923490e+001 0.000000e+000
4.333311e+001 -7.920684e+001 0.000000e+000
4.335126e+001 -7.917878e+001 0.000000e+000
4.336942e+001 -7.915072e+001 0.000000e+000
4.338757e+001 -7.912266e+001 0.000000e+000
4.340573e+001 -7.909460e+001 0.000000e+000
4.342388e+001 -7.906654e+001 0.000000e+000
4.344203e+001 -7.903848e+001 0.000000e+000
4.346019e+001 -7.901042e+001 0.000000e+000
4.347834e+001 -7.898236e+001 0.000000e+000
4.349650e+001 -7.895430e+001 0.000000e+000
4.351465e+001 -7.892624e+001 0.000000e+000
4.353281e+001 -7.889818e+001 0.000000e+000
4.355096e+001 -7.887012e+001 0.000000e+000
4.356911e+001 -7.884206e+001 0.000000e+000
4.358727e+001 -7.881400e+001 0.000000e+000
4.360542e+001 -7.878594e+001 0.000000e+000
4.362358e+001 -7.875788e+001 0.000000e+000
4.364173e+001 -7.872981e+001 0.000000e+000
4.365989e+001 -7.870175e+001 0.000000e+000
4.367804e+001 -7.867369e+001 0.000000e+000
4.369619e+001 -7.864563e+001 0.000000e+000
4.371435e+001 -7.861757e+001 0.000000e+000
4.373250e+001 -7.858951e+001 0.000000e+000
4.375066e+001 -7.856145e+001 0.000000e+000
4.376881e+001 -7.853339e+001 0.000000e+000
4.378697e+001 -7.850533e+001 0.000000e+000
4.380512e+001 -7.847727e+001 0.000000e+000
4.382327e+001 -7.844921e+001 0.000000e+000
4.384143e+001 -7.842115e+001 0.000000e+000
4.385958e+001 -7.839309e+001 0.000000e+000
4.387774e+001 -7.836503e+001 0.000000e+000
4.389589e+001 -7.833697e+001 0.000000e+000
4.391405e+001 -7.830891e+001 0.000000e+000
4.393220e+001 -7.828085e+001 0.000000e+000
4.395036e+001 -7.825279e+001 0.000000e+000
4.396851e+001 -7.822473e+001 0.000000e+000
4.398666e+001 -7.819667e+001 0.000000e+000
4.400482e+001 -7.816860e+001 0.000000e+000
4.402297e+001 -7.814054e+001 0.000000e+000
4.404113e+001 -7.811248e+001 0.000000e+000
4.406132e+001 -7.807566e+001 0.000000e+000
4.408152e+001 -7.803883e+001 0.000000e+000
4.410171e+001 -7.800201e+001 0.000000e+000
4.412191e+001 -7.796518e+001 0.000000e+000
4.414210e+001 -7.792836e+001 0.000000e+000
4.416230e+001 -7.789153e+001 0.000000e+000
4.418249e+001 -7.785471e+001 0.000000e+000
4.420269e+001 -7.781788e+001 0.000000e+000
4.422288e+001 -7.778105e+001 0.000000e+000
4.424308e+001 -7.774423e+001 0.000000e+000
4.426327e+001 -7.770740e+001 0.000000e+000
4.428346e+001 -7.767058e+001 0.000000e+000
4.430366e+001 -7.763375e+001 0.000000e+000
4.432385e+001 -7.759693e+001 0.000000e+000
4.434405e+001 -7.756010e+001 0.000000e+000
4.436424e+001 -7.752328e+001 0.000000e+000
4.438444e+001 -7.748645e+001 0.000000e+000
4.440463e+001 -7.744962e+001 0.000000e+000
4.442483e+001 -7.741280e+001 0.000000e+000
4.444502e+001 -7.737597e+001 0.000000e+000
4.446522e+001 -7.733915e+001 0.000000e+000
4.448541e+001 -7.730232e+001 0.000000e+000
4.450561e+001 -7.726550e+001 0.000000e+000
4.452580e+001 -7.722867e+001 0.000000e+000
4.454600e+001 -7.719185e+001 0.000000e+000
4.456619e+001 -7.715502e+001 0.000000e+000
4.458639e+001 -7.711819e+001 0.000000e+000
4.460658e+001 -7.708137e+001 0.000000e+000
4.462678e+001 -7.704454e+001 0.000000e+000
4.464697e+001 -7.700772e+001 0.000000e+000
4.466717e+001 -7.697089e+001 0.000000e+000
4.468736e+001 -7.693407e+001 0.000000e+000
4.470756e+001 -7.689724e+001 0.000000e+000
4.472775e+001 -7.686042e+001 0.000000e+000
4.474795e+001 -7.682359e+001 0.000000e+000
4.476814e+001 -7.678677e+001 0.000000e+000
4.478834e+001 -7.674994e+001 0.000000e+000
4.480853e+001 -7.671311e+001 0.000000e+000
4.482872e+001 -7.667629e+001 0.000000e+000
4.484892e+001 -7.663946e+001 0.000000e+000
4.486911e+001 -7.660264e+001 0.000000e+000
4.488931e+001 -7.656581e+001 0.000000e+000
4.490950e+001 -7.652899e+001 0.000000e+000
4.492970e+001 -7.649216e+001 0.000000e+000
4.494989e+001 -7.645534e+001 0.000000e+000
4.497009e+001 -7.641851e+001 0.000000e+000
4.499028e+001 -7.638168e+001 0.000000e+000
4.501048e+001 -7.634486e+001 0.000000e+000
4.503067e+001 -7.630803e+001 0.000000e+000
4.505087e+001 -7.627121e+001 0.000000e+000
4.507106e+001 -7.623438e+001 0.000000e+000
4.509126e+001 -7.619756e+001 0.000000e+000
4.511145e+001 -7.616073e+001 0.000000e+000
4.513165e+001 -7.612391e+001 0.000000e+000
4.515184e+001 -7.608708e+001 0.000000e+000
4.517204e+001 -7.605025e+001 0.000000e+000
4.519223e+001 -7.601343e+001 0.000000e+000
4.521243e+001 -7.597660e+001 0.000000e+000
4.523262e+001 -7.593978e+001 0.000000e+000
4.525282e+001 -7.590295e+001 0.000000e+000
4.527301e+001 -7.586613e+001 0.000000e+000
4.529321e+001 -7.582930e+001 0.000000e+000
4.531340e+001 -7.579248e+001 0.000000e+000
4.533360e+001 -7.575565e+001 0.000000e+000
4.535379e+001 -7.571882e+001 0.000000e+000
4.537398e+001 -7.568200e+001 0.000000e+000
4.539418e+001 -7.564517e+001 0.000000e+000
4.541437e+001 -7.560835e+001 0.000000e+000
4.543457e+001 -7.557152e+001 0.000000e+000
4.545476e+001 -7.553470e+001 0.000000e+000
4.547496e+001 -7.549787e+001 0.000000e+000
4.549515e+001 -7.546105e+001 0.000000e+000
4.551535e+001 -7.542422e+001 0.000000e+000
4.553554e+001 -7.538740e+001 0.000000e+000
4.555574e+001 -7.535057e+001 0.000000e+000
4.557593e+001 -7.531374e+001 0.000000e+000
4.559613e+001 -7.527692e+001 0.000000e+000
4.561632e+001 -7.524009e+001 0.000000e+000
4.563652e+001 -7.520327e+001 0.000000e+000
4.565671e+001 -7.516644e+001 0.000000e+000
4.567691e+001 -7.512962e+001 0.000000e+000
4.569710e+001 -7.509279e+001 0.000000e+000
4.571730e+001 -7.505597e+001 0.000000e+000
4.573749e+001 -7.501914e+001 0.000000e+000
4.575769e+001 -7.498231e+001 0.000000e+000
4.577788e+001 -7.494549e+001 0.000000e+000
4.579808e+001 -7.490866e+001 0.000000e+000
4.581827e+001 -7.487184e+001 0.000000e+000
4.583847e+001 -7.483501e+001 0.000000e+000
4.585866e+001 -7.479819e+001 0.000000e+000
4.587885e+001 -7.476136e+001 0.000000e+000
4.589905e+001 -7.472454e+001 0.000000e+000
4.591924e+001 -7.468771e+001 0.000000e+000
4.593944e+001 -7.465088e+001 0.000000e+000
4.595963e+001 -7.461406e+001 0.000000e+000
4.597983e+001 -7.457723e+001 0.000000e+000
4.600002e+001 -7.454041e+001 0.000000e+000
4.602022e+001 -7.450358e+001 0.000000e+000
4.604041e+001 -7.446676e+001 0.000000e+000
4.605757e+001 -7.442842e+001 0.000000e+000
4.607472e+001 -7.439008e+001 0.000000e+000
4.609187e+001 -7.435175e+001 0.000000e+000
4.610902e+001 -7.431341e+001 0.000000e+000
4.612618e+001 -7.427507e+001 0.000000e+000
4.614333e+001 -7.423673e+001 0.000000e+000
4.616048e+001 -7.419840e+001 0.000000e+000
4.617764e+001 -7.416006e+001 0.000000e+000
4.619479e+001 -7.412172e+001 0.000000e+000
4.621194e+001 -7.408339e+001 0.000000e+000
4.622909e+001 -7.404505e+001 0.000000e+000
4.624625e+001 -7.400671e+001 0.000000e+000
4.626340e+001 -7.396838e+001 0.000000e+000
4.628055e+001 -7.393004e+001 0.000000e+000
4.629771e+001 -7.389170e+001 0.000000e+000
4.631486e+001 -7.385336e+001 0.000000e+000
4.633201e+001 -7.381503e+001 0.000000e+000
4.634916e+001 -7.377669e+001 0.000000e+000
4.636632e+001 -7.373835e+001 0.000000e+000
4.638347e+001 -7.370002e+001 0.000000e+000
4.640062e+001 -7.366168e+001 0.000000e+000
4.641778e+001 -7.362334e+001 0.000000e+000
4.643493e+001 -7.358500e+001 0.000000e+000
4.645208e+001 -7.354667e+001 0.000000e+000
4.646923e+001 -7.350833e+001 0.000000e+000
4.648639e+001 -7.346999e+001 0.000000e+000
4.650354e+001 -7.343166e+001 0.000000e+000
4.652069e+001 -7.339332e+001 0.000000e+000
4.653785e+001 -7.335498e+001 0.000000e+000
4.655500e+001 -7.331665e+001 0.000000e+000
4.657215e+001 -7.327831e+001 0.000000e+000
4.658930e+001 -7.323997e+001 0.000000e+000
4.660646e+001 -7.320163e+001 0.000000e+000
4.662361e+001 -7.316330e+001 0.000000e+000
4.664076e+001 -7.312496e+001 0.000000e+000
4.665791e+001 -7.308662e+001 0.000000e+000
4.667507e+001 -7.304829e+001 0.000000e+000
4.669222e+001 -7.300995e+001 0.000000e+000
4.670937e+001 -7.297161e+001 0.000000e+000
4.672653e+001 -7.293327e+001 0.000000e+000
4.674368e+001 -7.289494e+001 0.000000e+000
4.676083e+001 -7.285660e+001 0.000000e+000
4.677798e+001 -7.281826e+001 0.000000e+000
4.679514e+001 -7.277993e+001 0.000000e+000
4.681229e+001 -7.274159e+001 0.000000e+000
4.682944e+001 -7.270325e+001 0.000000e+000
4.684660e+001 -7.266492e+001 0.000000e+000
4.686375e+001 -7.262658e+001 0.000000e+000
4.688090e+001 -7.258824e+001 0.000000e+000
4.689805e+001 -7.254990e+001 0.000000e+000
4.691521e+001 -7.251157e+001 0.000000e+000
4.693236e+001 -7.247323e+001 0.000000e+000
4.694951e+001 -7.243489e+001 0.000000e+000
4.696667e+001 -7.239656e+001 0.000000e+000
4.698382e+001 -7.235822e+001 0.000000e+000
4.700097e+001 -7.231988e+001 0.000000e+000
4.701812e+001 -7.228154e+001 0.000000e+000
4.703528e+001 -7.224321e+001 0.000000e+000
4.705243e+001 -7.220487e+001 0.000000e+000
4.706958e+001 -7.216653e+001 0.000000e+000
4.708674e+001 -7.212820e+001 0.000000e+000
4.710389e+001 -7.208986e+001 0.000000e+000
4.712104e+001 -7.205152e+001 0.000000e+000
4.713819e+001 -7.201319e+001 0.000000e+000
4.715535e+001 -7.197485e+001 0.000000e+000
4.717250e+001 -7.193651e+001 0.000000e+000
4.718965e+001 -7.189817e+001 0.000000e+000
4.720681e+001 -7.185984e+001 0.000000e+000
4.722396e+001 -7.182150e+001 0.000000e+000
4.724111e+001 -7.178316e+001 0.000000e+000
4.725826e+001 -7.174483e+001 0.000000e+000
4.727542e+001 -7.170649e+001 0.000000e+000
4.729257e+001 -7.166815e+001 0.000000e+000
4.730972e+001 -7.162981e+001 0.000000e+000
4.732687e+001 -7.159148e+001 0.000000e+000
4.734403e+001 -7.155314e+001 0.000000e+000
4.736118e+001 -7.151480e+001 0.000000e+000
4.737833e+001 -7.147647e+001 0.000000e+000
4.739549e+001 -7.143813e+001 0.000000e+000
4.741264e+001 -7.139979e+001 0.000000e+000
4.742979e+001 -7.136146e+001 0.000000e+000
4.744694e+001 -7.132312e+001 0.000000e+000
4.746410e+001 -7.128478e+001 0.000000e+000
4.748125e+001 -7.124644e+001 0.000000e+000
4.749840e+001 -7.120811e+001 0.000000e+000
4.751556e+001 -7.116977e+001 0.000000e+000
4.753271e+001 -7.113143e+001 0.000000e+000
4.754986e+001 -7.109310e+001 0.000000e+000
4.756701e+001 -7.105476e+001 0.000000e+000
4.758417e+001 -7.101642e+001 0.000000e+000
4.760132e+001 -7.097808e+001 0.000000e+000
4.761847e+001 -7.093975e+001 0.000000e+000
4.763563e+001 -7.090141e+001 0.000000e+000
4.765278e+001 -7.086307e+001 0.000000e+000
4.766993e+001 -7.082474e+001 0.000000e+000
4.768708e+001 -7.078640e+001 0.000000e+000
4.770424e+001 -7.074806e+001 0.000000e+000
4.772139e+001 -7.070973e+001 0.000000e+000
4.773854e+001 -7.067139e+001 0.000000e+000
4.775254e+001 -7.063179e+001 0.000000e+000
4.776654e+001 -7.059219e+001 0.000000e+000
4.778054e+001 -7.055259e+001 0.000000e+000
4.779454e+001 -7.051300e+001 0.000000e+000
4.780854e+001 -7.047340e+001 0.000000e+000
4.782253e+001 -7.043380e+001 0.000000e+000
4.783653e+001 -7.039420e+001 0.000000e+000
4.785053e+001 -7.035461e+001 0.000000e+000
4.786453e+001 -7.031501e+001 0.000000e+000
4.787853e+001 -7.027541e+001 0.000000e+000
4.789253e+001 -7.023581e+001 0.000000e+000
4.790653e+001 -7.019621e+001 0.000000e+000
4.792052e+001 -7.015662e+001 0.000000e+000
4.793452e+001 -7.011702e+001 0.000000e+000
4.794852e+001 -7.007742e+001 0.000000e+000
4.796252e+001 -7.003782e+001 0.000000e+000
4.797652e+001 -6.999823e+001 0.000000e+000
4.799052e+001 -6.995863e+001 0.000000e+000
4.800452e+001 -6.991903e+001 0.000000e+000
4.801851e+001 -6.987943e+001 0.000000e+000
4.803251e+001 -6.983983e+001 0.000000e+000
4.804651e+001 -6.980024e+001 0.000000e+000
4.806051e+001 -6.976064e+001 0.000000e+000
4.807451e+001 -6.972104e+001 0.000000e+000
4.808851e+001 -6.968144e+001 0.000000e+000
4.810251e+001 -6.964184e+001 0.000000e+000
4.811651e+001 -6.960225e+001 0.000000e+000
4.813050e+001 -6.956265e+001 0.000000e+000
4.814450e+001 -6.952305e+001 0.000000e+000
4.815850e+001 -6.948345e+001 0.000000e+000
4.817250e+001 -6.944386e+001 0.000000e+000
4.818650e+001 -6.940426e+001 0.000000e+000
4.820050e+001 -6.936466e+001 0.000000e+000
4.821450e+001 -6.932506e+001 0.000000e+000
4.822849e+001 -6.928546e+001 0.000000e+000
4.824249e+001 -6.924587e+001 0.000000e+000
4.825649e+001 -6.920627e+001 0.000000e+000
4.827049e+001 -6.916667e+001 0.000000e+000
4.828449e+001 -6.912707e+001 0.000000e+000
4.829849e+001 -6.908748e+001 0.000000e+000
4.831249e+001 -6.904788e+001 0.000000e+000
4.832648e+001 -6.900828e+001 0.000000e+000
4.834048e+001 -6.896868e+001 0.000000e+000
4.835448e+001 -6.892908e+001 0.000000e+000
4.836848e+001 -6.888949e+001 0.000000e+000
4.838248e+001 -6.884989e+001 0.000000e+000
4.839648e+001 -6.881029e+001 0.000000e+000
4.841048e+001 -6.877069e+001 0.000000e+000
4.842447e+001 -6.873109e+001 0.000000e+000
4.843847e+001 -6.869150e+001 0.000000e+000
4.845247e+001 -6.865190e+001 0.000000e+000
4.846647e+001 -6.861230e+001 0.000000e+000
4.848047e+001 -6.857270e+001 0.000000e+000
4.849447e+001 -6.853311e+001 0.000000e+000
4.850847e+001 -6.849351e+001 0.000000e+000
4.852246e+001 -6.845391e+001 0.000000e+000
4.853646e+001 -6.841431e+001 0.000000e+000
4.855046e+001 -6.837471e+001 0.000000e+000
4.856446e+001 -6.833512e+001 0.000000e+000
4.857846e+001 -6.829552e+001 0.000000e+000
4.859246e+001 -6.825592e+001 0.000000e+000
4.860646e+001 -6.821632e+001 0.000000e+000
4.862046e+001 -6.817673e+001 0.000000e+000
4.863445e+001 -6.813713e+001 0.000000e+000
4.864845e+001 -6.809753e+001 0.000000e+000
4.866245e+001 -6.805793e+001 0.000000e+000
4.867645e+001 -6.801833e+001 0.000000e+000
4.869045e+001 -6.797874e+001 0.000000e+000
4.870445e+001 -6.793914e+001 0.000000e+000
4.871845e+001 -6.789954e+001 0.000000e+000
4.873244e+001 -6.785994e+001 0.000000e+000
4.874644e+001 -6.782034e+001 0.000000e+000
4.876044e+001 -6.778075e+001 0.000000e+000
4.877444e+001 -6.774115e+001 0.000000e+000
4.878844e+001 -6.770155e+001 0.000000e+000
4.880244e+001 -6.766195e+001 0.000000e+000
4.881644e+001 -6.762236e+001 0.000000e+000
4.883043e+001 -6.758276e+001 0.000000e+000
4.884443e+001 -6.754316e+001 0.000000e+000
4.885843e+001 -6.750356e+001 0.000000e+000
4.887243e+001 -6.746396e+001 0.000000e+000
4.888643e+001 -6.742437e+001 0.000000e+000
4.890043e+001 -6.738477e+001 0.000000e+000
4.891443e+001 -6.734517e+001 0.000000e+000
4.892842e+001 -6.730557e+001 0.000000e+000
4.894242e+001 -6.726597e+001 0.000000e+000
4.895642e+001 -6.722638e+001 0.000000e+000
4.897042e+001 -6.718678e+001 0.000000e+000
4.898442e+001 -6.714718e+001 0.000000e+000
4.899842e+001 -6.710758e+001 0.000000e+000
4.901242e+001 -6.706799e+001 0.000000e+000
4.902642e+001 -6.702839e+001 0.000000e+000
4.904041e+001 -6.698879e+001 0.000000e+000
4.905441e+001 -6.694919e+001 0.000000e+000
4.906841e+001 -6.690959e+001 0.000000e+000
4.908241e+001 -6.687000e+001 0.000000e+000
4.909641e+001 -6.683040e+001 0.000000e+000
4.911041e+001 -6.679080e+001 0.000000e+000
4.912441e+001 -6.675120e+001 0.000000e+000
4.913516e+001 -6.671060e+001 0.000000e+000
4.914591e+001 -6.667000e+001 0.000000e+000
4.915666e+001 -6.662940e+001 0.000000e+000
4.916742e+001 -6.658880e+001 0.000000e+000
4.917817e+001 -6.654821e+001 0.000000e+000
4.918892e+001 -6.650761e+001 0.000000e+000
4.919968e+001 -6.646701e+001 0.000000e+000
4.921043e+001 -6.642641e+001 0.000000e+000
4.922118e+001 -6.638581e+001 0.000000e+000
4.923193e+001 -6.634521e+001 0.000000e+000
4.924269e+001 -6.630461e+001 0.000000e+000
4.925344e+001 -6.626401e+001 0.000000e+000
4.926419e+001 -6.622341e+001 0.000000e+000
4.927495e+001 -6.618281e+001 0.000000e+000
4.928570e+001 -6.614221e+001 0.000000e+000
4.929645e+001 -6.610161e+001 0.000000e+000
4.930720e+001 -6.606101e+001 0.000000e+000
4.931796e+001 -6.602041e+001 0.000000e+000
4.932871e+001 -6.597981e+001 0.000000e+000
4.933946e+001 -6.593921e+001 0.000000e+000
4.935022e+001 -6.589861e+001 0.000000e+000
4.936097e+001 -6.585801e+001 0.000000e+000
4.937172e+001 -6.581741e+001 0.000000e+000
4.938247e+001 -6.577681e+001 0.000000e+000
4.939323e+001 -6.573621e+001 0.000000e+000
4.940398e+001 -6.569561e+001 0.000000e+000
4.941473e+001 -6.565501e+001 0.000000e+000
4.942549e+001 -6.561442e+001 0.000000e+000
4.943624e+001 -6.557382e+001 0.000000e+000
4.944699e+001 -6.553322e+001 0.000000e+000
4.945774e+001 -6.549262e+001 0.000000e+000
4.946850e+001 -6.545202e+001 0.000000e+000
4.947925e+001 -6.541142e+001 0.000000e+000
4.949000e+001 -6.537082e+001 0.000000e+000
4.950076e+001 -6.533022e+001 0.000000e+000
4.951151e+001 -6.528962e+001 0.000000e+000
4.952226e+001 -6.524902e+001 0.000000e+000
4.953301e+001 -6.520842e+001 0.000000e+000
4.954377e+001 -6.516782e+001 0.000000e+000
4.955452e+001 -6.512722e+001 0.000000e+000
4.956527e+001 -6.508662e+001 0.000000e+000
4.957603e+001 -6.504602e+001 0.000000e+000
4.958678e+001 -6.500542e+001 0.000000e+000
4.959753e+001 -6.496482e+001 0.000000e+000
4.960828e+001 -6.492422e+001 0.000000e+000
4.961904e+001 -6.488362e+001 0.000000e+000
4.962979e+001 -6.484302e+001 0.000000e+000
4.964054e+001 -6.480242e+001 0.000000e+000
4.965130e+001 -6.476182e+001 0.000000e+000
4.966205e+001 -6.472122e+001 0.000000e+000
4.967280e+001 -6.468062e+001 0.000000e+000
4.968355e+001 -6.464003e+001 0.000000e+000
4.969431e+001 -6.459943e+001 0.000000e+000
4.970506e+001 -6.455883e+001 0.000000e+000
4.971581e+001 -6.451823e+001 0.000000e+000
4.972657e+001 -6.447763e+001 0.000000e+000
4.973732e+001 -6.443703e+001 0.000000e+000
4.974807e+001 -6.439643e+001 0.000000e+000
4.975882e+001 -6.435583e+001 0.000000e+000
4.976958e+001 -6.431523e+001 0.000000e+000
4.978033e+001 -6.427463e+001 0.000000e+000
4.979108e+001 -6.423403e+001 0.000000e+000
4.980184e+001 -6.419343e+001 0.000000e+000
4.981259e+001 -6.415283e+001 0.000000e+000
4.982334e+001 -6.411223e+001 0.000000e+000
4.983409e+001 -6.407163e+001 0.000000e+000
4.984485e+001 -6.403103e+001 0.000000e+000
4.985560e+001 -6.399043e+001 0.000000e+000
4.986635e+001 -6.394983e+001 0.000000e+000
4.987710e+001 -6.390923e+001 0.000000e+000
4.988786e+001 -6.386863e+001 0.000000e+000
4.989861e+001 -6.382803e+001 0.000000e+000
4.990936e+001 -6.378743e+001 0.000000e+000
4.992012e+001 -6.374683e+001 0.000000e+000
4.993087e+001 -6.370623e+001 0.000000e+000
4.994162e+001 -6.366564e+001 0.000000e+000
4.995237e+001 -6.362504e+001 0.000000e+000
4.996313e+001 -6.358444e+001 0.000000e+000
4.997388e+001 -6.354384e+001 0.000000e+000
4.998463e+001 -6.350324e+001 0.000000e+000
4.999539e+001 -6.346264e+001 0.000000e+000
5.000614e+001 -6.342204e+001 0.000000e+000
5.001689e+001 -6.338144e+001 0.000000e+000
5.002764e+001 -6.334084e+001 0.000000e+000
5.003840e+001 -6.330024e+001 0.000000e+000
5.004915e+001 -6.325964e+001 0.000000e+000
5.005990e+001 -6.321904e+001 0.000000e+000
5.007066e+001 -6.317844e+001 0.000000e+000
5.008141e+001 -6.313784e+001 0.000000e+000
5.009216e+001 -6.309724e+001 0.000000e+000
5.010291e+001 -6.305664e+001 0.000000e+000
5.011367e+001 -6.301604e+001 0.000000e+000
5.012442e+001 -6.297544e+001 0.000000e+000
5.013517e+001 -6.293484e+001 0.000000e+000
5.014593e+001 -6.289424e+001 0.000000e+000
5.015668e+001 -6.285364e+001 0.000000e+000
5.016743e+001 -6.281304e+001 0.000000e+000
5.017818e+001 -6.277244e+001 0.000000e+000
5.018894e+001 -6.273185e+001 0.000000e+000
5.029814e+001 -6.211543e+001 0.000000e+000
5.040734e+001 -6.149902e+001 0.000000e+000
5.051655e+001 -6.088261e+001 0.000000e+000
5.062575e+001 -6.026619e+001 0.000000e+000
5.073495e+001 -5.964978e+001 0.000000e+000
5.084415e+001 -5.903337e+001 0.000000e+000
5.095336e+001 -5.841696e+001 0.000000e+000
5.106256e+001 -5.780054e+001 0.000000e+000
5.117176e+001 -5.718413e+001 0.000000e+000
5.128096e+001 -5.656772e+001 0.000000e+000
5.139017e+001 -5.595131e+001 0.000000e+000
5.149937e+001 -5.533489e+001 0.000000e+000
5.160857e+001 -5.471848e+001 0.000000e+000
5.171777e+001 -5.410207e+001 0.000000e+000
5.182698e+001 -5.348566e+001 0.000000e+000
5.193618e+001 -5.286924e+001 0.000000e+000
5.204538e+001 -5.225283e+001 0.000000e+000
5.215459e+001 -5.163642e+001 0.000000e+000
5.226379e+001 -5.102001e+001 0.000000e+000
5.237299e+001 -5.040359e+001 0.000000e+000
5.248219e+001 -4.978718e+001 0.000000e+000
5.259140e+001 -4.917077e+001 0.000000e+000
5.270060e+001 -4.855436e+001 0.000000e+000
5.280980e+001 -4.793794e+001 0.000000e+000
5.291900e+001 -4.732153e+001 0.000000e+000
5.302821e+001 -4.670512e+001 0.000000e+000
5.313741e+001 -4.608871e+001 0.000000e+000
5.324661e+001 -4.547229e+001 0.000000e+000
5.335581e+001 -4.485588e+001 0.000000e+000
5.346502e+001 -4.423947e+001 0.000000e+000
5.357422e+001 -4.362306e+001 0.000000e+000
5.368342e+001 -4.300664e+001 0.000000e+000
5.379263e+001 -4.239023e+001 0.000000e+000
5.390183e+001 -4.177382e+001 0.000000e+000
5.401103e+001 -4.115740e+001 0.000000e+000
5.412023e+001 -4.054099e+001 0.000000e+000
5.422944e+001 -3.992458e+001 0.000000e+000
5.433864e+001 -3.930817e+001 0.000000e+000
5.444784e+001 -3.869175e+001 0.000000e+000
5.455704e+001 -3.807534e+001 0.000000e+000
5.466625e+001 -3.745893e+001 0.000000e+000
5.477545e+001 -3.684252e+001 0.000000e+000
5.488465e+001 -3.622610e+001 0.000000e+000
5.499385e+001 -3.560969e+001 0.000000e+000
5.510306e+001 -3.499328e+001 0.000000e+000
5.521226e+001 -3.437687e+001 0.000000e+000
5.532146e+001 -3.376045e+001 0.000000e+000
5.543066e+001 -3.314404e+001 0.000000e+000
5.553987e+001 -3.252763e+001 0.000000e+000
5.564907e+001 -3.191122e+001 0.000000e+000
5.575827e+001 -3.129480e+001 0.000000e+000
5.586748e+001 -3.067839e+001 0.000000e+000
5.597668e+001 -3.006198e+001 0.000000e+000
5.608588e+001 -2.944557e+001 0.000000e+000
5.619508e+001 -2.882915e+001 0.000000e+000
5.630429e+001 -2.821274e+001 0.000000e+000
5.641349e+001 -2.759633e+001 0.000000e+000
5.652269e+001 -2.697992e+001 0.000000e+000
5.663189e+001 -2.636350e+001 0.000000e+000
5.674110e+001 -2.574709e+001 0.000000e+000
5.685030e+001 -2.513068e+001 0.000000e+000
5.695950e+001 -2.451427e+001 0.000000e+000
5.706870e+001 -2.389785e+001 0.000000e+000
5.717791e+001 -2.328144e+001 0.000000e+000
5.728711e+001 -2.266503e+001 0.000000e+000
5.739631e+001 -2.204862e+001 0.000000e+000
5.750552e+001 -2.143220e+001 0.000000e+000
5.761472e+001 -2.081579e+001 0.000000e+000
5.772392e+001 -2.019938e+001 0.000000e+000
5.783312e+001 -1.958296e+001 0.000000e+000
5.794233e+001 -1.896655e+001 0.000000e+000
5.805153e+001 -1.835014e+001 0.000000e+000
5.816073e+001 -1.773373e+001 0.000000e+000
5.826993e+001 -1.711731e+001 0.000000e+000
5.837914e+001 -1.650090e+001 0.000000e+000
5.848834e+001 -1.588449e+001 0.000000e+000
5.859754e+001 -1.526808e+001 0.000000e+000
5.870674e+001 -1.465166e+001 0.000000e+000
5.881595e+001 -1.403525e+001 0.000000e+000
5.892515e+001 -1.341884e+001 0.000000e+000
5.903435e+001 -1.280243e+001 0.000000e+000
5.914355e+001 -1.218601e+001 0.000000e+000
5.925276e+001 -1.156960e+001 0.000000e+000
5.936196e+001 -1.095319e+001 0.000000e+000
5.947116e+001 -1.033678e+001 0.000000e+000
5.958037e+001 -9.720364e+000 0.000000e+000
5.968957e+001 -9.103951e+000 0.000000e+000
5.979877e+001 -8.487538e+000 0.000000e+000
5.990797e+001 -7.871126e+000 0.000000e+000
6.001718e+001 -7.254713e+000 0.000000e+000
6.012638e+001 -6.638301e+000 0.000000e+000
6.023558e+001 -6.021888e+000 0.000000e+000
6.034478e+001 -5.405475e+000 0.000000e+000
6.045399e+001 -4.789063e+000 0.000000e+000
6.056319e+001 -4.172650e+000 0.000000e+000
6.067239e+001 -3.556238e+000 0.000000e+000
6.078159e+001 -2.939825e+000 0.000000e+000
6.089080e+001 -2.323413e+000 0.000000e+000
6.100000e+001 -1.707000e+000 0.000000e+000
