0.000000e+000 -1.380000e+002 0.000000e+000
4.208509e-002 -1.379986e+002 0.000000e+000
8.417017e-002 -1.379972e+002 0.000000e+000
1.262553e-001 -1.379958e+002 0.000000e+000
1.683403e-001 -1.379944e+002 0.000000e+000
2.104254e-001 -1.379930e+002 0.000000e+000
2.525105e-001 -1.379917e+002 0.000000e+000
2.945956e-001 -1.379903e+002 0.000000e+000
3.366807e-001 -1.379889e+002 0.000000e+000
3.787658e-001 -1.379875e+002 0.000000e+000
4.208509e-001 -1.379861e+002 0.000000e+000
4.629360e-001 -1.379847e+002 0.000000e+000
5.050210e-001 -1.379833e+002 0.000000e+000
5.471061e-001 -1.379819e+002 0.000000e+000
5.891912e-001 -1.379805e+002 0.000000e+000
6.312763e-001 -1.379791e+002 0.000000e+000
6.733614e-001 -1.379777e+002 0.000000e+000
7.154465e-001 -1.379764e+002 0.000000e+000
7.575316e-001 -1.379750e+002 0.000000e+000
7.996166e-001 -1.379736e+002 0.000000e+000
8.417017e-001 -1.379722e+002 0.000000e+000
8.837868e-001 -1.379708e+002 0.000000e+000
9.258719e-001 -1.379694e+002 0.000000e+000
9.679570e-001 -1.379680e+002 0.000000e+000
1.010042e+000 -1.379666e+002 0.000000e+000
1.052127e+000 -1.379652e+002 0.000000e+000
1.094212e+000 -1.379638e+002 0.000000e+000
1.136297e+000 -1.379624e+002 0.000000e+000
1.178382e+000 -1.379611e+002 0.000000e+000
1.220468e+000 -1.379597e+002 0.000000e+000
1.262553e+000 -1.379583e+002 0.000000e+000
1.304638e+000 -1.379569e+002 0.000000e+000
1.346723e+000 -1.379555e+002 0.000000e+000
1.388808e+000 -1.379541e+002 0.000000e+000
1.430893e+000 -1.379527e+002 0.000000e+000
1.472978e+000 -1.379513e+002 0.000000e+000
1.515063e+000 -1.379499e+002 0.000000e+000
1.557148e+000 -1.379485e+002 0.000000e+000
1.599233e+000 -1.379471e+002 0.000000e+000
1.641318e+000 -1.379458e+002 0.000000e+000
1.683403e+000 -1.379444e+002 0.000000e+000
1.725489e+000 -1.379430e+002 0.000000e+000
1.767574e+000 -1.379416e+002 0.000000e+000
1.809659e+000 -1.379402e+002 0.000000e+000
1.851744e+000 -1.379388e+002 0.000000e+000
1.893829e+000 -1.379374e+002 0.000000e+000
1.935914e+000 -1.379360e+002 0.000000e+000
1.977999e+000 -1.379346e+002 0.000000e+000
2.020084e+000 -1.379332e+002 0.000000e+000
2.062169e+000 -1.379319e+002 0.000000e+000
2.104254e+000 -1.379305e+002 0.000000e+000
2.146339e+000 -1.379291e+002 0.000000e+000
2.188425e+000 -1.379277e+002 0.000000e+000
2.230510e+000 -1.379263e+002 0.000000e+000
2.272595e+000 -1.379249e+002 0.000000e+000
2.314680e+000 -1.379235e+002 0.000000e+000
2.356765e+000 -1.379221e+002 0.000000e+000
2.398850e+000 -1.379207e+002 0.000000e+000
2.440935e+000 -1.379193e+002 0.000000e+000
2.483020e+000 -1.379179e+002 0.000000e+000
2.525105e+000 -1.379166e+002 0.000000e+000
2.567190e+000 -1.379152e+002 0.000000e+000
2.609275e+000 -1.379138e+002 0.000000e+000
2.651360e+000 -1.379124e+002 0.000000e+000
2.693446e+000 -1.379110e+002 0.000000e+000
2.735531e+000 -1.379096e+002 0.000000e+000
2.777616e+000 -1.379082e+002 0.000000e+000
2.819701e+000 -1.379068e+002 0.000000e+000
2.861786e+000 -1.379054e+002 0.000000e+000
2.903871e+000 -1.379040e+002 0.000000e+000
2.945956e+000 -1.379026e+002 0.000000e+000
2.988041e+000 -1.379013e+002 0.000000e+000
3.030126e+000 -1.378999e+002 0.000000e+000
3.072211e+000 -1.378985e+002 0.000000e+000
3.114296e+000 -1.378971e+002 0.000000e+000
3.156381e+000 -1.378957e+002 0.000000e+000
3.198467e+000 -1.378943e+002 0.000000e+000
3.240552e+000 -1.378929e+002 0.000000e+000
3.282637e+000 -1.378915e+002 0.000000e+000
3.324722e+000 -1.378901e+002 0.000000e+000
3.366807e+000 -1.378887e+002 0.000000e+000
3.408892e+000 -1.378873e+002 0.000000e+000
3.450977e+000 -1.378860e+002 0.000000e+000
3.493062e+000 -1.378846e+002 0.000000e+000
3.535147e+000 -1.378832e+002 0.000000e+000
3.577232e+000 -1.378818e+002 0.000000e+000
3.619317e+000 -1.378804e+002 0.000000e+000
3.661403e+000 -1.378790e+002 0.000000e+000
3.703488e+000 -1.378776e+002 0.000000e+000
3.745573e+000 -1.378762e+002 0.000000e+000
3.787658e+000 -1.378748e+002 0.000000e+000
3.829743e+000 -1.378734e+002 0.000000e+000
3.871828e+000 -1.378720e+002 0.000000e+000
3.913913e+000 -1.378707e+002 0.000000e+000
3.955998e+000 -1.378693e+002 0.000000e+000
3.998083e+000 -1.378679e+002 0.000000e+000
4.040168e+000 -1.378665e+002 0.000000e+000
4.082253e+000 -1.378651e+002 0.000000e+000
4.124338e+000 -1.378637e+002 0.000000e+000
4.166424e+000 -1.378623e+002 0.000000e+000
4.208325e+000 -1.378581e+002 0.000000e+000
4.250227e+000 -1.378540e+002 0.000000e+000
4.292128e+000 -1.378498e+002 0.000000e+000
4.334030e+000 -1.378456e+002 0.000000e+000
4.375931e+000 -1.378415e+002 0.000000e+000
4.417833e+000 -1.378373e+002 0.000000e+000
4.459734e+000 -1.378332e+002 0.000000e+000
4.501636e+000 -1.378290e+002 0.000000e+000
4.543537e+000 -1.378248e+002 0.000000e+000
4.585439e+000 -1.378207e+002 0.000000e+000
4.627340e+000 -1.378165e+002 0.000000e+000
4.669242e+000 -1.378123e+002 0.000000e+000
4.711143e+000 -1.378082e+002 0.000000e+000
4.753045e+000 -1.378040e+002 0.000000e+000
4.794946e+000 -1.377998e+002 0.000000e+000
4.836848e+000 -1.377957e+002 0.000000e+000
4.878749e+000 -1.377915e+002 0.000000e+000
4.920651e+000 -1.377873e+002 0.000000e+000
4.962553e+000 -1.377832e+002 0.000000e+000
5.004454e+000 -1.377790e+002 0.000000e+000
5.046356e+000 -1.377748e+002 0.000000e+000
5.088257e+000 -1.377707e+002 0.000000e+000
5.130159e+000 -1.377665e+002 0.000000e+000
5.172060e+000 -1.377623e+002 0.000000e+000
5.213962e+000 -1.377582e+002 0.000000e+000
5.255863e+000 -1.377540e+002 0.000000e+000
5.297765e+000 -1.377498e+002 0.000000e+000
5.339666e+000 -1.377457e+002 0.000000e+000
5.381568e+000 -1.377415e+002 0.000000e+000
5.423469e+000 -1.377373e+002 0.000000e+000
5.465371e+000 -1.377332e+002 0.000000e+000
5.507272e+000 -1.377290e+002 0.000000e+000
5.549174e+000 -1.377248e+002 0.000000e+000
5.591075e+000 -1.377207e+002 0.000000e+000
5.632977e+000 -1.377165e+002 0.000000e+000
5.674878e+000 -1.377124e+002 0.000000e+000
5.716780e+000 -1.377082e+002 0.000000e+000
5.758681e+000 -1.377040e+002 0.000000e+000
5.800583e+000 -1.376999e+002 0.000000e+000
5.842485e+000 -1.376957e+002 0.000000e+000
5.884386e+000 -1.376915e+002 0.000000e+000
5.926288e+000 -1.376874e+002 0.000000e+000
5.968189e+000 -1.376832e+002 0.000000e+000
6.010091e+000 -1.376790e+002 0.000000e+000
6.051992e+000 -1.376749e+002 0.000000e+000
6.093894e+000 -1.376707e+002 0.000000e+000
6.135795e+000 -1.376665e+002 0.000000e+000
6.177697e+000 -1.376624e+002 0.000000e+000
6.219598e+000 -1.376582e+002 0.000000e+000
6.261500e+000 -1.376540e+002 0.000000e+000
6.303401e+000 -1.376499e+002 0.000000e+000
6.345303e+000 -1.376457e+002 0.000000e+000
6.387204e+000 -1.376415e+002 0.000000e+000
6.429106e+000 -1.376374e+002 0.000000e+000
6.471007e+000 -1.376332e+002 0.000000e+000
6.512909e+000 -1.376290e+002 0.000000e+000
6.554810e+000 -1.376249e+002 0.000000e+000
6.596712e+000 -1.376207e+002 0.000000e+000
6.638614e+000 -1.376165e+002 0.000000e+000
6.680515e+000 -1.376124e+002 0.000000e+000
6.722417e+000 -1.376082e+002 0.000000e+000
6.764318e+000 -1.376041e+002 0.000000e+000
6.806220e+000 -1.375999e+002 0.000000e+000
6.848121e+000 -1.375957e+002 0.000000e+000
6.890023e+000 -1.375916e+002 0.000000e+000
6.931924e+000 -1.375874e+002 0.000000e+000
6.973826e+000 -1.375832e+002 0.000000e+000
7.015727e+000 -1.375791e+002 0.000000e+000
7.057629e+000 -1.375749e+002 0.000000e+000
7.099530e+000 -1.375707e+002 0.000000e+000
7.141432e+000 -1.375666e+002 0.000000e+000
7.183333e+000 -1.375624e+002 0.000000e+000
7.225235e+000 -1.375582e+002 0.000000e+000
7.267136e+000 -1.375541e+002 0.000000e+000
7.309038e+000 -1.375499e+002 0.000000e+000
7.350939e+000 -1.375457e+002 0.000000e+000
7.392841e+000 -1.375416e+002 0.000000e+000
7.434742e+000 -1.375374e+002 0.000000e+000
7.476644e+000 -1.375332e+002 0.000000e+000
7.518546e+000 -1.375291e+002 0.000000e+000
7.560447e+000 -1.375249e+002 0.000000e+000
7.602349e+000 -1.375207e+002 0.000000e+000
7.644250e+000 -1.375166e+002 0.000000e+000
7.686152e+000 -1.375124e+002 0.000000e+000
7.728053e+000 -1.375082e+002 0.000000e+000
7.769955e+000 -1.375041e+002 0.000000e+000
7.811856e+000 -1.374999e+002 0.000000e+000
7.853758e+000 -1.374957e+002 0.000000e+000
7.895659e+000 -1.374916e+002 0.000000e+000
7.937561e+000 -1.374874e+002 0.000000e+000
7.979462e+000 -1.374833e+002 0.000000e+000
8.021364e+000 -1.374791e+002 0.000000e+000
8.063265e+000 -1.374749e+002 0.000000e+000
8.105167e+000 -1.374708e+002 0.000000e+000
8.147068e+000 -1.374666e+002 0.000000e+000
8.188970e+000 -1.374624e+002 0.000000e+000
8.230871e+000 -1.374583e+002 0.000000e+000
8.272773e+000 -1.374541e+002 0.000000e+000
8.314674e+000 -1.374499e+002 0.000000e+000
8.356210e+000 -1.374430e+002 0.000000e+000
8.397745e+000 -1.374361e+002 0.000000e+000
8.439280e+000 -1.374292e+002 0.000000e+000
8.480815e+000 -1.374222e+002 0.000000e+000
8.522351e+000 -1.374153e+002 0.000000e+000
8.563886e+000 -1.374084e+002 0.000000e+000
8.605421e+000 -1.374015e+002 0.000000e+000
8.646956e+000 -1.373946e+002 0.000000e+000
8.688492e+000 -1.373876e+002 0.000000e+000
8.730027e+000 -1.373807e+002 0.000000e+000
8.771562e+000 -1.373738e+002 0.000000e+000
8.813097e+000 -1.373669e+002 0.000000e+000
8.854632e+000 -1.373599e+002 0.000000e+000
8.896168e+000 -1.373530e+002 0.000000e+000
8.937703e+000 -1.373461e+002 0.000000e+000
8.979238e+000 -1.373392e+002 0.000000e+000
9.020773e+000 -1.373323e+002 0.000000e+000
9.062309e+000 -1.373253e+002 0.000000e+000
9.103844e+000 -1.373184e+002 0.000000e+000
9.145379e+000 -1.373115e+002 0.000000e+000
9.186914e+000 -1.373046e+002 0.000000e+000
9.228450e+000 -1.372976e+002 0.000000e+000
9.269985e+000 -1.372907e+002 0.000000e+000
9.311520e+000 -1.372838e+002 0.000000e+000
9.353055e+000 -1.372769e+002 0.000000e+000
9.394590e+000 -1.372700e+002 0.000000e+000
9.436126e+000 -1.372630e+002 0.000000e+000
9.477661e+000 -1.372561e+002 0.000000e+000
9.519196e+000 -1.372492e+002 0.000000e+000
9.560731e+000 -1.372423e+002 0.000000e+000
9.602267e+000 -1.372353e+002 0.000000e+000
9.643802e+000 -1.372284e+002 0.000000e+000
9.685337e+000 -1.372215e+002 0.000000e+000
9.726872e+000 -1.372146e+002 0.000000e+000
9.768408e+000 -1.372077e+002 0.000000e+000
9.809943e+000 -1.372007e+002 0.000000e+000
9.851478e+000 -1.371938e+002 0.000000e+000
9.893013e+000 -1.371869e+002 0.000000e+000
9.934548e+000 -1.371800e+002 0.000000e+000
9.976084e+000 -1.371731e+002 0.000000e+000
1.001762e+001 -1.371661e+002 0.000000e+000
1.005915e+001 -1.371592e+002 0.000000e+000
1.010069e+001 -1.371523e+002 0.000000e+000
1.014222e+001 -1.371454e+002 0.000000e+000
1.018376e+001 -1.371384e+002 0.000000e+000
1.022530e+001 -1.371315e+002 0.000000e+000
1.026683e+001 -1.371246e+002 0.000000e+000
1.030837e+001 -1.371177e+002 0.000000e+000
1.034990e+001 -1.371108e+002 0.000000e+000
1.039144e+001 -1.371038e+002 0.000000e+000
1.043297e+001 -1.370969e+002 0.000000e+000
1.047451e+001 -1.370900e+002 0.000000e+000
1.051604e+001 -1.370831e+002 0.000000e+000
1.055758e+001 -1.370761e+002 0.000000e+000
1.059911e+001 -1.370692e+002 0.000000e+000
1.064065e+001 -1.370623e+002 0.000000e+000
1.068218e+001 -1.370554e+002 0.000000e+000
1.072372e+001 -1.370485e+002 0.000000e+000
1.076525e+001 -1.370415e+002 0.000000e+000
1.080679e+001 -1.370346e+002 0.000000e+000
1.084832e+001 -1.370277e+002 0.000000e+000
1.088986e+001 -1.370208e+002 0.000000e+000
1.093139e+001 -1.370138e+002 0.000000e+000
1.097293e+001 -1.370069e+002 0.000000e+000
1.101446e+001 -1.370000e+002 0.000000e+000
1.105600e+001 -1.369931e+002 0.000000e+000
1.109753e+001 -1.369862e+002 0.000000e+000
1.113907e+001 -1.369792e+002 0.000000e+000
1.118061e+001 -1.369723e+002 0.000000e+000
1.122214e+001 -1.369654e+002 0.000000e+000
1.126368e+001 -1.369585e+002 0.000000e+000
1.130521e+001 -1.369515e+002 0.000000e+000
1.134675e+001 -1.369446e+002 0.000000e+000
1.138828e+001 -1.369377e+002 0.000000e+000
1.142982e+001 -1.369308e+002 0.000000e+000
1.147135e+001 -1.369239e+002 0.000000e+000
1.151289e+001 -1.369169e+002 0.000000e+000
1.155442e+001 -1.369100e+002 0.000000e+000
1.159596e+001 -1.369031e+002 0.000000e+000
1.163749e+001 -1.368962e+002 0.000000e+000
1.167903e+001 -1.368893e+002 0.000000e+000
1.172056e+001 -1.368823e+002 0.000000e+000
1.176210e+001 -1.368754e+002 0.000000e+000
1.180363e+001 -1.368685e+002 0.000000e+000
1.184517e+001 -1.368616e+002 0.000000e+000
1.188670e+001 -1.368546e+002 0.000000e+000
1.192824e+001 -1.368477e+002 0.000000e+000
1.196977e+001 -1.368408e+002 0.000000e+000
1.201131e+001 -1.368339e+002 0.000000e+000
1.205285e+001 -1.368270e+002 0.000000e+000
1.209438e+001 -1.368200e+002 0.000000e+000
1.213592e+001 -1.368131e+002 0.000000e+000
1.217745e+001 -1.368062e+002 0.000000e+000
1.221899e+001 -1.367993e+002 0.000000e+000
1.226052e+001 -1.367923e+002 0.000000e+000
1.230206e+001 -1.367854e+002 0.000000e+000
1.234359e+001 -1.367785e+002 0.000000e+000
1.238513e+001 -1.367716e+002 0.000000e+000
1.242666e+001 -1.367647e+002 0.000000e+000
1.246765e+001 -1.367550e+002 0.000000e+000
1.250864e+001 -1.367454e+002 0.000000e+000
1.254963e+001 -1.367357e+002 0.000000e+000
1.259061e+001 -1.367261e+002 0.000000e+000
1.263160e+001 -1.367164e+002 0.000000e+000
1.267259e+001 -1.367068e+002 0.000000e+000
1.271358e+001 -1.366971e+002 0.000000e+000
1.275456e+001 -1.366875e+002 0.000000e+000
1.279555e+001 -1.366778e+002 0.000000e+000
1.283654e+001 -1.366682e+002 0.000000e+000
1.287753e+001 -1.366585e+002 0.000000e+000
1.291852e+001 -1.366489e+002 0.000000e+000
1.295950e+001 -1.366392e+002 0.000000e+000
1.300049e+001 -1.366296e+002 0.000000e+000
1.304148e+001 -1.366199e+002 0.000000e+000
1.308247e+001 -1.366103e+002 0.000000e+000
1.312345e+001 -1.366006e+002 0.000000e+000
1.316444e+001 -1.365910e+002 0.000000e+000
1.320543e+001 -1.365813e+002 0.000000e+000
1.324642e+001 -1.365717e+002 0.000000e+000
1.328741e+001 -1.365620e+002 0.000000e+000
1.332839e+001 -1.365524e+002 0.000000e+000
1.336938e+001 -1.365427e+002 0.000000e+000
1.341037e+001 -1.365331e+002 0.000000e+000
1.345136e+001 -1.365234e+002 0.000000e+000
1.349235e+001 -1.365138e+002 0.000000e+000
1.353333e+001 -1.365042e+002 0.000000e+000
1.357432e+001 -1.364945e+002 0.000000e+000
1.361531e+001 -1.364849e+002 0.000000e+000
1.365630e+001 -1.364752e+002 0.000000e+000
1.369728e+001 -1.364656e+002 0.000000e+000
1.373827e+001 -1.364559e+002 0.000000e+000
1.377926e+001 -1.364463e+002 0.000000e+000
1.382025e+001 -1.364366e+002 0.000000e+000
1.386124e+001 -1.364270e+002 0.000000e+000
1.390222e+001 -1.364173e+002 0.000000e+000
1.394321e+001 -1.364077e+002 0.000000e+000
1.398420e+001 -1.363980e+002 0.000000e+000
1.402519e+001 -1.363884e+002 0.000000e+000
1.406617e+001 -1.363787e+002 0.000000e+000
1.410716e+001 -1.363691e+002 0.000000e+000
1.414815e+001 -1.363594e+002 0.000000e+000
1.418914e+001 -1.363498e+002 0.000000e+000
1.423013e+001 -1.363401e+002 0.000000e+000
1.427111e+001 -1.363305e+002 0.000000e+000
1.431210e+001 -1.363208e+002 0.000000e+000
1.435309e+001 -1.363112e+002 0.000000e+000
1.439408e+001 -1.363015e+002 0.000000e+000
1.443506e+001 -1.362919e+002 0.000000e+000
1.447605e+001 -1.362822e+002 0.000000e+000
1.451704e+001 -1.362726e+002 0.000000e+000
1.455803e+001 -1.362629e+002 0.000000e+000
1.459902e+001 -1.362533e+002 0.000000e+000
1.464000e+001 -1.362436e+002 0.000000e+000
1.468099e+001 -1.362340e+002 0.000000e+000
1.472198e+001 -1.362244e+002 0.000000e+000
1.476297e+001 -1.362147e+002 0.000000e+000
1.480395e+001 -1.362051e+002 0.000000e+000
1.484494e+001 -1.361954e+002 0.000000e+000
1.488593e+001 -1.361858e+002 0.000000e+000
1.492692e+001 -1.361761e+002 0.000000e+000
1.496791e+001 -1.361665e+002 0.000000e+000
1.500889e+001 -1.361568e+002 0.000000e+000
1.504988e+001 -1.361472e+002 0.000000e+000
1.509087e+001 -1.361375e+002 0.000000e+000
1.513186e+001 -1.361279e+002 0.000000e+000
1.517284e+001 -1.361182e+002 0.000000e+000
1.521383e+001 -1.361086e+002 0.000000e+000
1.525482e+001 -1.360989e+002 0.000000e+000
1.529581e+001 -1.360893e+002 0.000000e+000
1.533680e+001 -1.360796e+002 0.000000e+000
1.537778e+001 -1.360700e+002 0.000000e+000
1.541877e+001 -1.360603e+002 0.000000e+000
1.545976e+001 -1.360507e+002 0.000000e+000
1.550075e+001 -1.360410e+002 0.000000e+000
1.554174e+001 -1.360314e+002 0.000000e+000
1.558272e+001 -1.360217e+002 0.000000e+000
1.562371e+001 -1.360121e+002 0.000000e+000
1.566470e+001 -1.360024e+002 0.000000e+000
1.570569e+001 -1.359928e+002 0.000000e+000
1.574667e+001 -1.359831e+002 0.000000e+000
1.578766e+001 -1.359735e+002 0.000000e+000
1.582865e+001 -1.359638e+002 0.000000e+000
1.586964e+001 -1.359542e+002 0.000000e+000
1.591063e+001 -1.359446e+002 0.000000e+000
1.595161e+001 -1.359349e+002 0.000000e+000
1.599260e+001 -1.359253e+002 0.000000e+000
1.603359e+001 -1.359156e+002 0.000000e+000
1.607458e+001 -1.359060e+002 0.000000e+000
1.611556e+001 -1.358963e+002 0.000000e+000
1.615655e+001 -1.358867e+002 0.000000e+000
1.619754e+001 -1.358770e+002 0.000000e+000
1.623853e+001 -1.358674e+002 0.000000e+000
1.627952e+001 -1.358577e+002 0.000000e+000
1.632050e+001 -1.358481e+002 0.000000e+000
1.636149e+001 -1.358384e+002 0.000000e+000
1.640248e+001 -1.358288e+002 0.000000e+000
1.644347e+001 -1.358191e+002 0.000000e+000
1.648445e+001 -1.358095e+002 0.000000e+000
1.652472e+001 -1.357971e+002 0.000000e+000
1.656498e+001 -1.357848e+002 0.000000e+000
1.660524e+001 -1.357725e+002 0.000000e+000
1.664550e+001 -1.357601e+002 0.000000e+000
1.668576e+001 -1.357478e+002 0.000000e+000
1.672602e+001 -1.357355e+002 0.000000e+000
1.676629e+001 -1.357231e+002 0.000000e+000
1.680655e+001 -1.357108e+002 0.000000e+000
1.684681e+001 -1.356985e+002 0.000000e+000
1.688707e+001 -1.356862e+002 0.000000e+000
1.692733e+001 -1.356738e+002 0.000000e+000
1.696759e+001 -1.356615e+002 0.000000e+000
1.700786e+001 -1.356492e+002 0.000000e+000
1.704812e+001 -1.356368e+002 0.000000e+000
1.708838e+001 -1.356245e+002 0.000000e+000
1.712864e+001 -1.356122e+002 0.000000e+000
1.716890e+001 -1.355998e+002 0.000000e+000
1.720916e+001 -1.355875e+002 0.000000e+000
1.724943e+001 -1.355752e+002 0.000000e+000
1.728969e+001 -1.355628e+002 0.000000e+000
1.732995e+001 -1.355505e+002 0.000000e+000
1.737021e+001 -1.355382e+002 0.000000e+000
1.741047e+001 -1.355258e+002 0.000000e+000
1.745073e+001 -1.355135e+002 0.000000e+000
1.749100e+001 -1.355012e+002 0.000000e+000
1.753126e+001 -1.354888e+002 0.000000e+000
1.757152e+001 -1.354765e+002 0.000000e+000
1.761178e+001 -1.354642e+002 0.000000e+000
1.765204e+001 -1.354518e+002 0.000000e+000
1.769230e+001 -1.354395e+002 0.000000e+000
1.773256e+001 -1.354272e+002 0.000000e+000
1.777283e+001 -1.354148e+002 0.000000e+000
1.781309e+001 -1.354025e+002 0.000000e+000
1.785335e+001 -1.353902e+002 0.000000e+000
1.789361e+001 -1.353778e+002 0.000000e+000
1.793387e+001 -1.353655e+002 0.000000e+000
1.797413e+001 -1.353532e+002 0.000000e+000
1.801440e+001 -1.353408e+002 0.000000e+000
1.805466e+001 -1.353285e+002 0.000000e+000
1.809492e+001 -1.353162e+002 0.000000e+000
1.813518e+001 -1.353038e+002 0.000000e+000
1.817544e+001 -1.352915e+002 0.000000e+000
1.821570e+001 -1.352792e+002 0.000000e+000
1.825597e+001 -1.352668e+002 0.000000e+000
1.829623e+001 -1.352545e+002 0.000000e+000
1.833649e+001 -1.352422e+002 0.000000e+000
1.837675e+001 -1.352298e+002 0.000000e+000
1.841701e+001 -1.352175e+002 0.000000e+000
1.845727e+001 -1.352052e+002 0.000000e+000
1.849754e+001 -1.351929e+002 0.000000e+000
1.853780e+001 -1.351805e+002 0.000000e+000
1.857806e+001 -1.351682e+002 0.000000e+000
1.861832e+001 -1.351559e+002 0.000000e+000
1.865858e+001 -1.351435e+002 0.000000e+000
1.869884e+001 -1.351312e+002 0.000000e+000
1.873911e+001 -1.351189e+002 0.000000e+000
1.877937e+001 -1.351065e+002 0.000000e+000
1.881963e+001 -1.350942e+002 0.000000e+000
1.885989e+001 -1.350819e+002 0.000000e+000
1.890015e+001 -1.350695e+002 0.000000e+000
1.894041e+001 -1.350572e+002 0.000000e+000
1.898068e+001 -1.350449e+002 0.000000e+000
1.902094e+001 -1.350325e+002 0.000000e+000
1.906120e+001 -1.350202e+002 0.000000e+000
1.910146e+001 -1.350079e+002 0.000000e+000
1.914172e+001 -1.349955e+002 0.000000e+000
1.918198e+001 -1.349832e+002 0.000000e+000
1.922224e+001 -1.349709e+002 0.000000e+000
1.926251e+001 -1.349585e+002 0.000000e+000
1.930277e+001 -1.349462e+002 0.000000e+000
1.934303e+001 -1.349339e+002 0.000000e+000
1.938329e+001 -1.349215e+002 0.000000e+000
1.942355e+001 -1.349092e+002 0.000000e+000
1.946381e+001 -1.348969e+002 0.000000e+000
1.950408e+001 -1.348845e+002 0.000000e+000
1.954434e+001 -1.348722e+002 0.000000e+000
1.958460e+001 -1.348599e+002 0.000000e+000
1.962486e+001 -1.348475e+002 0.000000e+000
1.966512e+001 -1.348352e+002 0.000000e+000
1.970538e+001 -1.348229e+002 0.000000e+000
1.974565e+001 -1.348105e+002 0.000000e+000
1.978591e+001 -1.347982e+002 0.000000e+000
1.982617e+001 -1.347859e+002 0.000000e+000
1.986643e+001 -1.347735e+002 0.000000e+000
1.990669e+001 -1.347612e+002 0.000000e+000
1.994695e+001 -1.347489e+002 0.000000e+000
1.998722e+001 -1.347365e+002 0.000000e+000
2.002748e+001 -1.347242e+002 0.000000e+000
2.006774e+001 -1.347119e+002 0.000000e+000
2.010800e+001 -1.346996e+002 0.000000e+000
2.014826e+001 -1.346872e+002 0.000000e+000
2.018852e+001 -1.346749e+002 0.000000e+000
2.022879e+001 -1.346626e+002 0.000000e+000
2.026905e+001 -1.346502e+002 0.000000e+000
2.030931e+001 -1.346379e+002 0.000000e+000
2.034957e+001 -1.346256e+002 0.000000e+000
2.038983e+001 -1.346132e+002 0.000000e+000
2.043009e+001 -1.346009e+002 0.000000e+000
2.047036e+001 -1.345886e+002 0.000000e+000
2.050972e+001 -1.345736e+002 0.000000e+000
2.054907e+001 -1.345586e+002 0.000000e+000
2.058843e+001 -1.345437e+002 0.000000e+000
2.062779e+001 -1.345287e+002 0.000000e+000
2.066715e+001 -1.345137e+002 0.000000e+000
2.070651e+001 -1.344988e+002 0.000000e+000
2.074587e+001 -1.344838e+002 0.000000e+000
2.078523e+001 -1.344689e+002 0.000000e+000
2.082459e+001 -1.344539e+002 0.000000e+000
2.086395e+001 -1.344389e+002 0.000000e+000
2.090331e+001 -1.344240e+002 0.000000e+000
2.094267e+001 -1.344090e+002 0.000000e+000
2.098203e+001 -1.343940e+002 0.000000e+000
2.102139e+001 -1.343791e+002 0.000000e+000
2.106075e+001 -1.343641e+002 0.000000e+000
2.110011e+001 -1.343492e+002 0.000000e+000
2.113947e+001 -1.343342e+002 0.000000e+000
2.117883e+001 -1.343192e+002 0.000000e+000
2.121819e+001 -1.343043e+002 0.000000e+000
2.125755e+001 -1.342893e+002 0.000000e+000
2.129691e+001 -1.342743e+002 0.000000e+000
2.133627e+001 -1.342594e+002 0.000000e+000
2.137563e+001 -1.342444e+002 0.000000e+000
2.141499e+001 -1.342294e+002 0.000000e+000
2.145435e+001 -1.342145e+002 0.000000e+000
2.149371e+001 -1.341995e+002 0.000000e+000
2.153307e+001 -1.341846e+002 0.000000e+000
2.157243e+001 -1.341696e+002 0.000000e+000
2.161179e+001 -1.341546e+002 0.000000e+000
2.165115e+001 -1.341397e+002 0.000000e+000
2.169051e+001 -1.341247e+002 0.000000e+000
2.172987e+001 -1.341097e+002 0.000000e+000
2.176923e+001 -1.340948e+002 0.000000e+000
2.180859e+001 -1.340798e+002 0.000000e+000
2.184795e+001 -1.340649e+002 0.000000e+000
2.188731e+001 -1.340499e+002 0.000000e+000
2.192667e+001 -1.340349e+002 0.000000e+000
2.196603e+001 -1.340200e+002 0.000000e+000
2.200539e+001 -1.340050e+002 0.000000e+000
2.204475e+001 -1.339900e+002 0.000000e+000
2.208411e+001 -1.339751e+002 0.000000e+000
2.212347e+001 -1.339601e+002 0.000000e+000
2.216283e+001 -1.339452e+002 0.000000e+000
2.220219e+001 -1.339302e+002 0.000000e+000
2.224155e+001 -1.339152e+002 0.000000e+000
2.228091e+001 -1.339003e+002 0.000000e+000
2.232027e+001 -1.338853e+002 0.000000e+000
2.235963e+001 -1.338703e+002 0.000000e+000
2.239899e+001 -1.338554e+002 0.000000e+000
2.243835e+001 -1.338404e+002 0.000000e+000
2.247771e+001 -1.338254e+002 0.000000e+000
2.251707e+001 -1.338105e+002 0.000000e+000
2.255643e+001 -1.337955e+002 0.000000e+000
2.259579e+001 -1.337806e+002 0.000000e+000
2.263515e+001 -1.337656e+002 0.000000e+000
2.267451e+001 -1.337506e+002 0.000000e+000
2.271387e+001 -1.337357e+002 0.000000e+000
2.275323e+001 -1.337207e+002 0.000000e+000
2.279259e+001 -1.337057e+002 0.000000e+000
2.283195e+001 -1.336908e+002 0.000000e+000
2.287131e+001 -1.336758e+002 0.000000e+000
2.291067e+001 -1.336609e+002 0.000000e+000
2.295003e+001 -1.336459e+002 0.000000e+000
2.298939e+001 -1.336309e+002 0.000000e+000
2.302875e+001 -1.336160e+002 0.000000e+000
2.306811e+001 -1.336010e+002 0.000000e+000
2.310747e+001 -1.335860e+002 0.000000e+000
2.314683e+001 -1.335711e+002 0.000000e+000
2.318619e+001 -1.335561e+002 0.000000e+000
2.322555e+001 -1.335412e+002 0.000000e+000
2.326491e+001 -1.335262e+002 0.000000e+000
2.330427e+001 -1.335112e+002 0.000000e+000
2.334363e+001 -1.334963e+002 0.000000e+000
2.338299e+001 -1.334813e+002 0.000000e+000
2.342235e+001 -1.334663e+002 0.000000e+000
2.346170e+001 -1.334514e+002 0.000000e+000
2.350106e+001 -1.334364e+002 0.000000e+000
2.354042e+001 -1.334214e+002 0.000000e+000
2.357978e+001 -1.334065e+002 0.000000e+000
2.361914e+001 -1.333915e+002 0.000000e+000
2.365850e+001 -1.333766e+002 0.000000e+000
2.369786e+001 -1.333616e+002 0.000000e+000
2.373722e+001 -1.333466e+002 0.000000e+000
2.377658e+001 -1.333317e+002 0.000000e+000
2.381594e+001 -1.333167e+002 0.000000e+000
2.385530e+001 -1.333017e+002 0.000000e+000
2.389466e+001 -1.332868e+002 0.000000e+000
2.393402e+001 -1.332718e+002 0.000000e+000
2.397338e+001 -1.332569e+002 0.000000e+000
2.401274e+001 -1.332419e+002 0.000000e+000
2.405210e+001 -1.332269e+002 0.000000e+000
2.409146e+001 -1.332120e+002 0.000000e+000
2.413082e+001 -1.331970e+002 0.000000e+000
2.417018e+001 -1.331820e+002 0.000000e+000
2.420954e+001 -1.331671e+002 0.000000e+000
2.424890e+001 -1.331521e+002 0.000000e+000
2.428826e+001 -1.331372e+002 0.000000e+000
2.432762e+001 -1.331222e+002 0.000000e+000
2.436698e+001 -1.331072e+002 0.000000e+000
2.440518e+001 -1.330897e+002 0.000000e+000
2.444337e+001 -1.330723e+002 0.000000e+000
2.448157e+001 -1.330548e+002 0.000000e+000
2.451977e+001 -1.330373e+002 0.000000e+000
2.455796e+001 -1.330198e+002 0.000000e+000
2.459616e+001 -1.330023e+002 0.000000e+000
2.463435e+001 -1.329848e+002 0.000000e+000
2.467255e+001 -1.329674e+002 0.000000e+000
2.471075e+001 -1.329499e+002 0.000000e+000
2.474894e+001 -1.329324e+002 0.000000e+000
2.478714e+001 -1.329149e+002 0.000000e+000
2.482533e+001 -1.328974e+002 0.000000e+000
2.486353e+001 -1.328799e+002 0.000000e+000
2.490173e+001 -1.328625e+002 0.000000e+000
2.493992e+001 -1.328450e+002 0.000000e+000
2.497812e+001 -1.328275e+002 0.000000e+000
2.501631e+001 -1.328100e+002 0.000000e+000
2.505451e+001 -1.327925e+002 0.000000e+000
2.509271e+001 -1.327750e+002 0.000000e+000
2.513090e+001 -1.327576e+002 0.000000e+000
2.516910e+001 -1.327401e+002 0.000000e+000
2.520730e+001 -1.327226e+002 0.000000e+000
2.524549e+001 -1.327051e+002 0.000000e+000
2.528369e+001 -1.326876e+002 0.000000e+000
2.532188e+001 -1.326701e+002 0.000000e+000
2.536008e+001 -1.326527e+002 0.000000e+000
2.539828e+001 -1.326352e+002 0.000000e+000
2.543647e+001 -1.326177e+002 0.000000e+000
2.547467e+001 -1.326002e+002 0.000000e+000
2.551286e+001 -1.325827e+002 0.000000e+000
2.555106e+001 -1.325653e+002 0.000000e+000
2.558926e+001 -1.325478e+002 0.000000e+000
2.562745e+001 -1.325303e+002 0.000000e+000
2.566565e+001 -1.325128e+002 0.000000e+000
2.570384e+001 -1.324953e+002 0.000000e+000
2.574204e+001 -1.324778e+002 0.000000e+000
2.578024e+001 -1.324604e+002 0.000000e+000
2.581843e+001 -1.324429e+002 0.000000e+000
2.585663e+001 -1.324254e+002 0.000000e+000
2.589482e+001 -1.324079e+002 0.000000e+000
2.593302e+001 -1.323904e+002 0.000000e+000
2.597122e+001 -1.323729e+002 0.000000e+000
2.600941e+001 -1.323555e+002 0.000000e+000
2.604761e+001 -1.323380e+002 0.000000e+000
2.608580e+001 -1.323205e+002 0.000000e+000
2.612400e+001 -1.323030e+002 0.000000e+000
2.616220e+001 -1.322855e+002 0.000000e+000
2.620039e+001 -1.322680e+002 0.000000e+000
2.623859e+001 -1.322506e+002 0.000000e+000
2.627678e+001 -1.322331e+002 0.000000e+000
2.631498e+001 -1.322156e+002 0.000000e+000
2.635318e+001 -1.321981e+002 0.000000e+000
2.639137e+001 -1.321806e+002 0.000000e+000
2.642957e+001 -1.321631e+002 0.000000e+000
2.646777e+001 -1.321457e+002 0.000000e+000
2.650596e+001 -1.321282e+002 0.000000e+000
2.654416e+001 -1.321107e+002 0.000000e+000
2.658235e+001 -1.320932e+002 0.000000e+000
2.662055e+001 -1.320757e+002 0.000000e+000
2.665875e+001 -1.320582e+002 0.000000e+000
2.669694e+001 -1.320408e+002 0.000000e+000
2.673514e+001 -1.320233e+002 0.000000e+000
2.677333e+001 -1.320058e+002 0.000000e+000
2.681153e+001 -1.319883e+002 0.000000e+000
2.684973e+001 -1.319708e+002 0.000000e+000
2.688792e+001 -1.319533e+002 0.000000e+000
2.692612e+001 -1.319359e+002 0.000000e+000
2.696431e+001 -1.319184e+002 0.000000e+000
2.700251e+001 -1.319009e+002 0.000000e+000
2.704071e+001 -1.318834e+002 0.000000e+000
2.707890e+001 -1.318659e+002 0.000000e+000
2.711710e+001 -1.318484e+002 0.000000e+000
2.715529e+001 -1.318310e+002 0.000000e+000
2.719349e+001 -1.318135e+002 0.000000e+000
2.723169e+001 -1.317960e+002 0.000000e+000
2.726988e+001 -1.317785e+002 0.000000e+000
2.730808e+001 -1.317610e+002 0.000000e+000
2.734627e+001 -1.317435e+002 0.000000e+000
2.738447e+001 -1.317261e+002 0.000000e+000
2.742267e+001 -1.317086e+002 0.000000e+000
2.746086e+001 -1.316911e+002 0.000000e+000
2.749906e+001 -1.316736e+002 0.000000e+000
2.753726e+001 -1.316561e+002 0.000000e+000
2.757545e+001 -1.316386e+002 0.000000e+000
2.761365e+001 -1.316212e+002 0.000000e+000
2.765184e+001 -1.316037e+002 0.000000e+000
2.769004e+001 -1.315862e+002 0.000000e+000
2.772824e+001 -1.315687e+002 0.000000e+000
2.776643e+001 -1.315512e+002 0.000000e+000
2.780463e+001 -1.315337e+002 0.000000e+000
2.784282e+001 -1.315163e+002 0.000000e+000
2.788102e+001 -1.314988e+002 0.000000e+000
2.791922e+001 -1.314813e+002 0.000000e+000
2.795741e+001 -1.314638e+002 0.000000e+000
2.799561e+001 -1.314463e+002 0.000000e+000
2.803380e+001 -1.314288e+002 0.000000e+000
2.807200e+001 -1.314114e+002 0.000000e+000
2.811020e+001 -1.313939e+002 0.000000e+000
2.814839e+001 -1.313764e+002 0.000000e+000
2.818544e+001 -1.313564e+002 0.000000e+000
2.822249e+001 -1.313364e+002 0.000000e+000
2.825954e+001 -1.313164e+002 0.000000e+000
2.829659e+001 -1.312964e+002 0.000000e+000
2.833364e+001 -1.312763e+002 0.000000e+000
2.837069e+001 -1.312563e+002 0.000000e+000
2.840774e+001 -1.312363e+002 0.000000e+000
2.844479e+001 -1.312163e+002 0.000000e+000
2.848184e+001 -1.311963e+002 0.000000e+000
2.851888e+001 -1.311763e+002 0.000000e+000
2.855593e+001 -1.311563e+002 0.000000e+000
2.859298e+001 -1.311363e+002 0.000000e+000
2.863003e+001 -1.311163e+002 0.000000e+000
2.866708e+001 -1.310962e+002 0.000000e+000
2.870413e+001 -1.310762e+002 0.000000e+000
2.874118e+001 -1.310562e+002 0.000000e+000
2.877823e+001 -1.310362e+002 0.000000e+000
2.881528e+001 -1.310162e+002 0.000000e+000
2.885233e+001 -1.309962e+002 0.000000e+000
2.888938e+001 -1.309762e+002 0.000000e+000
2.892643e+001 -1.309562e+002 0.000000e+000
2.896348e+001 -1.309362e+002 0.000000e+000
2.900052e+001 -1.309161e+002 0.000000e+000
2.903757e+001 -1.308961e+002 0.000000e+000
2.907462e+001 -1.308761e+002 0.000000e+000
2.911167e+001 -1.308561e+002 0.000000e+000
2.914872e+001 -1.308361e+002 0.000000e+000
2.918577e+001 -1.308161e+002 0.000000e+000
2.922282e+001 -1.307961e+002 0.000000e+000
2.925987e+001 -1.307761e+002 0.000000e+000
2.929692e+001 -1.307561e+002 0.000000e+000
2.933397e+001 -1.307360e+002 0.000000e+000
2.937102e+001 -1.307160e+002 0.000000e+000
2.940807e+001 -1.306960e+002 0.000000e+000
2.944512e+001 -1.306760e+002 0.000000e+000
2.948217e+001 -1.306560e+002 0.000000e+000
2.951921e+001 -1.306360e+002 0.000000e+000
2.955626e+001 -1.306160e+002 0.000000e+000
2.959331e+001 -1.305960e+002 0.000000e+000
2.963036e+001 -1.305760e+002 0.000000e+000
2.966741e+001 -1.305559e+002 0.000000e+000
2.970446e+001 -1.305359e+002 0.000000e+000
2.974151e+001 -1.305159e+002 0.000000e+000
2.977856e+001 -1.304959e+002 0.000000e+000
2.981561e+001 -1.304759e+002 0.000000e+000
2.985266e+001 -1.304559e+002 0.000000e+000
2.988971e+001 -1.304359e+002 0.000000e+000
2.992676e+001 -1.304159e+002 0.000000e+000
2.996381e+001 -1.303959e+002 0.000000e+000
3.000085e+001 -1.303758e+002 0.000000e+000
3.003790e+001 -1.303558e+002 0.000000e+000
3.007495e+001 -1.303358e+002 0.000000e+000
3.011200e+001 -1.303158e+002 0.000000e+000
3.014905e+001 -1.302958e+002 0.000000e+000
3.018610e+001 -1.302758e+002 0.000000e+000
3.022315e+001 -1.302558e+002 0.000000e+000
3.026020e+001 -1.302358e+002 0.000000e+000
3.029725e+001 -1.302158e+002 0.000000e+000
3.033430e+001 -1.301957e+002 0.000000e+000
3.037135e+001 -1.301757e+002 0.000000e+000
3.040840e+001 -1.301557e+002 0.000000e+000
3.044545e+001 -1.301357e+002 0.000000e+000
3.048250e+001 -1.301157e+002 0.000000e+000
3.051954e+001 -1.300957e+002 0.000000e+000
3.055659e+001 -1.300757e+002 0.000000e+000
3.059364e+001 -1.300557e+002 0.000000e+000
3.063069e+001 -1.300357e+002 0.000000e+000
3.066774e+001 -1.300156e+002 0.000000e+000
3.070479e+001 -1.299956e+002 0.000000e+000
3.074184e+001 -1.299756e+002 0.000000e+000
3.077889e+001 -1.299556e+002 0.000000e+000
3.081594e+001 -1.299356e+002 0.000000e+000
3.085299e+001 -1.299156e+002 0.000000e+000
3.089004e+001 -1.298956e+002 0.000000e+000
3.092709e+001 -1.298756e+002 0.000000e+000
3.096414e+001 -1.298556e+002 0.000000e+000
3.100118e+001 -1.298356e+002 0.000000e+000
3.103823e+001 -1.298155e+002 0.000000e+000
3.107528e+001 -1.297955e+002 0.000000e+000
3.111233e+001 -1.297755e+002 0.000000e+000
3.114938e+001 -1.297555e+002 0.000000e+000
3.118643e+001 -1.297355e+002 0.000000e+000
3.122348e+001 -1.297155e+002 0.000000e+000
3.126053e+001 -1.296955e+002 0.000000e+000
3.129758e+001 -1.296755e+002 0.000000e+000
3.133463e+001 -1.296555e+002 0.000000e+000
3.137168e+001 -1.296354e+002 0.000000e+000
3.140873e+001 -1.296154e+002 0.000000e+000
3.144578e+001 -1.295954e+002 0.000000e+000
3.148283e+001 -1.295754e+002 0.000000e+000
3.151987e+001 -1.295554e+002 0.000000e+000
3.155692e+001 -1.295354e+002 0.000000e+000
3.159397e+001 -1.295154e+002 0.000000e+000
3.163102e+001 -1.294954e+002 0.000000e+000
3.166807e+001 -1.294754e+002 0.000000e+000
3.170512e+001 -1.294553e+002 0.000000e+000
3.174217e+001 -1.294353e+002 0.000000e+000
3.177922e+001 -1.294153e+002 0.000000e+000
3.181627e+001 -1.293953e+002 0.000000e+000
3.185192e+001 -1.293729e+002 0.000000e+000
3.188756e+001 -1.293505e+002 0.000000e+000
3.192321e+001 -1.293281e+002 0.000000e+000
3.195886e+001 -1.293057e+002 0.000000e+000
3.199451e+001 -1.292832e+002 0.000000e+000
3.203015e+001 -1.292608e+002 0.000000e+000
3.206580e+001 -1.292384e+002 0.000000e+000
3.210145e+001 -1.292160e+002 0.000000e+000
3.213710e+001 -1.291936e+002 0.000000e+000
3.217275e+001 -1.291712e+002 0.000000e+000
3.220839e+001 -1.291488e+002 0.000000e+000
3.224404e+001 -1.291264e+002 0.000000e+000
3.227969e+001 -1.291039e+002 0.000000e+000
3.231534e+001 -1.290815e+002 0.000000e+000
3.235098e+001 -1.290591e+002 0.000000e+000
3.238663e+001 -1.290367e+002 0.000000e+000
3.242228e+001 -1.290143e+002 0.000000e+000
3.245793e+001 -1.289919e+002 0.000000e+000
3.249357e+001 -1.289695e+002 0.000000e+000
3.252922e+001 -1.289471e+002 0.000000e+000
3.256487e+001 -1.289246e+002 0.000000e+000
3.260052e+001 -1.289022e+002 0.000000e+000
3.263617e+001 -1.288798e+002 0.000000e+000
3.267181e+001 -1.288574e+002 0.000000e+000
3.270746e+001 -1.288350e+002 0.000000e+000
3.274311e+001 -1.288126e+002 0.000000e+000
3.277876e+001 -1.287902e+002 0.000000e+000
3.281440e+001 -1.287678e+002 0.000000e+000
3.285005e+001 -1.287453e+002 0.000000e+000
3.288570e+001 -1.287229e+002 0.000000e+000
3.292135e+001 -1.287005e+002 0.000000e+000
3.295699e+001 -1.286781e+002 0.000000e+000
3.299264e+001 -1.286557e+002 0.000000e+000
3.302829e+001 -1.286333e+002 0.000000e+000
3.306394e+001 -1.286109e+002 0.000000e+000
3.309959e+001 -1.285884e+002 0.000000e+000
3.313523e+001 -1.285660e+002 0.000000e+000
3.317088e+001 -1.285436e+002 0.000000e+000
3.320653e+001 -1.285212e+002 0.000000e+000
3.324218e+001 -1.284988e+002 0.000000e+000
3.327782e+001 -1.284764e+002 0.000000e+000
3.331347e+001 -1.284540e+002 0.000000e+000
3.334912e+001 -1.284316e+002 0.000000e+000
3.338477e+001 -1.284091e+002 0.000000e+000
3.342042e+001 -1.283867e+002 0.000000e+000
3.345606e+001 -1.283643e+002 0.000000e+000
3.349171e+001 -1.283419e+002 0.000000e+000
3.352736e+001 -1.283195e+002 0.000000e+000
3.356301e+001 -1.282971e+002 0.000000e+000
3.359865e+001 -1.282747e+002 0.000000e+000
3.363430e+001 -1.282523e+002 0.000000e+000
3.366995e+001 -1.282298e+002 0.000000e+000
3.370560e+001 -1.282074e+002 0.000000e+000
3.374124e+001 -1.281850e+002 0.000000e+000
3.377689e+001 -1.281626e+002 0.000000e+000
3.381254e+001 -1.281402e+002 0.000000e+000
3.384819e+001 -1.281178e+002 0.000000e+000
3.388384e+001 -1.280954e+002 0.000000e+000
3.391948e+001 -1.280730e+002 0.000000e+000
3.395513e+001 -1.280505e+002 0.000000e+000
3.399078e+001 -1.280281e+002 0.000000e+000
3.402643e+001 -1.280057e+002 0.000000e+000
3.406207e+001 -1.279833e+002 0.000000e+000
3.409772e+001 -1.279609e+002 0.000000e+000
3.413337e+001 -1.279385e+002 0.000000e+000
3.416902e+001 -1.279161e+002 0.000000e+000
3.420466e+001 -1.278937e+002 0.000000e+000
3.424031e+001 -1.278712e+002 0.000000e+000
3.427596e+001 -1.278488e+002 0.000000e+000
3.431161e+001 -1.278264e+002 0.000000e+000
3.434726e+001 -1.278040e+002 0.000000e+000
3.438290e+001 -1.277816e+002 0.000000e+000
3.441855e+001 -1.277592e+002 0.000000e+000
3.445420e+001 -1.277368e+002 0.000000e+000
3.448985e+001 -1.277144e+002 0.000000e+000
3.452549e+001 -1.276919e+002 0.000000e+000
3.456114e+001 -1.276695e+002 0.000000e+000
3.459679e+001 -1.276471e+002 0.000000e+000
3.463244e+001 -1.276247e+002 0.000000e+000
3.466808e+001 -1.276023e+002 0.000000e+000
3.470373e+001 -1.275799e+002 0.000000e+000
3.473938e+001 -1.275575e+002 0.000000e+000
3.477503e+001 -1.275351e+002 0.000000e+000
3.481068e+001 -1.275126e+002 0.000000e+000
3.484632e+001 -1.274902e+002 0.000000e+000
3.488197e+001 -1.274678e+002 0.000000e+000
3.491762e+001 -1.274454e+002 0.000000e+000
3.495327e+001 -1.274230e+002 0.000000e+000
3.498891e+001 -1.274006e+002 0.000000e+000
3.502456e+001 -1.273782e+002 0.000000e+000
3.506021e+001 -1.273558e+002 0.000000e+000
3.509586e+001 -1.273333e+002 0.000000e+000
3.513150e+001 -1.273109e+002 0.000000e+000
3.516715e+001 -1.272885e+002 0.000000e+000
3.520280e+001 -1.272661e+002 0.000000e+000
3.523845e+001 -1.272437e+002 0.000000e+000
3.527410e+001 -1.272213e+002 0.000000e+000
3.530974e+001 -1.271989e+002 0.000000e+000
3.534539e+001 -1.271764e+002 0.000000e+000
3.537948e+001 -1.271517e+002 0.000000e+000
3.541357e+001 -1.271270e+002 0.000000e+000
3.544766e+001 -1.271023e+002 0.000000e+000
3.548175e+001 -1.270776e+002 0.000000e+000
3.551584e+001 -1.270529e+002 0.000000e+000
3.554994e+001 -1.270281e+002 0.000000e+000
3.558403e+001 -1.270034e+002 0.000000e+000
3.561812e+001 -1.269787e+002 0.000000e+000
3.565221e+001 -1.269540e+002 0.000000e+000
3.568630e+001 -1.269293e+002 0.000000e+000
3.572039e+001 -1.269046e+002 0.000000e+000
3.575448e+001 -1.268798e+002 0.000000e+000
3.578857e+001 -1.268551e+002 0.000000e+000
3.582266e+001 -1.268304e+002 0.000000e+000
3.585675e+001 -1.268057e+002 0.000000e+000
3.589084e+001 -1.267810e+002 0.000000e+000
3.592493e+001 -1.267563e+002 0.000000e+000
3.595902e+001 -1.267315e+002 0.000000e+000
3.599311e+001 -1.267068e+002 0.000000e+000
3.602721e+001 -1.266821e+002 0.000000e+000
3.606130e+001 -1.266574e+002 0.000000e+000
3.609539e+001 -1.266327e+002 0.000000e+000
3.612948e+001 -1.266080e+002 0.000000e+000
3.616357e+001 -1.265832e+002 0.000000e+000
3.619766e+001 -1.265585e+002 0.000000e+000
3.623175e+001 -1.265338e+002 0.000000e+000
3.626584e+001 -1.265091e+002 0.000000e+000
3.629993e+001 -1.264844e+002 0.000000e+000
3.633402e+001 -1.264597e+002 0.000000e+000
3.636811e+001 -1.264349e+002 0.000000e+000
3.640220e+001 -1.264102e+002 0.000000e+000
3.643629e+001 -1.263855e+002 0.000000e+000
3.647038e+001 -1.263608e+002 0.000000e+000
3.650447e+001 -1.263361e+002 0.000000e+000
3.653857e+001 -1.263114e+002 0.000000e+000
3.657266e+001 -1.262866e+002 0.000000e+000
3.660675e+001 -1.262619e+002 0.000000e+000
3.664084e+001 -1.262372e+002 0.000000e+000
3.667493e+001 -1.262125e+002 0.000000e+000
3.670902e+001 -1.261878e+002 0.000000e+000
3.674311e+001 -1.261631e+002 0.000000e+000
3.677720e+001 -1.261383e+002 0.000000e+000
3.681129e+001 -1.261136e+002 0.000000e+000
3.684538e+001 -1.260889e+002 0.000000e+000
3.687947e+001 -1.260642e+002 0.000000e+000
3.691356e+001 -1.260395e+002 0.000000e+000
3.694765e+001 -1.260148e+002 0.000000e+000
3.698174e+001 -1.259900e+002 0.000000e+000
3.701584e+001 -1.259653e+002 0.000000e+000
3.704993e+001 -1.259406e+002 0.000000e+000
3.708402e+001 -1.259159e+002 0.000000e+000
3.711811e+001 -1.258912e+002 0.000000e+000
3.715220e+001 -1.258665e+002 0.000000e+000
3.718629e+001 -1.258417e+002 0.000000e+000
3.722038e+001 -1.258170e+002 0.000000e+000
3.725447e+001 -1.257923e+002 0.000000e+000
3.728856e+001 -1.257676e+002 0.000000e+000
3.732265e+001 -1.257429e+002 0.000000e+000
3.735674e+001 -1.257182e+002 0.000000e+000
3.739083e+001 -1.256934e+002 0.000000e+000
3.742492e+001 -1.256687e+002 0.000000e+000
3.745901e+001 -1.256440e+002 0.000000e+000
3.749310e+001 -1.256193e+002 0.000000e+000
3.752720e+001 -1.255946e+002 0.000000e+000
3.756129e+001 -1.255699e+002 0.000000e+000
3.759538e+001 -1.255451e+002 0.000000e+000
3.762947e+001 -1.255204e+002 0.000000e+000
3.766356e+001 -1.254957e+002 0.000000e+000
3.769765e+001 -1.254710e+002 0.000000e+000
3.773174e+001 -1.254463e+002 0.000000e+000
3.776583e+001 -1.254216e+002 0.000000e+000
3.779992e+001 -1.253968e+002 0.000000e+000
3.783401e+001 -1.253721e+002 0.000000e+000
3.786810e+001 -1.253474e+002 0.000000e+000
3.790219e+001 -1.253227e+002 0.000000e+000
3.793628e+001 -1.252980e+002 0.000000e+000
3.797037e+001 -1.252733e+002 0.000000e+000
3.800447e+001 -1.252485e+002 0.000000e+000
3.803856e+001 -1.252238e+002 0.000000e+000
3.807265e+001 -1.251991e+002 0.000000e+000
3.810674e+001 -1.251744e+002 0.000000e+000
3.814083e+001 -1.251497e+002 0.000000e+000
3.817492e+001 -1.251250e+002 0.000000e+000
3.820901e+001 -1.251002e+002 0.000000e+000
3.824310e+001 -1.250755e+002 0.000000e+000
3.827719e+001 -1.250508e+002 0.000000e+000
3.831128e+001 -1.250261e+002 0.000000e+000
3.834537e+001 -1.250014e+002 0.000000e+000
3.837946e+001 -1.249767e+002 0.000000e+000
3.841355e+001 -1.249519e+002 0.000000e+000
3.844764e+001 -1.249272e+002 0.000000e+000
3.848174e+001 -1.249025e+002 0.000000e+000
3.851583e+001 -1.248778e+002 0.000000e+000
3.854992e+001 -1.248531e+002 0.000000e+000
3.858401e+001 -1.248284e+002 0.000000e+000
3.861810e+001 -1.248036e+002 0.000000e+000
3.865219e+001 -1.247789e+002 0.000000e+000
3.868628e+001 -1.247542e+002 0.000000e+000
3.872037e+001 -1.247295e+002 0.000000e+000
3.875268e+001 -1.247027e+002 0.000000e+000
3.878499e+001 -1.246758e+002 0.000000e+000
3.881730e+001 -1.246490e+002 0.000000e+000
3.884961e+001 -1.246221e+002 0.000000e+000
3.888192e+001 -1.245953e+002 0.000000e+000
3.891423e+001 -1.245684e+002 0.000000e+000
3.894654e+001 -1.245416e+002 0.000000e+000
3.897885e+001 -1.245147e+002 0.000000e+000
3.901116e+001 -1.244879e+002 0.000000e+000
3.904347e+001 -1.244610e+002 0.000000e+000
3.907577e+001 -1.244342e+002 0.000000e+000
3.910808e+001 -1.244074e+002 0.000000e+000
3.914039e+001 -1.243805e+002 0.000000e+000
3.917270e+001 -1.243537e+002 0.000000e+000
3.920501e+001 -1.243268e+002 0.000000e+000
3.923732e+001 -1.243000e+002 0.000000e+000
3.926963e+001 -1.242731e+002 0.000000e+000
3.930194e+001 -1.242463e+002 0.000000e+000
3.933425e+001 -1.242194e+002 0.000000e+000
3.936656e+001 -1.241926e+002 0.000000e+000
3.939887e+001 -1.241657e+002 0.000000e+000
3.943118e+001 -1.241389e+002 0.000000e+000
3.946349e+001 -1.241120e+002 0.000000e+000
3.949580e+001 -1.240852e+002 0.000000e+000
3.952811e+001 -1.240584e+002 0.000000e+000
3.956042e+001 -1.240315e+002 0.000000e+000
3.959273e+001 -1.240047e+002 0.000000e+000
3.962504e+001 -1.239778e+002 0.000000e+000
3.965735e+001 -1.239510e+002 0.000000e+000
3.968966e+001 -1.239241e+002 0.000000e+000
3.972196e+001 -1.238973e+002 0.000000e+000
3.975427e+001 -1.238704e+002 0.000000e+000
3.978658e+001 -1.238436e+002 0.000000e+000
3.981889e+001 -1.238167e+002 0.000000e+000
3.985120e+001 -1.237899e+002 0.000000e+000
3.988351e+001 -1.237631e+002 0.000000e+000
3.991582e+001 -1.237362e+002 0.000000e+000
3.994813e+001 -1.237094e+002 0.000000e+000
3.998044e+001 -1.236825e+002 0.000000e+000
4.001275e+001 -1.236557e+002 0.000000e+000
4.004506e+001 -1.236288e+002 0.000000e+000
4.007737e+001 -1.236020e+002 0.000000e+000
4.010968e+001 -1.235751e+002 0.000000e+000
4.014199e+001 -1.235483e+002 0.000000e+000
4.017430e+001 -1.235214e+002 0.000000e+000
4.020661e+001 -1.234946e+002 0.000000e+000
4.023892e+001 -1.234677e+002 0.000000e+000
4.027123e+001 -1.234409e+002 0.000000e+000
4.030354e+001 -1.234141e+002 0.000000e+000
4.033585e+001 -1.233872e+002 0.000000e+000
4.036815e+001 -1.233604e+002 0.000000e+000
4.040046e+001 -1.233335e+002 0.000000e+000
4.043277e+001 -1.233067e+002 0.000000e+000
4.046508e+001 -1.232798e+002 0.000000e+000
4.049739e+001 -1.232530e+002 0.000000e+000
4.052970e+001 -1.232261e+002 0.000000e+000
4.056201e+001 -1.231993e+002 0.000000e+000
4.059432e+001 -1.231724e+002 0.000000e+000
4.062663e+001 -1.231456e+002 0.000000e+000
4.065894e+001 -1.231188e+002 0.000000e+000
4.069125e+001 -1.230919e+002 0.000000e+000
4.072356e+001 -1.230651e+002 0.000000e+000
4.075587e+001 -1.230382e+002 0.000000e+000
4.078818e+001 -1.230114e+002 0.000000e+000
4.082049e+001 -1.229845e+002 0.000000e+000
4.085280e+001 -1.229577e+002 0.000000e+000
4.088511e+001 -1.229308e+002 0.000000e+000
4.091742e+001 -1.229040e+002 0.000000e+000
4.094973e+001 -1.228771e+002 0.000000e+000
4.098204e+001 -1.228503e+002 0.000000e+000
4.101435e+001 -1.228235e+002 0.000000e+000
4.104665e+001 -1.227966e+002 0.000000e+000
4.107896e+001 -1.227698e+002 0.000000e+000
4.111127e+001 -1.227429e+002 0.000000e+000
4.114358e+001 -1.227161e+002 0.000000e+000
4.117589e+001 -1.226892e+002 0.000000e+000
4.120820e+001 -1.226624e+002 0.000000e+000
4.124051e+001 -1.226355e+002 0.000000e+000
4.127282e+001 -1.226087e+002 0.000000e+000
4.130513e+001 -1.225818e+002 0.000000e+000
4.133744e+001 -1.225550e+002 0.000000e+000
4.136975e+001 -1.225281e+002 0.000000e+000
4.140206e+001 -1.225013e+002 0.000000e+000
4.143437e+001 -1.224745e+002 0.000000e+000
4.146668e+001 -1.224476e+002 0.000000e+000
4.149899e+001 -1.224208e+002 0.000000e+000
4.153130e+001 -1.223939e+002 0.000000e+000
4.156361e+001 -1.223671e+002 0.000000e+000
4.159592e+001 -1.223402e+002 0.000000e+000
4.162823e+001 -1.223134e+002 0.000000e+000
4.166054e+001 -1.222865e+002 0.000000e+000
4.169284e+001 -1.222597e+002 0.000000e+000
4.172515e+001 -1.222328e+002 0.000000e+000
4.175746e+001 -1.222060e+002 0.000000e+000
4.178977e+001 -1.221792e+002 0.000000e+000
4.182208e+001 -1.221523e+002 0.000000e+000
4.185439e+001 -1.221255e+002 0.000000e+000
4.188670e+001 -1.220986e+002 0.000000e+000
4.191901e+001 -1.220718e+002 0.000000e+000
4.194955e+001 -1.220428e+002 0.000000e+000
4.198010e+001 -1.220138e+002 0.000000e+000
4.201064e+001 -1.219848e+002 0.000000e+000
4.204118e+001 -1.219558e+002 0.000000e+000
4.207172e+001 -1.219268e+002 0.000000e+000
4.210227e+001 -1.218979e+002 0.000000e+000
4.213281e+001 -1.218689e+002 0.000000e+000
4.216335e+001 -1.218399e+002 0.000000e+000
4.219390e+001 -1.218109e+002 0.000000e+000
4.222444e+001 -1.217819e+002 0.000000e+000
4.225498e+001 -1.217529e+002 0.000000e+000
4.228552e+001 -1.217239e+002 0.000000e+000
4.231607e+001 -1.216949e+002 0.000000e+000
4.234661e+001 -1.216660e+002 0.000000e+000
4.237715e+001 -1.216370e+002 0.000000e+000
4.240769e+001 -1.216080e+002 0.000000e+000
4.243824e+001 -1.215790e+002 0.000000e+000
4.246878e+001 -1.215500e+002 0.000000e+000
4.249932e+001 -1.215210e+002 0.000000e+000
4.252987e+001 -1.214920e+002 0.000000e+000
4.256041e+001 -1.214630e+002 0.000000e+000
4.259095e+001 -1.214341e+002 0.000000e+000
4.262149e+001 -1.214051e+002 0.000000e+000
4.265204e+001 -1.213761e+002 0.000000e+000
4.268258e+001 -1.213471e+002 0.000000e+000
4.271312e+001 -1.213181e+002 0.000000e+000
4.274366e+001 -1.212891e+002 0.000000e+000
4.277421e+001 -1.212601e+002 0.000000e+000
4.280475e+001 -1.212312e+002 0.000000e+000
4.283529e+001 -1.212022e+002 0.000000e+000
4.286583e+001 -1.211732e+002 0.000000e+000
4.289638e+001 -1.211442e+002 0.000000e+000
4.292692e+001 -1.211152e+002 0.000000e+000
4.295746e+001 -1.210862e+002 0.000000e+000
4.298801e+001 -1.210572e+002 0.000000e+000
4.301855e+001 -1.210282e+002 0.000000e+000
4.304909e+001 -1.209993e+002 0.000000e+000
4.307963e+001 -1.209703e+002 0.000000e+000
4.311018e+001 -1.209413e+002 0.000000e+000
4.314072e+001 -1.209123e+002 0.000000e+000
4.317126e+001 -1.208833e+002 0.000000e+000
4.320180e+001 -1.208543e+002 0.000000e+000
4.323235e+001 -1.208253e+002 0.000000e+000
4.326289e+001 -1.207964e+002 0.000000e+000
4.329343e+001 -1.207674e+002 0.000000e+000
4.332398e+001 -1.207384e+002 0.000000e+000
4.335452e+001 -1.207094e+002 0.000000e+000
4.338506e+001 -1.206804e+002 0.000000e+000
4.341560e+001 -1.206514e+002 0.000000e+000
4.344615e+001 -1.206224e+002 0.000000e+000
4.347669e+001 -1.205934e+002 0.000000e+000
4.350723e+001 -1.205645e+002 0.000000e+000
4.353777e+001 -1.205355e+002 0.000000e+000
4.356832e+001 -1.205065e+002 0.000000e+000
4.359886e+001 -1.204775e+002 0.000000e+000
4.362940e+001 -1.204485e+002 0.000000e+000
4.365994e+001 -1.204195e+002 0.000000e+000
4.369049e+001 -1.203905e+002 0.000000e+000
4.372103e+001 -1.203616e+002 0.000000e+000
4.375157e+001 -1.203326e+002 0.000000e+000
4.378212e+001 -1.203036e+002 0.000000e+000
4.381266e+001 -1.202746e+002 0.000000e+000
4.384320e+001 -1.202456e+002 0.000000e+000
4.387374e+001 -1.202166e+002 0.000000e+000
4.390429e+001 -1.201876e+002 0.000000e+000
4.393483e+001 -1.201586e+002 0.000000e+000
4.396537e+001 -1.201297e+002 0.000000e+000
4.399591e+001 -1.201007e+002 0.000000e+000
4.402646e+001 -1.200717e+002 0.000000e+000
4.405700e+001 -1.200427e+002 0.000000e+000
4.408754e+001 -1.200137e+002 0.000000e+000
4.411809e+001 -1.199847e+002 0.000000e+000
4.414863e+001 -1.199557e+002 0.000000e+000
4.417917e+001 -1.199268e+002 0.000000e+000
4.420971e+001 -1.198978e+002 0.000000e+000
4.424026e+001 -1.198688e+002 0.000000e+000
4.427080e+001 -1.198398e+002 0.000000e+000
4.430134e+001 -1.198108e+002 0.000000e+000
4.433188e+001 -1.197818e+002 0.000000e+000
4.436243e+001 -1.197528e+002 0.000000e+000
4.439297e+001 -1.197238e+002 0.000000e+000
4.442351e+001 -1.196949e+002 0.000000e+000
4.445406e+001 -1.196659e+002 0.000000e+000
4.448460e+001 -1.196369e+002 0.000000e+000
4.451514e+001 -1.196079e+002 0.000000e+000
4.454568e+001 -1.195789e+002 0.000000e+000
4.457623e+001 -1.195499e+002 0.000000e+000
4.460677e+001 -1.195209e+002 0.000000e+000
4.463731e+001 -1.194919e+002 0.000000e+000
4.466785e+001 -1.194630e+002 0.000000e+000
4.469840e+001 -1.194340e+002 0.000000e+000
4.472894e+001 -1.194050e+002 0.000000e+000
4.475948e+001 -1.193760e+002 0.000000e+000
4.479002e+001 -1.193470e+002 0.000000e+000
4.482057e+001 -1.193180e+002 0.000000e+000
4.485111e+001 -1.192890e+002 0.000000e+000
4.488165e+001 -1.192601e+002 0.000000e+000
4.491220e+001 -1.192311e+002 0.000000e+000
4.494274e+001 -1.192021e+002 0.000000e+000
4.497130e+001 -1.191711e+002 0.000000e+000
4.499986e+001 -1.191402e+002 0.000000e+000
4.502843e+001 -1.191093e+002 0.000000e+000
4.505699e+001 -1.190783e+002 0.000000e+000
4.508555e+001 -1.190474e+002 0.000000e+000
4.511412e+001 -1.190164e+002 0.000000e+000
4.514268e+001 -1.189855e+002 0.000000e+000
4.517124e+001 -1.189546e+002 0.000000e+000
4.519980e+001 -1.189236e+002 0.000000e+000
4.522837e+001 -1.188927e+002 0.000000e+000
4.525693e+001 -1.188617e+002 0.000000e+000
4.528549e+001 -1.188308e+002 0.000000e+000
4.531406e+001 -1.187999e+002 0.000000e+000
4.534262e+001 -1.187689e+002 0.000000e+000
4.537118e+001 -1.187380e+002 0.000000e+000
4.539974e+001 -1.187071e+002 0.000000e+000
4.542831e+001 -1.186761e+002 0.000000e+000
4.545687e+001 -1.186452e+002 0.000000e+000
4.548543e+001 -1.186142e+002 0.000000e+000
4.551400e+001 -1.185833e+002 0.000000e+000
4.554256e+001 -1.185524e+002 0.000000e+000
4.557112e+001 -1.185214e+002 0.000000e+000
4.559969e+001 -1.184905e+002 0.000000e+000
4.562825e+001 -1.184595e+002 0.000000e+000
4.565681e+001 -1.184286e+002 0.000000e+000
4.568537e+001 -1.183977e+002 0.000000e+000
4.571394e+001 -1.183667e+002 0.000000e+000
4.574250e+001 -1.183358e+002 0.000000e+000
4.577106e+001 -1.183048e+002 0.000000e+000
4.579963e+001 -1.182739e+002 0.000000e+000
4.582819e+001 -1.182430e+002 0.000000e+000
4.585675e+001 -1.182120e+002 0.000000e+000
4.588531e+001 -1.181811e+002 0.000000e+000
4.591388e+001 -1.181501e+002 0.000000e+000
4.594244e+001 -1.181192e+002 0.000000e+000
4.597100e+001 -1.180883e+002 0.000000e+000
4.599957e+001 -1.180573e+002 0.000000e+000
4.602813e+001 -1.180264e+002 0.000000e+000
4.605669e+001 -1.179954e+002 0.000000e+000
4.608525e+001 -1.179645e+002 0.000000e+000
4.611382e+001 -1.179336e+002 0.000000e+000
4.614238e+001 -1.179026e+002 0.000000e+000
4.617094e+001 -1.178717e+002 0.000000e+000
4.619951e+001 -1.178407e+002 0.000000e+000
4.622807e+001 -1.178098e+002 0.000000e+000
4.625663e+001 -1.177789e+002 0.000000e+000
4.628520e+001 -1.177479e+002 0.000000e+000
4.631376e+001 -1.177170e+002 0.000000e+000
4.634232e+001 -1.176860e+002 0.000000e+000
4.637088e+001 -1.176551e+002 0.000000e+000
4.639945e+001 -1.176242e+002 0.000000e+000
4.642801e+001 -1.175932e+002 0.000000e+000
4.645657e+001 -1.175623e+002 0.000000e+000
4.648514e+001 -1.175314e+002 0.000000e+000
4.651370e+001 -1.175004e+002 0.000000e+000
4.654226e+001 -1.174695e+002 0.000000e+000
4.657082e+001 -1.174385e+002 0.000000e+000
4.659939e+001 -1.174076e+002 0.000000e+000
4.662795e+001 -1.173767e+002 0.000000e+000
4.665651e+001 -1.173457e+002 0.000000e+000
4.668508e+001 -1.173148e+002 0.000000e+000
4.671364e+001 -1.172838e+002 0.000000e+000
4.674220e+001 -1.172529e+002 0.000000e+000
4.677076e+001 -1.172220e+002 0.000000e+000
4.679933e+001 -1.171910e+002 0.000000e+000
4.682789e+001 -1.171601e+002 0.000000e+000
4.685645e+001 -1.171291e+002 0.000000e+000
4.688502e+001 -1.170982e+002 0.000000e+000
4.691358e+001 -1.170673e+002 0.000000e+000
4.694214e+001 -1.170363e+002 0.000000e+000
4.697071e+001 -1.170054e+002 0.000000e+000
4.699927e+001 -1.169744e+002 0.000000e+000
4.702783e+001 -1.169435e+002 0.000000e+000
4.705639e+001 -1.169126e+002 0.000000e+000
4.708496e+001 -1.168816e+002 0.000000e+000
4.711352e+001 -1.168507e+002 0.000000e+000
4.714208e+001 -1.168197e+002 0.000000e+000
4.717065e+001 -1.167888e+002 0.000000e+000
4.719921e+001 -1.167579e+002 0.000000e+000
4.722777e+001 -1.167269e+002 0.000000e+000
4.725633e+001 -1.166960e+002 0.000000e+000
4.728490e+001 -1.166650e+002 0.000000e+000
4.731346e+001 -1.166341e+002 0.000000e+000
4.734202e+001 -1.166032e+002 0.000000e+000
4.737059e+001 -1.165722e+002 0.000000e+000
4.739915e+001 -1.165413e+002 0.000000e+000
4.742771e+001 -1.165104e+002 0.000000e+000
4.745627e+001 -1.164794e+002 0.000000e+000
4.748484e+001 -1.164485e+002 0.000000e+000
4.751340e+001 -1.164175e+002 0.000000e+000
4.754196e+001 -1.163866e+002 0.000000e+000
4.757053e+001 -1.163557e+002 0.000000e+000
4.759909e+001 -1.163247e+002 0.000000e+000
4.762765e+001 -1.162938e+002 0.000000e+000
4.765622e+001 -1.162628e+002 0.000000e+000
4.768478e+001 -1.162319e+002 0.000000e+000
4.771334e+001 -1.162010e+002 0.000000e+000
4.774190e+001 -1.161700e+002 0.000000e+000
4.777047e+001 -1.161391e+002 0.000000e+000
4.779693e+001 -1.161063e+002 0.000000e+000
4.782338e+001 -1.160736e+002 0.000000e+000
4.784984e+001 -1.160408e+002 0.000000e+000
4.787630e+001 -1.160080e+002 0.000000e+000
4.790276e+001 -1.159753e+002 0.000000e+000
4.792922e+001 -1.159425e+002 0.000000e+000
4.795568e+001 -1.159098e+002 0.000000e+000
4.798214e+001 -1.158770e+002 0.000000e+000
4.800859e+001 -1.158443e+002 0.000000e+000
4.803505e+001 -1.158115e+002 0.000000e+000
4.806151e+001 -1.157787e+002 0.000000e+000
4.808797e+001 -1.157460e+002 0.000000e+000
4.811443e+001 -1.157132e+002 0.000000e+000
4.814089e+001 -1.156805e+002 0.000000e+000
4.816735e+001 -1.156477e+002 0.000000e+000
4.819380e+001 -1.156150e+002 0.000000e+000
4.822026e+001 -1.155822e+002 0.000000e+000
4.824672e+001 -1.155494e+002 0.000000e+000
4.827318e+001 -1.155167e+002 0.000000e+000
4.829964e+001 -1.154839e+002 0.000000e+000
4.832610e+001 -1.154512e+002 0.000000e+000
4.835256e+001 -1.154184e+002 0.000000e+000
4.837901e+001 -1.153857e+002 0.000000e+000
4.840547e+001 -1.153529e+002 0.000000e+000
4.843193e+001 -1.153201e+002 0.000000e+000
4.845839e+001 -1.152874e+002 0.000000e+000
4.848485e+001 -1.152546e+002 0.000000e+000
4.851131e+001 -1.152219e+002 0.000000e+000
4.853777e+001 -1.151891e+002 0.000000e+000
4.856422e+001 -1.151564e+002 0.000000e+000
4.859068e+001 -1.151236e+002 0.000000e+000
4.861714e+001 -1.150908e+002 0.000000e+000
4.864360e+001 -1.150581e+002 0.000000e+000
4.867006e+001 -1.150253e+002 0.000000e+000
4.869652e+001 -1.149926e+002 0.000000e+000
4.872298e+001 -1.149598e+002 0.000000e+000
4.874943e+001 -1.149271e+002 0.000000e+000
4.877589e+001 -1.148943e+002 0.000000e+000
4.880235e+001 -1.148615e+002 0.000000e+000
4.882881e+001 -1.148288e+002 0.000000e+000
4.885527e+001 -1.147960e+002 0.000000e+000
4.888173e+001 -1.147633e+002 0.000000e+000
4.890819e+001 -1.147305e+002 0.000000e+000
4.893464e+001 -1.146978e+002 0.000000e+000
4.896110e+001 -1.146650e+002 0.000000e+000
4.898756e+001 -1.146322e+002 0.000000e+000
4.901402e+001 -1.145995e+002 0.000000e+000
4.904048e+001 -1.145667e+002 0.000000e+000
4.906694e+001 -1.145340e+002 0.000000e+000
4.909340e+001 -1.145012e+002 0.000000e+000
4.911985e+001 -1.144685e+002 0.000000e+000
4.914631e+001 -1.144357e+002 0.000000e+000
4.917277e+001 -1.144029e+002 0.000000e+000
4.919923e+001 -1.143702e+002 0.000000e+000
4.922569e+001 -1.143374e+002 0.000000e+000
4.925215e+001 -1.143047e+002 0.000000e+000
4.927861e+001 -1.142719e+002 0.000000e+000
4.930506e+001 -1.142392e+002 0.000000e+000
4.933152e+001 -1.142064e+002 0.000000e+000
4.935798e+001 -1.141736e+002 0.000000e+000
4.938444e+001 -1.141409e+002 0.000000e+000
4.941090e+001 -1.141081e+002 0.000000e+000
4.943736e+001 -1.140754e+002 0.000000e+000
4.946382e+001 -1.140426e+002 0.000000e+000
4.949027e+001 -1.140099e+002 0.000000e+000
4.951673e+001 -1.139771e+002 0.000000e+000
4.954319e+001 -1.139443e+002 0.000000e+000
4.956965e+001 -1.139116e+002 0.000000e+000
4.959611e+001 -1.138788e+002 0.000000e+000
4.962257e+001 -1.138461e+002 0.000000e+000
4.964903e+001 -1.138133e+002 0.000000e+000
4.967548e+001 -1.137806e+002 0.000000e+000
4.970194e+001 -1.137478e+002 0.000000e+000
4.972840e+001 -1.137150e+002 0.000000e+000
4.975486e+001 -1.136823e+002 0.000000e+000
4.978132e+001 -1.136495e+002 0.000000e+000
4.980778e+001 -1.136168e+002 0.000000e+000
4.983424e+001 -1.135840e+002 0.000000e+000
4.986069e+001 -1.135513e+002 0.000000e+000
4.988715e+001 -1.135185e+002 0.000000e+000
4.991361e+001 -1.134857e+002 0.000000e+000
4.994007e+001 -1.134530e+002 0.000000e+000
4.996653e+001 -1.134202e+002 0.000000e+000
4.999299e+001 -1.133875e+002 0.000000e+000
5.001945e+001 -1.133547e+002 0.000000e+000
5.004590e+001 -1.133220e+002 0.000000e+000
5.007236e+001 -1.132892e+002 0.000000e+000
5.009882e+001 -1.132564e+002 0.000000e+000
5.012528e+001 -1.132237e+002 0.000000e+000
5.015174e+001 -1.131909e+002 0.000000e+000
5.017820e+001 -1.131582e+002 0.000000e+000
5.020466e+001 -1.131254e+002 0.000000e+000
5.023111e+001 -1.130927e+002 0.000000e+000
5.025757e+001 -1.130599e+002 0.000000e+000
5.028403e+001 -1.130271e+002 0.000000e+000
5.031049e+001 -1.129944e+002 0.000000e+000
5.033695e+001 -1.129616e+002 0.000000e+000
5.036341e+001 -1.129289e+002 0.000000e+000
5.038987e+001 -1.128961e+002 0.000000e+000
5.041411e+001 -1.128617e+002 0.000000e+000
5.043834e+001 -1.128273e+002 0.000000e+000
5.046258e+001 -1.127928e+002 0.000000e+000
5.048682e+001 -1.127584e+002 0.000000e+000
5.051106e+001 -1.127240e+002 0.000000e+000
5.053530e+001 -1.126895e+002 0.000000e+000
5.055954e+001 -1.126551e+002 0.000000e+000
5.058378e+001 -1.126207e+002 0.000000e+000
5.060802e+001 -1.125862e+002 0.000000e+000
5.063225e+001 -1.125518e+002 0.000000e+000
5.065649e+001 -1.125174e+002 0.000000e+000
5.068073e+001 -1.124829e+002 0.000000e+000
5.070497e+001 -1.124485e+002 0.000000e+000
5.072921e+001 -1.124141e+002 0.000000e+000
5.075345e+001 -1.123796e+002 0.000000e+000
5.077769e+001 -1.123452e+002 0.000000e+000
5.080193e+001 -1.123108e+002 0.000000e+000
5.082617e+001 -1.122763e+002 0.000000e+000
5.085040e+001 -1.122419e+002 0.000000e+000
5.087464e+001 -1.122075e+002 0.000000e+000
5.089888e+001 -1.121730e+002 0.000000e+000
5.092312e+001 -1.121386e+002 0.000000e+000
5.094736e+001 -1.121042e+002 0.000000e+000
5.097160e+001 -1.120697e+002 0.000000e+000
5.099584e+001 -1.120353e+002 0.000000e+000
5.102008e+001 -1.120009e+002 0.000000e+000
5.104432e+001 -1.119665e+002 0.000000e+000
5.106855e+001 -1.119320e+002 0.000000e+000
5.109279e+001 -1.118976e+002 0.000000e+000
5.111703e+001 -1.118632e+002 0.000000e+000
5.114127e+001 -1.118287e+002 0.000000e+000
5.116551e+001 -1.117943e+002 0.000000e+000
5.118975e+001 -1.117599e+002 0.000000e+000
5.121399e+001 -1.117254e+002 0.000000e+000
5.123823e+001 -1.116910e+002 0.000000e+000
5.126246e+001 -1.116566e+002 0.000000e+000
5.128670e+001 -1.116221e+002 0.000000e+000
5.131094e+001 -1.115877e+002 0.000000e+000
5.133518e+001 -1.115533e+002 0.000000e+000
5.135942e+001 -1.115188e+002 0.000000e+000
5.138366e+001 -1.114844e+002 0.000000e+000
5.140790e+001 -1.114500e+002 0.000000e+000
5.143214e+001 -1.114155e+002 0.000000e+000
5.145638e+001 -1.113811e+002 0.000000e+000
5.148061e+001 -1.113467e+002 0.000000e+000
5.150485e+001 -1.113122e+002 0.000000e+000
5.152909e+001 -1.112778e+002 0.000000e+000
5.155333e+001 -1.112434e+002 0.000000e+000
5.157757e+001 -1.112089e+002 0.000000e+000
5.160181e+001 -1.111745e+002 0.000000e+000
5.162605e+001 -1.111401e+002 0.000000e+000
5.165029e+001 -1.111056e+002 0.000000e+000
5.167453e+001 -1.110712e+002 0.000000e+000
5.169876e+001 -1.110368e+002 0.000000e+000
5.172300e+001 -1.110024e+002 0.000000e+000
5.174724e+001 -1.109679e+002 0.000000e+000
5.177148e+001 -1.109335e+002 0.000000e+000
5.179572e+001 -1.108991e+002 0.000000e+000
5.181996e+001 -1.108646e+002 0.000000e+000
5.184420e+001 -1.108302e+002 0.000000e+000
5.186844e+001 -1.107958e+002 0.000000e+000
5.189268e+001 -1.107613e+002 0.000000e+000
5.191691e+001 -1.107269e+002 0.000000e+000
5.194115e+001 -1.106925e+002 0.000000e+000
5.196539e+001 -1.106580e+002 0.000000e+000
5.198963e+001 -1.106236e+002 0.000000e+000
5.201387e+001 -1.105892e+002 0.000000e+000
5.203811e+001 -1.105547e+002 0.000000e+000
5.206235e+001 -1.105203e+002 0.000000e+000
5.208659e+001 -1.104859e+002 0.000000e+000
5.211082e+001 -1.104514e+002 0.000000e+000
5.213506e+001 -1.104170e+002 0.000000e+000
5.215930e+001 -1.103826e+002 0.000000e+000
5.218354e+001 -1.103481e+002 0.000000e+000
5.220778e+001 -1.103137e+002 0.000000e+000
5.223202e+001 -1.102793e+002 0.000000e+000
5.225626e+001 -1.102448e+002 0.000000e+000
5.228050e+001 -1.102104e+002 0.000000e+000
5.230474e+001 -1.101760e+002 0.000000e+000
5.232897e+001 -1.101416e+002 0.000000e+000
5.235321e+001 -1.101071e+002 0.000000e+000
5.237745e+001 -1.100727e+002 0.000000e+000
5.240169e+001 -1.100383e+002 0.000000e+000
5.242593e+001 -1.100038e+002 0.000000e+000
5.245017e+001 -1.099694e+002 0.000000e+000
5.247441e+001 -1.099350e+002 0.000000e+000
5.249865e+001 -1.099005e+002 0.000000e+000
5.252289e+001 -1.098661e+002 0.000000e+000
5.254712e+001 -1.098317e+002 0.000000e+000
5.257136e+001 -1.097972e+002 0.000000e+000
5.259560e+001 -1.097628e+002 0.000000e+000
5.261984e+001 -1.097284e+002 0.000000e+000
5.264408e+001 -1.096939e+002 0.000000e+000
5.266832e+001 -1.096595e+002 0.000000e+000
5.269256e+001 -1.096251e+002 0.000000e+000
5.271680e+001 -1.095906e+002 0.000000e+000
5.274103e+001 -1.095562e+002 0.000000e+000
5.276527e+001 -1.095218e+002 0.000000e+000
5.278951e+001 -1.094873e+002 0.000000e+000
5.281143e+001 -1.094514e+002 0.000000e+000
5.283334e+001 -1.094154e+002 0.000000e+000
5.285525e+001 -1.093795e+002 0.000000e+000
5.287717e+001 -1.093435e+002 0.000000e+000
5.289908e+001 -1.093076e+002 0.000000e+000
5.292099e+001 -1.092716e+002 0.000000e+000
5.294291e+001 -1.092356e+002 0.000000e+000
5.296482e+001 -1.091997e+002 0.000000e+000
5.298673e+001 -1.091637e+002 0.000000e+000
5.300865e+001 -1.091278e+002 0.000000e+000
5.303056e+001 -1.090918e+002 0.000000e+000
5.305247e+001 -1.090559e+002 0.000000e+000
5.307439e+001 -1.090199e+002 0.000000e+000
5.309630e+001 -1.089839e+002 0.000000e+000
5.311821e+001 -1.089480e+002 0.000000e+000
5.314013e+001 -1.089120e+002 0.000000e+000
5.316204e+001 -1.088761e+002 0.000000e+000
5.318395e+001 -1.088401e+002 0.000000e+000
5.320587e+001 -1.088042e+002 0.000000e+000
5.322778e+001 -1.087682e+002 0.000000e+000
5.324969e+001 -1.087322e+002 0.000000e+000
5.327161e+001 -1.086963e+002 0.000000e+000
5.329352e+001 -1.086603e+002 0.000000e+000
5.331543e+001 -1.086244e+002 0.000000e+000
5.333735e+001 -1.085884e+002 0.000000e+000
5.335926e+001 -1.085525e+002 0.000000e+000
5.338117e+001 -1.085165e+002 0.000000e+000
5.340309e+001 -1.084806e+002 0.000000e+000
5.342500e+001 -1.084446e+002 0.000000e+000
5.344692e+001 -1.084086e+002 0.000000e+000
5.346883e+001 -1.083727e+002 0.000000e+000
5.349074e+001 -1.083367e+002 0.000000e+000
5.351266e+001 -1.083008e+002 0.000000e+000
5.353457e+001 -1.082648e+002 0.000000e+000
5.355648e+001 -1.082289e+002 0.000000e+000
5.357840e+001 -1.081929e+002 0.000000e+000
5.360031e+001 -1.081569e+002 0.000000e+000
5.362222e+001 -1.081210e+002 0.000000e+000
5.364414e+001 -1.080850e+002 0.000000e+000
5.366605e+001 -1.080491e+002 0.000000e+000
5.368796e+001 -1.080131e+002 0.000000e+000
5.370988e+001 -1.079772e+002 0.000000e+000
5.373179e+001 -1.079412e+002 0.000000e+000
5.375370e+001 -1.079052e+002 0.000000e+000
5.377562e+001 -1.078693e+002 0.000000e+000
5.379753e+001 -1.078333e+002 0.000000e+000
5.381944e+001 -1.077974e+002 0.000000e+000
5.384136e+001 -1.077614e+002 0.000000e+000
5.386327e+001 -1.077255e+002 0.000000e+000
5.388518e+001 -1.076895e+002 0.000000e+000
5.390710e+001 -1.076535e+002 0.000000e+000
5.392901e+001 -1.076176e+002 0.000000e+000
5.395092e+001 -1.075816e+002 0.000000e+000
5.397284e+001 -1.075457e+002 0.000000e+000
5.399475e+001 -1.075097e+002 0.000000e+000
5.401666e+001 -1.074738e+002 0.000000e+000
5.403858e+001 -1.074378e+002 0.000000e+000
5.406049e+001 -1.074018e+002 0.000000e+000
5.408240e+001 -1.073659e+002 0.000000e+000
5.410432e+001 -1.073299e+002 0.000000e+000
5.412623e+001 -1.072940e+002 0.000000e+000
5.414814e+001 -1.072580e+002 0.000000e+000
5.417006e+001 -1.072221e+002 0.000000e+000
5.419197e+001 -1.071861e+002 0.000000e+000
5.421388e+001 -1.071502e+002 0.000000e+000
5.423580e+001 -1.071142e+002 0.000000e+000
5.425771e+001 -1.070782e+002 0.000000e+000
5.427963e+001 -1.070423e+002 0.000000e+000
5.430154e+001 -1.070063e+002 0.000000e+000
5.432345e+001 -1.069704e+002 0.000000e+000
5.434537e+001 -1.069344e+002 0.000000e+000
5.436728e+001 -1.068985e+002 0.000000e+000
5.438919e+001 -1.068625e+002 0.000000e+000
5.441111e+001 -1.068265e+002 0.000000e+000
5.443302e+001 -1.067906e+002 0.000000e+000
5.445493e+001 -1.067546e+002 0.000000e+000
5.447685e+001 -1.067187e+002 0.000000e+000
5.449876e+001 -1.066827e+002 0.000000e+000
5.452067e+001 -1.066468e+002 0.000000e+000
5.454259e+001 -1.066108e+002 0.000000e+000
5.456450e+001 -1.065748e+002 0.000000e+000
5.458641e+001 -1.065389e+002 0.000000e+000
5.460833e+001 -1.065029e+002 0.000000e+000
5.463024e+001 -1.064670e+002 0.000000e+000
5.465215e+001 -1.064310e+002 0.000000e+000
5.467407e+001 -1.063951e+002 0.000000e+000
5.469598e+001 -1.063591e+002 0.000000e+000
5.471789e+001 -1.063231e+002 0.000000e+000
5.473981e+001 -1.062872e+002 0.000000e+000
5.476172e+001 -1.062512e+002 0.000000e+000
5.478363e+001 -1.062153e+002 0.000000e+000
5.480555e+001 -1.061793e+002 0.000000e+000
5.482746e+001 -1.061434e+002 0.000000e+000
5.484937e+001 -1.061074e+002 0.000000e+000
5.487129e+001 -1.060714e+002 0.000000e+000
5.489320e+001 -1.060355e+002 0.000000e+000
5.491511e+001 -1.059995e+002 0.000000e+000
5.493703e+001 -1.059636e+002 0.000000e+000
5.495894e+001 -1.059276e+002 0.000000e+000
5.498125e+001 -1.058844e+002 0.000000e+000
5.500356e+001 -1.058411e+002 0.000000e+000
5.502586e+001 -1.057979e+002 0.000000e+000
5.504817e+001 -1.057546e+002 0.000000e+000
5.507048e+001 -1.057113e+002 0.000000e+000
5.509278e+001 -1.056681e+002 0.000000e+000
5.511509e+001 -1.056248e+002 0.000000e+000
5.513740e+001 -1.055816e+002 0.000000e+000
5.515970e+001 -1.055383e+002 0.000000e+000
5.518201e+001 -1.054951e+002 0.000000e+000
5.520432e+001 -1.054518e+002 0.000000e+000
5.522663e+001 -1.054086e+002 0.000000e+000
5.524893e+001 -1.053653e+002 0.000000e+000
5.527124e+001 -1.053220e+002 0.000000e+000
5.529355e+001 -1.052788e+002 0.000000e+000
5.531585e+001 -1.052355e+002 0.000000e+000
5.533816e+001 -1.051923e+002 0.000000e+000
5.536047e+001 -1.051490e+002 0.000000e+000
5.538278e+001 -1.051058e+002 0.000000e+000
5.540508e+001 -1.050625e+002 0.000000e+000
5.542739e+001 -1.050193e+002 0.000000e+000
5.544970e+001 -1.049760e+002 0.000000e+000
5.547200e+001 -1.049327e+002 0.000000e+000
5.549431e+001 -1.048895e+002 0.000000e+000
5.551662e+001 -1.048462e+002 0.000000e+000
5.553892e+001 -1.048030e+002 0.000000e+000
5.556123e+001 -1.047597e+002 0.000000e+000
5.558354e+001 -1.047165e+002 0.000000e+000
5.560585e+001 -1.046732e+002 0.000000e+000
5.562815e+001 -1.046300e+002 0.000000e+000
5.565046e+001 -1.045867e+002 0.000000e+000
5.567277e+001 -1.045434e+002 0.000000e+000
5.569507e+001 -1.045002e+002 0.000000e+000
5.571738e+001 -1.044569e+002 0.000000e+000
5.573969e+001 -1.044137e+002 0.000000e+000
5.576200e+001 -1.043704e+002 0.000000e+000
5.578430e+001 -1.043272e+002 0.000000e+000
5.580661e+001 -1.042839e+002 0.000000e+000
5.582892e+001 -1.042407e+002 0.000000e+000
5.585122e+001 -1.041974e+002 0.000000e+000
5.587353e+001 -1.041541e+002 0.000000e+000
5.589584e+001 -1.041109e+002 0.000000e+000
5.591814e+001 -1.040676e+002 0.000000e+000
5.594045e+001 -1.040244e+002 0.000000e+000
5.596276e+001 -1.039811e+002 0.000000e+000
5.598507e+001 -1.039379e+002 0.000000e+000
5.600737e+001 -1.038946e+002 0.000000e+000
5.602968e+001 -1.038514e+002 0.000000e+000
5.605199e+001 -1.038081e+002 0.000000e+000
5.607429e+001 -1.037648e+002 0.000000e+000
5.609660e+001 -1.037216e+002 0.000000e+000
5.611891e+001 -1.036783e+002 0.000000e+000
5.614122e+001 -1.036351e+002 0.000000e+000
5.616352e+001 -1.035918e+002 0.000000e+000
5.618583e+001 -1.035486e+002 0.000000e+000
5.620814e+001 -1.035053e+002 0.000000e+000
5.623044e+001 -1.034621e+002 0.000000e+000
5.625275e+001 -1.034188e+002 0.000000e+000
5.627506e+001 -1.033755e+002 0.000000e+000
5.629736e+001 -1.033323e+002 0.000000e+000
5.631967e+001 -1.032890e+002 0.000000e+000
5.634198e+001 -1.032458e+002 0.000000e+000
5.636429e+001 -1.032025e+002 0.000000e+000
5.638659e+001 -1.031593e+002 0.000000e+000
5.640890e+001 -1.031160e+002 0.000000e+000
5.643121e+001 -1.030728e+002 0.000000e+000
5.645351e+001 -1.030295e+002 0.000000e+000
5.647582e+001 -1.029862e+002 0.000000e+000
5.649813e+001 -1.029430e+002 0.000000e+000
5.652044e+001 -1.028997e+002 0.000000e+000
5.654274e+001 -1.028565e+002 0.000000e+000
5.656505e+001 -1.028132e+002 0.000000e+000
5.658736e+001 -1.027700e+002 0.000000e+000
5.660966e+001 -1.027267e+002 0.000000e+000
5.663197e+001 -1.026835e+002 0.000000e+000
5.665428e+001 -1.026402e+002 0.000000e+000
5.667658e+001 -1.025969e+002 0.000000e+000
5.669889e+001 -1.025537e+002 0.000000e+000
5.672120e+001 -1.025104e+002 0.000000e+000
5.674351e+001 -1.024672e+002 0.000000e+000
5.676581e+001 -1.024239e+002 0.000000e+000
5.678812e+001 -1.023807e+002 0.000000e+000
5.681043e+001 -1.023374e+002 0.000000e+000
5.683273e+001 -1.022942e+002 0.000000e+000
5.685504e+001 -1.022509e+002 0.000000e+000
5.687735e+001 -1.022076e+002 0.000000e+000
5.689966e+001 -1.021644e+002 0.000000e+000
5.692196e+001 -1.021211e+002 0.000000e+000
5.694427e+001 -1.020779e+002 0.000000e+000
5.696658e+001 -1.020346e+002 0.000000e+000
5.698888e+001 -1.019914e+002 0.000000e+000
5.701119e+001 -1.019481e+002 0.000000e+000
5.703350e+001 -1.019049e+002 0.000000e+000
5.705580e+001 -1.018616e+002 0.000000e+000
5.707811e+001 -1.018183e+002 0.000000e+000
5.710042e+001 -1.017751e+002 0.000000e+000
5.712273e+001 -1.017318e+002 0.000000e+000
5.714503e+001 -1.016886e+002 0.000000e+000
5.716734e+001 -1.016453e+002 0.000000e+000
5.718632e+001 -1.016004e+002 0.000000e+000
5.720530e+001 -1.015555e+002 0.000000e+000
5.722428e+001 -1.015106e+002 0.000000e+000
5.724325e+001 -1.014656e+002 0.000000e+000
5.726223e+001 -1.014207e+002 0.000000e+000
5.728121e+001 -1.013758e+002 0.000000e+000
5.730019e+001 -1.013308e+002 0.000000e+000
5.731917e+001 -1.012859e+002 0.000000e+000
5.733815e+001 -1.012410e+002 0.000000e+000
5.735713e+001 -1.011961e+002 0.000000e+000
5.737611e+001 -1.011511e+002 0.000000e+000
5.739508e+001 -1.011062e+002 0.000000e+000
5.741406e+001 -1.010613e+002 0.000000e+000
5.743304e+001 -1.010164e+002 0.000000e+000
5.745202e+001 -1.009714e+002 0.000000e+000
5.747100e+001 -1.009265e+002 0.000000e+000
5.748998e+001 -1.008816e+002 0.000000e+000
5.750896e+001 -1.008367e+002 0.000000e+000
5.752793e+001 -1.007917e+002 0.000000e+000
5.754691e+001 -1.007468e+002 0.000000e+000
5.756589e+001 -1.007019e+002 0.000000e+000
5.758487e+001 -1.006570e+002 0.000000e+000
5.760385e+001 -1.006120e+002 0.000000e+000
5.762283e+001 -1.005671e+002 0.000000e+000
5.764181e+001 -1.005222e+002 0.000000e+000
5.766079e+001 -1.004773e+002 0.000000e+000
5.767976e+001 -1.004323e+002 0.000000e+000
5.769874e+001 -1.003874e+002 0.000000e+000
5.771772e+001 -1.003425e+002 0.000000e+000
5.773670e+001 -1.002976e+002 0.000000e+000
5.775568e+001 -1.002526e+002 0.000000e+000
5.777466e+001 -1.002077e+002 0.000000e+000
5.779364e+001 -1.001628e+002 0.000000e+000
5.781261e+001 -1.001179e+002 0.000000e+000
5.783159e+001 -1.000729e+002 0.000000e+000
5.785057e+001 -1.000280e+002 0.000000e+000
5.786955e+001 -9.998309e+001 0.000000e+000
5.788853e+001 -9.993816e+001 0.000000e+000
5.790751e+001 -9.989324e+001 0.000000e+000
5.792649e+001 -9.984831e+001 0.000000e+000
5.794547e+001 -9.980339e+001 0.000000e+000
5.796444e+001 -9.975846e+001 0.000000e+000
5.798342e+001 -9.971354e+001 0.000000e+000
5.800240e+001 -9.966861e+001 0.000000e+000
5.802138e+001 -9.962369e+001 0.000000e+000
5.804036e+001 -9.957876e+001 0.000000e+000
5.805934e+001 -9.953384e+001 0.000000e+000
5.807832e+001 -9.948891e+001 0.000000e+000
5.809729e+001 -9.944399e+001 0.000000e+000
5.811627e+001 -9.939906e+001 0.000000e+000
5.813525e+001 -9.935413e+001 0.000000e+000
5.815423e+001 -9.930921e+001 0.000000e+000
5.817321e+001 -9.926428e+001 0.000000e+000
5.819219e+001 -9.921936e+001 0.000000e+000
5.821117e+001 -9.917443e+001 0.000000e+000
5.823014e+001 -9.912951e+001 0.000000e+000
5.824912e+001 -9.908458e+001 0.000000e+000
5.826810e+001 -9.903966e+001 0.000000e+000
5.828708e+001 -9.899473e+001 0.000000e+000
5.830606e+001 -9.894981e+001 0.000000e+000
5.832504e+001 -9.890488e+001 0.000000e+000
5.834402e+001 -9.885996e+001 0.000000e+000
5.836300e+001 -9.881503e+001 0.000000e+000
5.838197e+001 -9.877011e+001 0.000000e+000
5.840095e+001 -9.872518e+001 0.000000e+000
5.841993e+001 -9.868025e+001 0.000000e+000
5.843891e+001 -9.863533e+001 0.000000e+000
5.845789e+001 -9.859040e+001 0.000000e+000
5.847687e+001 -9.854548e+001 0.000000e+000
5.849585e+001 -9.850055e+001 0.000000e+000
5.851482e+001 -9.845563e+001 0.000000e+000
5.853380e+001 -9.841070e+001 0.000000e+000
5.855278e+001 -9.836578e+001 0.000000e+000
5.857176e+001 -9.832085e+001 0.000000e+000
5.859074e+001 -9.827593e+001 0.000000e+000
5.860972e+001 -9.823100e+001 0.000000e+000
5.862870e+001 -9.818608e+001 0.000000e+000
5.864768e+001 -9.814115e+001 0.000000e+000
5.866665e+001 -9.809623e+001 0.000000e+000
5.868563e+001 -9.805130e+001 0.000000e+000
5.870461e+001 -9.800637e+001 0.000000e+000
5.872359e+001 -9.796145e+001 0.000000e+000
5.874257e+001 -9.791652e+001 0.000000e+000
5.876155e+001 -9.787160e+001 0.000000e+000
5.878053e+001 -9.782667e+001 0.000000e+000
5.879950e+001 -9.778175e+001 0.000000e+000
5.881848e+001 -9.773682e+001 0.000000e+000
5.883746e+001 -9.769190e+001 0.000000e+000
5.885644e+001 -9.764697e+001 0.000000e+000
5.887542e+001 -9.760205e+001 0.000000e+000
5.889440e+001 -9.755712e+001 0.000000e+000
5.891338e+001 -9.751220e+001 0.000000e+000
5.893236e+001 -9.746727e+001 0.000000e+000
5.895133e+001 -9.742235e+001 0.000000e+000
5.897031e+001 -9.737742e+001 0.000000e+000
5.898929e+001 -9.733249e+001 0.000000e+000
5.900827e+001 -9.728757e+001 0.000000e+000
5.902725e+001 -9.724264e+001 0.000000e+000
5.904623e+001 -9.719772e+001 0.000000e+000
5.906172e+001 -9.715147e+001 0.000000e+000
5.907721e+001 -9.710523e+001 0.000000e+000
5.909270e+001 -9.705899e+001 0.000000e+000
5.910819e+001 -9.701274e+001 0.000000e+000
5.912367e+001 -9.696650e+001 0.000000e+000
5.913916e+001 -9.692025e+001 0.000000e+000
5.915465e+001 -9.687401e+001 0.000000e+000
5.917014e+001 -9.682776e+001 0.000000e+000
5.918563e+001 -9.678152e+001 0.000000e+000
5.920112e+001 -9.673527e+001 0.000000e+000
5.921661e+001 -9.668903e+001 0.000000e+000
5.923210e+001 -9.664279e+001 0.000000e+000
5.924759e+001 -9.659654e+001 0.000000e+000
5.926308e+001 -9.655030e+001 0.000000e+000
5.927857e+001 -9.650405e+001 0.000000e+000
5.929406e+001 -9.645781e+001 0.000000e+000
5.930955e+001 -9.641156e+001 0.000000e+000
5.932504e+001 -9.636532e+001 0.000000e+000
5.934053e+001 -9.631907e+001 0.000000e+000
5.935602e+001 -9.627283e+001 0.000000e+000
5.937151e+001 -9.622658e+001 0.000000e+000
5.938700e+001 -9.618034e+001 0.000000e+000
5.940249e+001 -9.613410e+001 0.000000e+000
5.941798e+001 -9.608785e+001 0.000000e+000
5.943347e+001 -9.604161e+001 0.000000e+000
5.944896e+001 -9.599536e+001 0.000000e+000
5.946444e+001 -9.594912e+001 0.000000e+000
5.947993e+001 -9.590287e+001 0.000000e+000
5.949542e+001 -9.585663e+001 0.000000e+000
5.951091e+001 -9.581038e+001 0.000000e+000
5.952640e+001 -9.576414e+001 0.000000e+000
5.954189e+001 -9.571790e+001 0.000000e+000
5.955738e+001 -9.567165e+001 0.000000e+000
5.957287e+001 -9.562541e+001 0.000000e+000
5.958836e+001 -9.557916e+001 0.000000e+000
5.960385e+001 -9.553292e+001 0.000000e+000
5.961934e+001 -9.548667e+001 0.000000e+000
5.963483e+001 -9.544043e+001 0.000000e+000
5.965032e+001 -9.539418e+001 0.000000e+000
5.966581e+001 -9.534794e+001 0.000000e+000
5.968130e+001 -9.530170e+001 0.000000e+000
5.969679e+001 -9.525545e+001 0.000000e+000
5.971228e+001 -9.520921e+001 0.000000e+000
5.972777e+001 -9.516296e+001 0.000000e+000
5.974326e+001 -9.511672e+001 0.000000e+000
5.975875e+001 -9.507047e+001 0.000000e+000
5.977424e+001 -9.502423e+001 0.000000e+000
5.978972e+001 -9.497798e+001 0.000000e+000
5.980521e+001 -9.493174e+001 0.000000e+000
5.982070e+001 -9.488550e+001 0.000000e+000
5.983619e+001 -9.483925e+001 0.000000e+000
5.985168e+001 -9.479301e+001 0.000000e+000
5.986717e+001 -9.474676e+001 0.000000e+000
5.988266e+001 -9.470052e+001 0.000000e+000
5.989815e+001 -9.465427e+001 0.000000e+000
5.991364e+001 -9.460803e+001 0.000000e+000
5.992913e+001 -9.456178e+001 0.000000e+000
5.994462e+001 -9.451554e+001 0.000000e+000
5.996011e+001 -9.446930e+001 0.000000e+000
5.997560e+001 -9.442305e+001 0.000000e+000
5.999109e+001 -9.437681e+001 0.000000e+000
6.000658e+001 -9.433056e+001 0.000000e+000
6.002207e+001 -9.428432e+001 0.000000e+000
6.003756e+001 -9.423807e+001 0.000000e+000
6.005305e+001 -9.419183e+001 0.000000e+000
6.006854e+001 -9.414558e+001 0.000000e+000
6.008403e+001 -9.409934e+001 0.000000e+000
6.009952e+001 -9.405310e+001 0.000000e+000
6.011501e+001 -9.400685e+001 0.000000e+000
6.013049e+001 -9.396061e+001 0.000000e+000
6.014598e+001 -9.391436e+001 0.000000e+000
6.016147e+001 -9.386812e+001 0.000000e+000
6.017696e+001 -9.382187e+001 0.000000e+000
6.019245e+001 -9.377563e+001 0.000000e+000
6.020794e+001 -9.372938e+001 0.000000e+000
6.022343e+001 -9.368314e+001 0.000000e+000
6.023892e+001 -9.363690e+001 0.000000e+000
6.025441e+001 -9.359065e+001 0.000000e+000
6.026990e+001 -9.354441e+001 0.000000e+000
6.028539e+001 -9.349816e+001 0.000000e+000
6.030088e+001 -9.345192e+001 0.000000e+000
6.031637e+001 -9.340567e+001 0.000000e+000
6.033186e+001 -9.335943e+001 0.000000e+000
6.034735e+001 -9.331318e+001 0.000000e+000
6.036284e+001 -9.326694e+001 0.000000e+000
6.037833e+001 -9.322070e+001 0.000000e+000
6.039382e+001 -9.317445e+001 0.000000e+000
6.040931e+001 -9.312821e+001 0.000000e+000
6.042480e+001 -9.308196e+001 0.000000e+000
6.044029e+001 -9.303572e+001 0.000000e+000
6.045578e+001 -9.298947e+001 0.000000e+000
6.047126e+001 -9.294323e+001 0.000000e+000
6.048675e+001 -9.289698e+001 0.000000e+000
6.050224e+001 -9.285074e+001 0.000000e+000
6.051773e+001 -9.280450e+001 0.000000e+000
6.053322e+001 -9.275825e+001 0.000000e+000
6.054871e+001 -9.271201e+001 0.000000e+000
6.056420e+001 -9.266576e+001 0.000000e+000
6.057969e+001 -9.261952e+001 0.000000e+000
6.059160e+001 -9.257222e+001 0.000000e+000
6.060351e+001 -9.252493e+001 0.000000e+000
6.061542e+001 -9.247764e+001 0.000000e+000
6.062733e+001 -9.243035e+001 0.000000e+000
6.063924e+001 -9.238305e+001 0.000000e+000
6.065115e+001 -9.233576e+001 0.000000e+000
6.066306e+001 -9.228847e+001 0.000000e+000
6.067497e+001 -9.224117e+001 0.000000e+000
6.068688e+001 -9.219388e+001 0.000000e+000
6.069879e+001 -9.214659e+001 0.000000e+000
6.071070e+001 -9.209929e+001 0.000000e+000
6.072261e+001 -9.205200e+001 0.000000e+000
6.073452e+001 -9.200471e+001 0.000000e+000
6.074643e+001 -9.195741e+001 0.000000e+000
6.075834e+001 -9.191012e+001 0.000000e+000
6.077025e+001 -9.186283e+001 0.000000e+000
6.078216e+001 -9.181554e+001 0.000000e+000
6.079407e+001 -9.176824e+001 0.000000e+000
6.080598e+001 -9.172095e+001 0.000000e+000
6.081789e+001 -9.167366e+001 0.000000e+000
6.082980e+001 -9.162636e+001 0.000000e+000
6.084171e+001 -9.157907e+001 0.000000e+000
6.085362e+001 -9.153178e+001 0.000000e+000
6.086553e+001 -9.148448e+001 0.000000e+000
6.087744e+001 -9.143719e+001 0.000000e+000
6.088935e+001 -9.138990e+001 0.000000e+000
6.090126e+001 -9.134260e+001 0.000000e+000
6.091317e+001 -9.129531e+001 0.000000e+000
6.092508e+001 -9.124802e+001 0.000000e+000
6.093699e+001 -9.120073e+001 0.000000e+000
6.094890e+001 -9.115343e+001 0.000000e+000
6.096081e+001 -9.110614e+001 0.000000e+000
6.097272e+001 -9.105885e+001 0.000000e+000
6.098462e+001 -9.101155e+001 0.000000e+000
6.099653e+001 -9.096426e+001 0.000000e+000
6.100844e+001 -9.091697e+001 0.000000e+000
6.102035e+001 -9.086967e+001 0.000000e+000
6.103226e+001 -9.082238e+001 0.000000e+000
6.104417e+001 -9.077509e+001 0.000000e+000
6.105608e+001 -9.072780e+001 0.000000e+000
6.106799e+001 -9.068050e+001 0.000000e+000
6.107990e+001 -9.063321e+001 0.000000e+000
6.109181e+001 -9.058592e+001 0.000000e+000
6.110372e+001 -9.053862e+001 0.000000e+000
6.111563e+001 -9.049133e+001 0.000000e+000
6.112754e+001 -9.044404e+001 0.000000e+000
6.113945e+001 -9.039674e+001 0.000000e+000
6.115136e+001 -9.034945e+001 0.000000e+000
6.116327e+001 -9.030216e+001 0.000000e+000
6.117518e+001 -9.025486e+001 0.000000e+000
6.118709e+001 -9.020757e+001 0.000000e+000
6.119900e+001 -9.016028e+001 0.000000e+000
6.121091e+001 -9.011299e+001 0.000000e+000
6.122282e+001 -9.006569e+001 0.000000e+000
6.123473e+001 -9.001840e+001 0.000000e+000
6.124664e+001 -8.997111e+001 0.000000e+000
6.125855e+001 -8.992381e+001 0.000000e+000
6.127046e+001 -8.987652e+001 0.000000e+000
6.128237e+001 -8.982923e+001 0.000000e+000
6.129428e+001 -8.978193e+001 0.000000e+000
6.130619e+001 -8.973464e+001 0.000000e+000
6.131810e+001 -8.968735e+001 0.000000e+000
6.133001e+001 -8.964006e+001 0.000000e+000
6.134192e+001 -8.959276e+001 0.000000e+000
6.135383e+001 -8.954547e+001 0.000000e+000
6.136574e+001 -8.949818e+001 0.000000e+000
6.137765e+001 -8.945088e+001 0.000000e+000
6.138956e+001 -8.940359e+001 0.000000e+000
6.140147e+001 -8.935630e+001 0.000000e+000
6.141338e+001 -8.930900e+001 0.000000e+000
6.142529e+001 -8.926171e+001 0.000000e+000
6.143720e+001 -8.921442e+001 0.000000e+000
6.144911e+001 -8.916712e+001 0.000000e+000
6.146102e+001 -8.911983e+001 0.000000e+000
6.147293e+001 -8.907254e+001 0.000000e+000
6.148484e+001 -8.902525e+001 0.000000e+000
6.149675e+001 -8.897795e+001 0.000000e+000
6.150866e+001 -8.893066e+001 0.000000e+000
6.152057e+001 -8.888337e+001 0.000000e+000
6.153248e+001 -8.883607e+001 0.000000e+000
6.154439e+001 -8.878878e+001 0.000000e+000
6.155630e+001 -8.874149e+001 0.000000e+000
6.156821e+001 -8.869419e+001 0.000000e+000
6.158012e+001 -8.864690e+001 0.000000e+000
6.159202e+001 -8.859961e+001 0.000000e+000
6.160393e+001 -8.855232e+001 0.000000e+000
6.161584e+001 -8.850502e+001 0.000000e+000
6.162775e+001 -8.845773e+001 0.000000e+000
6.163966e+001 -8.841044e+001 0.000000e+000
6.165157e+001 -8.836314e+001 0.000000e+000
6.166348e+001 -8.831585e+001 0.000000e+000
6.167539e+001 -8.826856e+001 0.000000e+000
6.168730e+001 -8.822126e+001 0.000000e+000
6.169921e+001 -8.817397e+001 0.000000e+000
6.171112e+001 -8.812668e+001 0.000000e+000
6.172303e+001 -8.807938e+001 0.000000e+000
6.173494e+001 -8.803209e+001 0.000000e+000
6.174685e+001 -8.798480e+001 0.000000e+000
6.175876e+001 -8.793751e+001 0.000000e+000
6.191271e+001 -8.706649e+001 0.000000e+000
6.206667e+001 -8.619548e+001 0.000000e+000
6.222062e+001 -8.532446e+001 0.000000e+000
6.237457e+001 -8.445344e+001 0.000000e+000
6.252852e+001 -8.358243e+001 0.000000e+000
6.268247e+001 -8.271141e+001 0.000000e+000
6.283643e+001 -8.184040e+001 0.000000e+000
6.299038e+001 -8.096938e+001 0.000000e+000
6.314433e+001 -8.009837e+001 0.000000e+000
6.329828e+001 -7.922735e+001 0.000000e+000
6.345223e+001 -7.835634e+001 0.000000e+000
6.360618e+001 -7.748532e+001 0.000000e+000
6.376014e+001 -7.661431e+001 0.000000e+000
6.391409e+001 -7.574329e+001 0.000000e+000
6.406804e+001 -7.487228e+001 0.000000e+000
6.422199e+001 -7.400126e+001 0.000000e+000
6.437594e+001 -7.313025e+001 0.000000e+000
6.452990e+001 -7.225923e+001 0.000000e+000
6.468385e+001 -7.138822e+001 0.000000e+000
6.483780e+001 -7.051720e+001 0.000000e+000
6.499175e+001 -6.964619e+001 0.000000e+000
6.514570e+001 -6.877517e+001 0.000000e+000
6.529966e+001 -6.790416e+001 0.000000e+000
6.545361e+001 -6.703314e+001 0.000000e+000
6.560756e+001 -6.616213e+001 0.000000e+000
6.576151e+001 -6.529111e+001 0.000000e+000
6.591546e+001 -6.442010e+001 0.000000e+000
6.606942e+001 -6.354908e+001 0.000000e+000
6.622337e+001 -6.267806e+001 0.000000e+000
6.637732e+001 -6.180705e+001 0.000000e+000
6.653127e+001 -6.093603e+001 0.000000e+000
6.668522e+001 -6.006502e+001 0.000000e+000
6.683917e+001 -5.919400e+001 0.000000e+000
6.699313e+001 -5.832299e+001 0.000000e+000
6.714708e+001 -5.745197e+001 0.000000e+000
6.730103e+001 -5.658096e+001 0.000000e+000
6.745498e+001 -5.570994e+001 0.000000e+000
6.760893e+001 -5.483893e+001 0.000000e+000
6.776289e+001 -5.396791e+001 0.000000e+000
6.791684e+001 -5.309690e+001 0.000000e+000
6.807079e+001 -5.222588e+001 0.000000e+000
6.822474e+001 -5.135487e+001 0.000000e+000
6.837869e+001 -5.048385e+001 0.000000e+000
6.853265e+001 -4.961284e+001 0.000000e+000
6.868660e+001 -4.874182e+001 0.000000e+000
6.884055e+001 -4.787081e+001 0.000000e+000
6.899450e+001 -4.699979e+001 0.000000e+000
6.914845e+001 -4.612878e+001 0.000000e+000
6.930241e+001 -4.525776e+001 0.000000e+000
6.945636e+001 -4.438675e+001 0.000000e+000
6.961031e+001 -4.351573e+001 0.000000e+000
6.976426e+001 -4.264471e+001 0.000000e+000
6.991821e+001 -4.177370e+001 0.000000e+000
7.007216e+001 -4.090268e+001 0.000000e+000
7.022612e+001 -4.003167e+001 0.000000e+000
7.038007e+001 -3.916065e+001 0.000000e+000
7.053402e+001 -3.828964e+001 0.000000e+000
7.068797e+001 -3.741862e+001 0.000000e+000
7.084192e+001 -3.654761e+001 0.000000e+000
7.099588e+001 -3.567659e+001 0.000000e+000
7.114983e+001 -3.480558e+001 0.000000e+000
7.130378e+001 -3.393456e+001 0.000000e+000
7.145773e+001 -3.306355e+001 0.000000e+000
7.161168e+001 -3.219253e+001 0.000000e+000
7.176564e+001 -3.132152e+001 0.000000e+000
7.191959e+001 -3.045050e+001 0.000000e+000
7.207354e+001 -2.957949e+001 0.000000e+000
7.222749e+001 -2.870847e+001 0.000000e+000
7.238144e+001 -2.783746e+001 0.000000e+000
7.253539e+001 -2.696644e+001 0.000000e+000
7.268935e+001 -2.609543e+001 0.000000e+000
7.284330e+001 -2.522441e+001 0.000000e+000
7.299725e+001 -2.435340e+001 0.000000e+000
7.315120e+001 -2.348238e+001 0.000000e+000
7.330515e+001 -2.261137e+001 0.000000e+000
7.345911e+001 -2.174035e+001 0.000000e+000
7.361306e+001 -2.086933e+001 0.000000e+000
7.376701e+001 -1.999832e+001 0.000000e+000
7.392096e+001 -1.912730e+001 0.000000e+000
7.407491e+001 -1.825629e+001 0.000000e+000
7.422887e+001 -1.738527e+001 0.000000e+000
7.438282e+001 -1.651426e+001 0.000000e+000
7.453677e+001 -1.564324e+001 0.000000e+000
7.469072e+001 -1.477223e+001 0.000000e+000
7.484467e+001 -1.390121e+001 0.000000e+000
7.499863e+001 -1.303020e+001 0.000000e+000
7.515258e+001 -1.215918e+001 0.000000e+000
7.530653e+001 -1.128817e+001 0.000000e+000
7.546048e+001 -1.041715e+001 0.000000e+000
7.561443e+001 -9.546137e+000 0.000000e+000
7.576838e+001 -8.675122e+000 0.000000e+000
7.592234e+001 -7.804106e+000 0.000000e+000
7.607629e+001 -6.933091e+000 0.000000e+000
7.623024e+001 -6.062076e+000 0.000000e+000
7.638419e+001 -5.191061e+000 0.000000e+000
7.653814e+001 -4.320046e+000 0.000000e+000
7.669210e+001 -3.449030e+000 0.000000e+000
7.684605e+001 -2.578015e+000 0.000000e+000
7.700000e+001 -1.707000e+000 0.000000e+000
