0.000000e+000 -9.300000e+001 0.000000e+000
3.300148e-002 -9.299898e+001 0.000000e+000
6.600296e-002 -9.299796e+001 0.000000e+000
9.900445e-002 -9.299694e+001 0.000000e+000
1.320059e-001 -9.299592e+001 0.000000e+000
1.650074e-001 -9.299490e+001 0.000000e+000
1.980089e-001 -9.299388e+001 0.000000e+000
2.310104e-001 -9.299286e+001 0.000000e+000
2.640119e-001 -9.299184e+001 0.000000e+000
2.970133e-001 -9.299082e+001 0.000000e+000
3.300148e-001 -9.298980e+001 0.000000e+000
3.630163e-001 -9.298878e+001 0.000000e+000
3.960178e-001 -9.298776e+001 0.000000e+000
4.290193e-001 -9.298674e+001 0.000000e+000
4.620208e-001 -9.298571e+001 0.000000e+000
4.950222e-001 -9.298469e+001 0.000000e+000
5.280237e-001 -9.298367e+001 0.000000e+000
5.610252e-001 -9.298265e+001 0.000000e+000
5.940267e-001 -9.298163e+001 0.000000e+000
6.270282e-001 -9.298061e+001 0.000000e+000
6.600296e-001 -9.297959e+001 0.000000e+000
6.930311e-001 -9.297857e+001 0.000000e+000
7.260326e-001 -9.297755e+001 0.000000e+000
7.590341e-001 -9.297653e+001 0.000000e+000
7.920356e-001 -9.297551e+001 0.000000e+000
8.250371e-001 -9.297449e+001 0.000000e+000
8.580385e-001 -9.297347e+001 0.000000e+000
8.910400e-001 -9.297245e+001 0.000000e+000
9.240415e-001 -9.297143e+001 0.000000e+000
9.570430e-001 -9.297041e+001 0.000000e+000
9.900445e-001 -9.296939e+001 0.000000e+000
1.023046e+000 -9.296837e+001 0.000000e+000
1.056047e+000 -9.296735e+001 0.000000e+000
1.089049e+000 -9.296633e+001 0.000000e+000
1.122050e+000 -9.296531e+001 0.000000e+000
1.155052e+000 -9.296429e+001 0.000000e+000
1.188053e+000 -9.296327e+001 0.000000e+000
1.221055e+000 -9.296225e+001 0.000000e+000
1.254056e+000 -9.296123e+001 0.000000e+000
1.287058e+000 -9.296021e+001 0.000000e+000
1.320059e+000 -9.295919e+001 0.000000e+000
1.353061e+000 -9.295816e+001 0.000000e+000
1.386062e+000 -9.295714e+001 0.000000e+000
1.419064e+000 -9.295612e+001 0.000000e+000
1.452065e+000 -9.295510e+001 0.000000e+000
1.485067e+000 -9.295408e+001 0.000000e+000
1.518068e+000 -9.295306e+001 0.000000e+000
1.551070e+000 -9.295204e+001 0.000000e+000
1.584071e+000 -9.295102e+001 0.000000e+000
1.617073e+000 -9.295000e+001 0.000000e+000
1.650074e+000 -9.294898e+001 0.000000e+000
1.683076e+000 -9.294796e+001 0.000000e+000
1.716077e+000 -9.294694e+001 0.000000e+000
1.749079e+000 -9.294592e+001 0.000000e+000
1.782080e+000 -9.294490e+001 0.000000e+000
1.815082e+000 -9.294388e+001 0.000000e+000
1.848083e+000 -9.294286e+001 0.000000e+000
1.881084e+000 -9.294184e+001 0.000000e+000
1.914086e+000 -9.294082e+001 0.000000e+000
1.947087e+000 -9.293980e+001 0.000000e+000
1.980089e+000 -9.293878e+001 0.000000e+000
2.013090e+000 -9.293776e+001 0.000000e+000
2.046092e+000 -9.293674e+001 0.000000e+000
2.079093e+000 -9.293572e+001 0.000000e+000
2.112095e+000 -9.293470e+001 0.000000e+000
2.145096e+000 -9.293368e+001 0.000000e+000
2.178098e+000 -9.293266e+001 0.000000e+000
2.211099e+000 -9.293164e+001 0.000000e+000
2.244101e+000 -9.293062e+001 0.000000e+000
2.277102e+000 -9.292959e+001 0.000000e+000
2.310104e+000 -9.292857e+001 0.000000e+000
2.343105e+000 -9.292755e+001 0.000000e+000
2.376107e+000 -9.292653e+001 0.000000e+000
2.409108e+000 -9.292551e+001 0.000000e+000
2.442110e+000 -9.292449e+001 0.000000e+000
2.475111e+000 -9.292347e+001 0.000000e+000
2.508113e+000 -9.292245e+001 0.000000e+000
2.541114e+000 -9.292143e+001 0.000000e+000
2.574116e+000 -9.292041e+001 0.000000e+000
2.607117e+000 -9.291939e+001 0.000000e+000
2.640119e+000 -9.291837e+001 0.000000e+000
2.673120e+000 -9.291735e+001 0.000000e+000
2.706122e+000 -9.291633e+001 0.000000e+000
2.739123e+000 -9.291531e+001 0.000000e+000
2.772125e+000 -9.291429e+001 0.000000e+000
2.805126e+000 -9.291327e+001 0.000000e+000
2.838127e+000 -9.291225e+001 0.000000e+000
2.871129e+000 -9.291123e+001 0.000000e+000
2.904130e+000 -9.291021e+001 0.000000e+000
2.937132e+000 -9.290919e+001 0.000000e+000
2.970133e+000 -9.290817e+001 0.000000e+000
3.003135e+000 -9.290715e+001 0.000000e+000
3.036136e+000 -9.290613e+001 0.000000e+000
3.069138e+000 -9.290511e+001 0.000000e+000
3.102139e+000 -9.290409e+001 0.000000e+000
3.135141e+000 -9.290307e+001 0.000000e+000
3.168142e+000 -9.290204e+001 0.000000e+000
3.201144e+000 -9.290102e+001 0.000000e+000
3.234145e+000 -9.290000e+001 0.000000e+000
3.267147e+000 -9.289898e+001 0.000000e+000
3.300022e+000 -9.289593e+001 0.000000e+000
3.332898e+000 -9.289287e+001 0.000000e+000
3.365773e+000 -9.288981e+001 0.000000e+000
3.398649e+000 -9.288676e+001 0.000000e+000
3.431524e+000 -9.288370e+001 0.000000e+000
3.464400e+000 -9.288065e+001 0.000000e+000
3.497275e+000 -9.287759e+001 0.000000e+000
3.530151e+000 -9.287453e+001 0.000000e+000
3.563026e+000 -9.287148e+001 0.000000e+000
3.595902e+000 -9.286842e+001 0.000000e+000
3.628777e+000 -9.286536e+001 0.000000e+000
3.661653e+000 -9.286231e+001 0.000000e+000
3.694528e+000 -9.285925e+001 0.000000e+000
3.727404e+000 -9.285620e+001 0.000000e+000
3.760279e+000 -9.285314e+001 0.000000e+000
3.793155e+000 -9.285008e+001 0.000000e+000
3.826030e+000 -9.284703e+001 0.000000e+000
3.858906e+000 -9.284397e+001 0.000000e+000
3.891781e+000 -9.284091e+001 0.000000e+000
3.924657e+000 -9.283786e+001 0.000000e+000
3.957532e+000 -9.283480e+001 0.000000e+000
3.990408e+000 -9.283175e+001 0.000000e+000
4.023283e+000 -9.282869e+001 0.000000e+000
4.056159e+000 -9.282563e+001 0.000000e+000
4.089034e+000 -9.282258e+001 0.000000e+000
4.121910e+000 -9.281952e+001 0.000000e+000
4.154785e+000 -9.281646e+001 0.000000e+000
4.187661e+000 -9.281341e+001 0.000000e+000
4.220536e+000 -9.281035e+001 0.000000e+000
4.253412e+000 -9.280730e+001 0.000000e+000
4.286287e+000 -9.280424e+001 0.000000e+000
4.319163e+000 -9.280118e+001 0.000000e+000
4.352038e+000 -9.279813e+001 0.000000e+000
4.384914e+000 -9.279507e+001 0.000000e+000
4.417789e+000 -9.279201e+001 0.000000e+000
4.450665e+000 -9.278896e+001 0.000000e+000
4.483540e+000 -9.278590e+001 0.000000e+000
4.516416e+000 -9.278284e+001 0.000000e+000
4.549291e+000 -9.277979e+001 0.000000e+000
4.582167e+000 -9.277673e+001 0.000000e+000
4.615042e+000 -9.277368e+001 0.000000e+000
4.647917e+000 -9.277062e+001 0.000000e+000
4.680793e+000 -9.276756e+001 0.000000e+000
4.713668e+000 -9.276451e+001 0.000000e+000
4.746544e+000 -9.276145e+001 0.000000e+000
4.779419e+000 -9.275839e+001 0.000000e+000
4.812295e+000 -9.275534e+001 0.000000e+000
4.845170e+000 -9.275228e+001 0.000000e+000
4.878046e+000 -9.274923e+001 0.000000e+000
4.910921e+000 -9.274617e+001 0.000000e+000
4.943797e+000 -9.274311e+001 0.000000e+000
4.976672e+000 -9.274006e+001 0.000000e+000
5.009548e+000 -9.273700e+001 0.000000e+000
5.042423e+000 -9.273394e+001 0.000000e+000
5.075299e+000 -9.273089e+001 0.000000e+000
5.108174e+000 -9.272783e+001 0.000000e+000
5.141050e+000 -9.272478e+001 0.000000e+000
5.173925e+000 -9.272172e+001 0.000000e+000
5.206801e+000 -9.271866e+001 0.000000e+000
5.239676e+000 -9.271561e+001 0.000000e+000
5.272552e+000 -9.271255e+001 0.000000e+000
5.305427e+000 -9.270949e+001 0.000000e+000
5.338303e+000 -9.270644e+001 0.000000e+000
5.371178e+000 -9.270338e+001 0.000000e+000
5.404054e+000 -9.270033e+001 0.000000e+000
5.436929e+000 -9.269727e+001 0.000000e+000
5.469805e+000 -9.269421e+001 0.000000e+000
5.502680e+000 -9.269116e+001 0.000000e+000
5.535556e+000 -9.268810e+001 0.000000e+000
5.568431e+000 -9.268504e+001 0.000000e+000
5.601307e+000 -9.268199e+001 0.000000e+000
5.634182e+000 -9.267893e+001 0.000000e+000
5.667058e+000 -9.267588e+001 0.000000e+000
5.699933e+000 -9.267282e+001 0.000000e+000
5.732809e+000 -9.266976e+001 0.000000e+000
5.765684e+000 -9.266671e+001 0.000000e+000
5.798560e+000 -9.266365e+001 0.000000e+000
5.831435e+000 -9.266059e+001 0.000000e+000
5.864311e+000 -9.265754e+001 0.000000e+000
5.897186e+000 -9.265448e+001 0.000000e+000
5.930062e+000 -9.265142e+001 0.000000e+000
5.962937e+000 -9.264837e+001 0.000000e+000
5.995813e+000 -9.264531e+001 0.000000e+000
6.028688e+000 -9.264226e+001 0.000000e+000
6.061564e+000 -9.263920e+001 0.000000e+000
6.094439e+000 -9.263614e+001 0.000000e+000
6.127315e+000 -9.263309e+001 0.000000e+000
6.160190e+000 -9.263003e+001 0.000000e+000
6.193066e+000 -9.262697e+001 0.000000e+000
6.225941e+000 -9.262392e+001 0.000000e+000
6.258817e+000 -9.262086e+001 0.000000e+000
6.291692e+000 -9.261781e+001 0.000000e+000
6.324568e+000 -9.261475e+001 0.000000e+000
6.357443e+000 -9.261169e+001 0.000000e+000
6.390319e+000 -9.260864e+001 0.000000e+000
6.423194e+000 -9.260558e+001 0.000000e+000
6.456070e+000 -9.260252e+001 0.000000e+000
6.488945e+000 -9.259947e+001 0.000000e+000
6.521821e+000 -9.259641e+001 0.000000e+000
6.554445e+000 -9.259133e+001 0.000000e+000
6.587069e+000 -9.258625e+001 0.000000e+000
6.619693e+000 -9.258117e+001 0.000000e+000
6.652317e+000 -9.257609e+001 0.000000e+000
6.684941e+000 -9.257101e+001 0.000000e+000
6.717565e+000 -9.256593e+001 0.000000e+000
6.750189e+000 -9.256085e+001 0.000000e+000
6.782813e+000 -9.255577e+001 0.000000e+000
6.815437e+000 -9.255069e+001 0.000000e+000
6.848061e+000 -9.254561e+001 0.000000e+000
6.880685e+000 -9.254053e+001 0.000000e+000
6.913309e+000 -9.253545e+001 0.000000e+000
6.945933e+000 -9.253036e+001 0.000000e+000
6.978557e+000 -9.252528e+001 0.000000e+000
7.011181e+000 -9.252020e+001 0.000000e+000
7.043805e+000 -9.251512e+001 0.000000e+000
7.076429e+000 -9.251004e+001 0.000000e+000
7.109053e+000 -9.250496e+001 0.000000e+000
7.141677e+000 -9.249988e+001 0.000000e+000
7.174301e+000 -9.249480e+001 0.000000e+000
7.206925e+000 -9.248972e+001 0.000000e+000
7.239549e+000 -9.248464e+001 0.000000e+000
7.272173e+000 -9.247956e+001 0.000000e+000
7.304797e+000 -9.247448e+001 0.000000e+000
7.337421e+000 -9.246940e+001 0.000000e+000
7.370045e+000 -9.246432e+001 0.000000e+000
7.402669e+000 -9.245924e+001 0.000000e+000
7.435293e+000 -9.245416e+001 0.000000e+000
7.467917e+000 -9.244908e+001 0.000000e+000
7.500541e+000 -9.244400e+001 0.000000e+000
7.533166e+000 -9.243892e+001 0.000000e+000
7.565790e+000 -9.243383e+001 0.000000e+000
7.598414e+000 -9.242875e+001 0.000000e+000
7.631038e+000 -9.242367e+001 0.000000e+000
7.663662e+000 -9.241859e+001 0.000000e+000
7.696286e+000 -9.241351e+001 0.000000e+000
7.728910e+000 -9.240843e+001 0.000000e+000
7.761534e+000 -9.240335e+001 0.000000e+000
7.794158e+000 -9.239827e+001 0.000000e+000
7.826782e+000 -9.239319e+001 0.000000e+000
7.859406e+000 -9.238811e+001 0.000000e+000
7.892030e+000 -9.238303e+001 0.000000e+000
7.924654e+000 -9.237795e+001 0.000000e+000
7.957278e+000 -9.237287e+001 0.000000e+000
7.989902e+000 -9.236779e+001 0.000000e+000
8.022526e+000 -9.236271e+001 0.000000e+000
8.055150e+000 -9.235763e+001 0.000000e+000
8.087774e+000 -9.235255e+001 0.000000e+000
8.120398e+000 -9.234747e+001 0.000000e+000
8.153022e+000 -9.234239e+001 0.000000e+000
8.185646e+000 -9.233730e+001 0.000000e+000
8.218270e+000 -9.233222e+001 0.000000e+000
8.250894e+000 -9.232714e+001 0.000000e+000
8.283518e+000 -9.232206e+001 0.000000e+000
8.316142e+000 -9.231698e+001 0.000000e+000
8.348766e+000 -9.231190e+001 0.000000e+000
8.381390e+000 -9.230682e+001 0.000000e+000
8.414014e+000 -9.230174e+001 0.000000e+000
8.446638e+000 -9.229666e+001 0.000000e+000
8.479262e+000 -9.229158e+001 0.000000e+000
8.511886e+000 -9.228650e+001 0.000000e+000
8.544510e+000 -9.228142e+001 0.000000e+000
8.577134e+000 -9.227634e+001 0.000000e+000
8.609758e+000 -9.227126e+001 0.000000e+000
8.642382e+000 -9.226618e+001 0.000000e+000
8.675006e+000 -9.226110e+001 0.000000e+000
8.707631e+000 -9.225602e+001 0.000000e+000
8.740255e+000 -9.225094e+001 0.000000e+000
8.772879e+000 -9.224586e+001 0.000000e+000
8.805503e+000 -9.224077e+001 0.000000e+000
8.838127e+000 -9.223569e+001 0.000000e+000
8.870751e+000 -9.223061e+001 0.000000e+000
8.903375e+000 -9.222553e+001 0.000000e+000
8.935999e+000 -9.222045e+001 0.000000e+000
8.968623e+000 -9.221537e+001 0.000000e+000
9.001247e+000 -9.221029e+001 0.000000e+000
9.033871e+000 -9.220521e+001 0.000000e+000
9.066495e+000 -9.220013e+001 0.000000e+000
9.099119e+000 -9.219505e+001 0.000000e+000
9.131743e+000 -9.218997e+001 0.000000e+000
9.164367e+000 -9.218489e+001 0.000000e+000
9.196991e+000 -9.217981e+001 0.000000e+000
9.229615e+000 -9.217473e+001 0.000000e+000
9.262239e+000 -9.216965e+001 0.000000e+000
9.294863e+000 -9.216457e+001 0.000000e+000
9.327487e+000 -9.215949e+001 0.000000e+000
9.360111e+000 -9.215441e+001 0.000000e+000
9.392735e+000 -9.214933e+001 0.000000e+000
9.425359e+000 -9.214424e+001 0.000000e+000
9.457983e+000 -9.213916e+001 0.000000e+000
9.490607e+000 -9.213408e+001 0.000000e+000
9.523231e+000 -9.212900e+001 0.000000e+000
9.555855e+000 -9.212392e+001 0.000000e+000
9.588479e+000 -9.211884e+001 0.000000e+000
9.621103e+000 -9.211376e+001 0.000000e+000
9.653727e+000 -9.210868e+001 0.000000e+000
9.686351e+000 -9.210360e+001 0.000000e+000
9.718975e+000 -9.209852e+001 0.000000e+000
9.751599e+000 -9.209344e+001 0.000000e+000
9.783847e+000 -9.208635e+001 0.000000e+000
9.816095e+000 -9.207927e+001 0.000000e+000
9.848344e+000 -9.207218e+001 0.000000e+000
9.880592e+000 -9.206510e+001 0.000000e+000
9.912840e+000 -9.205801e+001 0.000000e+000
9.945088e+000 -9.205093e+001 0.000000e+000
9.977336e+000 -9.204384e+001 0.000000e+000
1.000958e+001 -9.203676e+001 0.000000e+000
1.004183e+001 -9.202967e+001 0.000000e+000
1.007408e+001 -9.202259e+001 0.000000e+000
1.010633e+001 -9.201550e+001 0.000000e+000
1.013858e+001 -9.200841e+001 0.000000e+000
1.017082e+001 -9.200133e+001 0.000000e+000
1.020307e+001 -9.199424e+001 0.000000e+000
1.023532e+001 -9.198716e+001 0.000000e+000
1.026757e+001 -9.198007e+001 0.000000e+000
1.029982e+001 -9.197299e+001 0.000000e+000
1.033206e+001 -9.196590e+001 0.000000e+000
1.036431e+001 -9.195882e+001 0.000000e+000
1.039656e+001 -9.195173e+001 0.000000e+000
1.042881e+001 -9.194465e+001 0.000000e+000
1.046106e+001 -9.193756e+001 0.000000e+000
1.049330e+001 -9.193048e+001 0.000000e+000
1.052555e+001 -9.192339e+001 0.000000e+000
1.055780e+001 -9.191630e+001 0.000000e+000
1.059005e+001 -9.190922e+001 0.000000e+000
1.062230e+001 -9.190213e+001 0.000000e+000
1.065454e+001 -9.189505e+001 0.000000e+000
1.068679e+001 -9.188796e+001 0.000000e+000
1.071904e+001 -9.188088e+001 0.000000e+000
1.075129e+001 -9.187379e+001 0.000000e+000
1.078354e+001 -9.186671e+001 0.000000e+000
1.081578e+001 -9.185962e+001 0.000000e+000
1.084803e+001 -9.185254e+001 0.000000e+000
1.088028e+001 -9.184545e+001 0.000000e+000
1.091253e+001 -9.183837e+001 0.000000e+000
1.094478e+001 -9.183128e+001 0.000000e+000
1.097703e+001 -9.182419e+001 0.000000e+000
1.100927e+001 -9.181711e+001 0.000000e+000
1.104152e+001 -9.181002e+001 0.000000e+000
1.107377e+001 -9.180294e+001 0.000000e+000
1.110602e+001 -9.179585e+001 0.000000e+000
1.113827e+001 -9.178877e+001 0.000000e+000
1.117051e+001 -9.178168e+001 0.000000e+000
1.120276e+001 -9.177460e+001 0.000000e+000
1.123501e+001 -9.176751e+001 0.000000e+000
1.126726e+001 -9.176043e+001 0.000000e+000
1.129951e+001 -9.175334e+001 0.000000e+000
1.133175e+001 -9.174626e+001 0.000000e+000
1.136400e+001 -9.173917e+001 0.000000e+000
1.139625e+001 -9.173208e+001 0.000000e+000
1.142850e+001 -9.172500e+001 0.000000e+000
1.146075e+001 -9.171791e+001 0.000000e+000
1.149299e+001 -9.171083e+001 0.000000e+000
1.152524e+001 -9.170374e+001 0.000000e+000
1.155749e+001 -9.169666e+001 0.000000e+000
1.158974e+001 -9.168957e+001 0.000000e+000
1.162199e+001 -9.168249e+001 0.000000e+000
1.165423e+001 -9.167540e+001 0.000000e+000
1.168648e+001 -9.166832e+001 0.000000e+000
1.171873e+001 -9.166123e+001 0.000000e+000
1.175098e+001 -9.165415e+001 0.000000e+000
1.178323e+001 -9.164706e+001 0.000000e+000
1.181547e+001 -9.163997e+001 0.000000e+000
1.184772e+001 -9.163289e+001 0.000000e+000
1.187997e+001 -9.162580e+001 0.000000e+000
1.191222e+001 -9.161872e+001 0.000000e+000
1.194447e+001 -9.161163e+001 0.000000e+000
1.197671e+001 -9.160455e+001 0.000000e+000
1.200896e+001 -9.159746e+001 0.000000e+000
1.204121e+001 -9.159038e+001 0.000000e+000
1.207346e+001 -9.158329e+001 0.000000e+000
1.210571e+001 -9.157621e+001 0.000000e+000
1.213795e+001 -9.156912e+001 0.000000e+000
1.217020e+001 -9.156204e+001 0.000000e+000
1.220245e+001 -9.155495e+001 0.000000e+000
1.223470e+001 -9.154786e+001 0.000000e+000
1.226695e+001 -9.154078e+001 0.000000e+000
1.229919e+001 -9.153369e+001 0.000000e+000
1.233144e+001 -9.152661e+001 0.000000e+000
1.236369e+001 -9.151952e+001 0.000000e+000
1.239594e+001 -9.151244e+001 0.000000e+000
1.242819e+001 -9.150535e+001 0.000000e+000
1.246043e+001 -9.149827e+001 0.000000e+000
1.249268e+001 -9.149118e+001 0.000000e+000
1.252493e+001 -9.148410e+001 0.000000e+000
1.255718e+001 -9.147701e+001 0.000000e+000
1.258943e+001 -9.146993e+001 0.000000e+000
1.262168e+001 -9.146284e+001 0.000000e+000
1.265392e+001 -9.145575e+001 0.000000e+000
1.268617e+001 -9.144867e+001 0.000000e+000
1.271842e+001 -9.144158e+001 0.000000e+000
1.275067e+001 -9.143450e+001 0.000000e+000
1.278292e+001 -9.142741e+001 0.000000e+000
1.281516e+001 -9.142033e+001 0.000000e+000
1.284741e+001 -9.141324e+001 0.000000e+000
1.287966e+001 -9.140616e+001 0.000000e+000
1.291191e+001 -9.139907e+001 0.000000e+000
1.294416e+001 -9.139199e+001 0.000000e+000
1.297590e+001 -9.138292e+001 0.000000e+000
1.300765e+001 -9.137386e+001 0.000000e+000
1.303940e+001 -9.136480e+001 0.000000e+000
1.307115e+001 -9.135573e+001 0.000000e+000
1.310290e+001 -9.134667e+001 0.000000e+000
1.313465e+001 -9.133761e+001 0.000000e+000
1.316640e+001 -9.132854e+001 0.000000e+000
1.319815e+001 -9.131948e+001 0.000000e+000
1.322990e+001 -9.131042e+001 0.000000e+000
1.326165e+001 -9.130135e+001 0.000000e+000
1.329339e+001 -9.129229e+001 0.000000e+000
1.332514e+001 -9.128323e+001 0.000000e+000
1.335689e+001 -9.127416e+001 0.000000e+000
1.338864e+001 -9.126510e+001 0.000000e+000
1.342039e+001 -9.125604e+001 0.000000e+000
1.345214e+001 -9.124697e+001 0.000000e+000
1.348389e+001 -9.123791e+001 0.000000e+000
1.351564e+001 -9.122885e+001 0.000000e+000
1.354739e+001 -9.121979e+001 0.000000e+000
1.357914e+001 -9.121072e+001 0.000000e+000
1.361088e+001 -9.120166e+001 0.000000e+000
1.364263e+001 -9.119260e+001 0.000000e+000
1.367438e+001 -9.118353e+001 0.000000e+000
1.370613e+001 -9.117447e+001 0.000000e+000
1.373788e+001 -9.116541e+001 0.000000e+000
1.376963e+001 -9.115634e+001 0.000000e+000
1.380138e+001 -9.114728e+001 0.000000e+000
1.383313e+001 -9.113822e+001 0.000000e+000
1.386488e+001 -9.112915e+001 0.000000e+000
1.389662e+001 -9.112009e+001 0.000000e+000
1.392837e+001 -9.111103e+001 0.000000e+000
1.396012e+001 -9.110196e+001 0.000000e+000
1.399187e+001 -9.109290e+001 0.000000e+000
1.402362e+001 -9.108384e+001 0.000000e+000
1.405537e+001 -9.107477e+001 0.000000e+000
1.408712e+001 -9.106571e+001 0.000000e+000
1.411887e+001 -9.105665e+001 0.000000e+000
1.415062e+001 -9.104758e+001 0.000000e+000
1.418237e+001 -9.103852e+001 0.000000e+000
1.421411e+001 -9.102946e+001 0.000000e+000
1.424586e+001 -9.102039e+001 0.000000e+000
1.427761e+001 -9.101133e+001 0.000000e+000
1.430936e+001 -9.100227e+001 0.000000e+000
1.434111e+001 -9.099320e+001 0.000000e+000
1.437286e+001 -9.098414e+001 0.000000e+000
1.440461e+001 -9.097508e+001 0.000000e+000
1.443636e+001 -9.096602e+001 0.000000e+000
1.446811e+001 -9.095695e+001 0.000000e+000
1.449986e+001 -9.094789e+001 0.000000e+000
1.453160e+001 -9.093883e+001 0.000000e+000
1.456335e+001 -9.092976e+001 0.000000e+000
1.459510e+001 -9.092070e+001 0.000000e+000
1.462685e+001 -9.091164e+001 0.000000e+000
1.465860e+001 -9.090257e+001 0.000000e+000
1.469035e+001 -9.089351e+001 0.000000e+000
1.472210e+001 -9.088445e+001 0.000000e+000
1.475385e+001 -9.087538e+001 0.000000e+000
1.478560e+001 -9.086632e+001 0.000000e+000
1.481735e+001 -9.085726e+001 0.000000e+000
1.484909e+001 -9.084819e+001 0.000000e+000
1.488084e+001 -9.083913e+001 0.000000e+000
1.491259e+001 -9.083007e+001 0.000000e+000
1.494434e+001 -9.082100e+001 0.000000e+000
1.497609e+001 -9.081194e+001 0.000000e+000
1.500784e+001 -9.080288e+001 0.000000e+000
1.503959e+001 -9.079381e+001 0.000000e+000
1.507134e+001 -9.078475e+001 0.000000e+000
1.510309e+001 -9.077569e+001 0.000000e+000
1.513483e+001 -9.076662e+001 0.000000e+000
1.516658e+001 -9.075756e+001 0.000000e+000
1.519833e+001 -9.074850e+001 0.000000e+000
1.523008e+001 -9.073944e+001 0.000000e+000
1.526183e+001 -9.073037e+001 0.000000e+000
1.529358e+001 -9.072131e+001 0.000000e+000
1.532533e+001 -9.071225e+001 0.000000e+000
1.535708e+001 -9.070318e+001 0.000000e+000
1.538883e+001 -9.069412e+001 0.000000e+000
1.542058e+001 -9.068506e+001 0.000000e+000
1.545232e+001 -9.067599e+001 0.000000e+000
1.548407e+001 -9.066693e+001 0.000000e+000
1.551582e+001 -9.065787e+001 0.000000e+000
1.554757e+001 -9.064880e+001 0.000000e+000
1.557932e+001 -9.063974e+001 0.000000e+000
1.561107e+001 -9.063068e+001 0.000000e+000
1.564282e+001 -9.062161e+001 0.000000e+000
1.567457e+001 -9.061255e+001 0.000000e+000
1.570632e+001 -9.060349e+001 0.000000e+000
1.573807e+001 -9.059442e+001 0.000000e+000
1.576981e+001 -9.058536e+001 0.000000e+000
1.580156e+001 -9.057630e+001 0.000000e+000
1.583331e+001 -9.056723e+001 0.000000e+000
1.586506e+001 -9.055817e+001 0.000000e+000
1.589681e+001 -9.054911e+001 0.000000e+000
1.592856e+001 -9.054004e+001 0.000000e+000
1.596031e+001 -9.053098e+001 0.000000e+000
1.599206e+001 -9.052192e+001 0.000000e+000
1.602381e+001 -9.051286e+001 0.000000e+000
1.605556e+001 -9.050379e+001 0.000000e+000
1.608730e+001 -9.049473e+001 0.000000e+000
1.611843e+001 -9.048372e+001 0.000000e+000
1.614956e+001 -9.047272e+001 0.000000e+000
1.618069e+001 -9.046171e+001 0.000000e+000
1.621182e+001 -9.045070e+001 0.000000e+000
1.624295e+001 -9.043970e+001 0.000000e+000
1.627408e+001 -9.042869e+001 0.000000e+000
1.630521e+001 -9.041768e+001 0.000000e+000
1.633633e+001 -9.040668e+001 0.000000e+000
1.636746e+001 -9.039567e+001 0.000000e+000
1.639859e+001 -9.038466e+001 0.000000e+000
1.642972e+001 -9.037366e+001 0.000000e+000
1.646085e+001 -9.036265e+001 0.000000e+000
1.649198e+001 -9.035165e+001 0.000000e+000
1.652311e+001 -9.034064e+001 0.000000e+000
1.655423e+001 -9.032963e+001 0.000000e+000
1.658536e+001 -9.031863e+001 0.000000e+000
1.661649e+001 -9.030762e+001 0.000000e+000
1.664762e+001 -9.029661e+001 0.000000e+000
1.667875e+001 -9.028561e+001 0.000000e+000
1.670988e+001 -9.027460e+001 0.000000e+000
1.674101e+001 -9.026359e+001 0.000000e+000
1.677214e+001 -9.025259e+001 0.000000e+000
1.680326e+001 -9.024158e+001 0.000000e+000
1.683439e+001 -9.023057e+001 0.000000e+000
1.686552e+001 -9.021957e+001 0.000000e+000
1.689665e+001 -9.020856e+001 0.000000e+000
1.692778e+001 -9.019756e+001 0.000000e+000
1.695891e+001 -9.018655e+001 0.000000e+000
1.699004e+001 -9.017554e+001 0.000000e+000
1.702117e+001 -9.016454e+001 0.000000e+000
1.705229e+001 -9.015353e+001 0.000000e+000
1.708342e+001 -9.014252e+001 0.000000e+000
1.711455e+001 -9.013152e+001 0.000000e+000
1.714568e+001 -9.012051e+001 0.000000e+000
1.717681e+001 -9.010950e+001 0.000000e+000
1.720794e+001 -9.009850e+001 0.000000e+000
1.723907e+001 -9.008749e+001 0.000000e+000
1.727020e+001 -9.007648e+001 0.000000e+000
1.730132e+001 -9.006548e+001 0.000000e+000
1.733245e+001 -9.005447e+001 0.000000e+000
1.736358e+001 -9.004347e+001 0.000000e+000
1.739471e+001 -9.003246e+001 0.000000e+000
1.742584e+001 -9.002145e+001 0.000000e+000
1.745697e+001 -9.001045e+001 0.000000e+000
1.748810e+001 -8.999944e+001 0.000000e+000
1.751923e+001 -8.998843e+001 0.000000e+000
1.755035e+001 -8.997743e+001 0.000000e+000
1.758148e+001 -8.996642e+001 0.000000e+000
1.761261e+001 -8.995541e+001 0.000000e+000
1.764374e+001 -8.994441e+001 0.000000e+000
1.767487e+001 -8.993340e+001 0.000000e+000
1.770600e+001 -8.992239e+001 0.000000e+000
1.773713e+001 -8.991139e+001 0.000000e+000
1.776826e+001 -8.990038e+001 0.000000e+000
1.779938e+001 -8.988938e+001 0.000000e+000
1.783051e+001 -8.987837e+001 0.000000e+000
1.786164e+001 -8.986736e+001 0.000000e+000
1.789277e+001 -8.985636e+001 0.000000e+000
1.792390e+001 -8.984535e+001 0.000000e+000
1.795503e+001 -8.983434e+001 0.000000e+000
1.798616e+001 -8.982334e+001 0.000000e+000
1.801729e+001 -8.981233e+001 0.000000e+000
1.804841e+001 -8.980132e+001 0.000000e+000
1.807954e+001 -8.979032e+001 0.000000e+000
1.811067e+001 -8.977931e+001 0.000000e+000
1.814180e+001 -8.976830e+001 0.000000e+000
1.817293e+001 -8.975730e+001 0.000000e+000
1.820406e+001 -8.974629e+001 0.000000e+000
1.823519e+001 -8.973529e+001 0.000000e+000
1.826631e+001 -8.972428e+001 0.000000e+000
1.829744e+001 -8.971327e+001 0.000000e+000
1.832857e+001 -8.970227e+001 0.000000e+000
1.835970e+001 -8.969126e+001 0.000000e+000
1.839083e+001 -8.968025e+001 0.000000e+000
1.842196e+001 -8.966925e+001 0.000000e+000
1.845309e+001 -8.965824e+001 0.000000e+000
1.848422e+001 -8.964723e+001 0.000000e+000
1.851534e+001 -8.963623e+001 0.000000e+000
1.854647e+001 -8.962522e+001 0.000000e+000
1.857760e+001 -8.961421e+001 0.000000e+000
1.860873e+001 -8.960321e+001 0.000000e+000
1.863986e+001 -8.959220e+001 0.000000e+000
1.867099e+001 -8.958120e+001 0.000000e+000
1.870212e+001 -8.957019e+001 0.000000e+000
1.873325e+001 -8.955918e+001 0.000000e+000
1.876437e+001 -8.954818e+001 0.000000e+000
1.879550e+001 -8.953717e+001 0.000000e+000
1.882663e+001 -8.952616e+001 0.000000e+000
1.885776e+001 -8.951516e+001 0.000000e+000
1.888889e+001 -8.950415e+001 0.000000e+000
1.892002e+001 -8.949314e+001 0.000000e+000
1.895115e+001 -8.948214e+001 0.000000e+000
1.898228e+001 -8.947113e+001 0.000000e+000
1.901340e+001 -8.946012e+001 0.000000e+000
1.904453e+001 -8.944912e+001 0.000000e+000
1.907566e+001 -8.943811e+001 0.000000e+000
1.910679e+001 -8.942711e+001 0.000000e+000
1.913792e+001 -8.941610e+001 0.000000e+000
1.916905e+001 -8.940509e+001 0.000000e+000
1.919953e+001 -8.939214e+001 0.000000e+000
1.923001e+001 -8.937919e+001 0.000000e+000
1.926049e+001 -8.936624e+001 0.000000e+000
1.929097e+001 -8.935329e+001 0.000000e+000
1.932145e+001 -8.934034e+001 0.000000e+000
1.935194e+001 -8.932739e+001 0.000000e+000
1.938242e+001 -8.931444e+001 0.000000e+000
1.941290e+001 -8.930149e+001 0.000000e+000
1.944338e+001 -8.928854e+001 0.000000e+000
1.947386e+001 -8.927559e+001 0.000000e+000
1.950434e+001 -8.926264e+001 0.000000e+000
1.953482e+001 -8.924969e+001 0.000000e+000
1.956531e+001 -8.923674e+001 0.000000e+000
1.959579e+001 -8.922379e+001 0.000000e+000
1.962627e+001 -8.921084e+001 0.000000e+000
1.965675e+001 -8.919789e+001 0.000000e+000
1.968723e+001 -8.918494e+001 0.000000e+000
1.971771e+001 -8.917199e+001 0.000000e+000
1.974819e+001 -8.915904e+001 0.000000e+000
1.977867e+001 -8.914609e+001 0.000000e+000
1.980916e+001 -8.913314e+001 0.000000e+000
1.983964e+001 -8.912019e+001 0.000000e+000
1.987012e+001 -8.910724e+001 0.000000e+000
1.990060e+001 -8.909429e+001 0.000000e+000
1.993108e+001 -8.908134e+001 0.000000e+000
1.996156e+001 -8.906839e+001 0.000000e+000
1.999204e+001 -8.905544e+001 0.000000e+000
2.002253e+001 -8.904249e+001 0.000000e+000
2.005301e+001 -8.902954e+001 0.000000e+000
2.008349e+001 -8.901659e+001 0.000000e+000
2.011397e+001 -8.900364e+001 0.000000e+000
2.014445e+001 -8.899069e+001 0.000000e+000
2.017493e+001 -8.897774e+001 0.000000e+000
2.020541e+001 -8.896479e+001 0.000000e+000
2.023590e+001 -8.895184e+001 0.000000e+000
2.026638e+001 -8.893889e+001 0.000000e+000
2.029686e+001 -8.892594e+001 0.000000e+000
2.032734e+001 -8.891299e+001 0.000000e+000
2.035782e+001 -8.890004e+001 0.000000e+000
2.038830e+001 -8.888709e+001 0.000000e+000
2.041878e+001 -8.887414e+001 0.000000e+000
2.044926e+001 -8.886119e+001 0.000000e+000
2.047975e+001 -8.884824e+001 0.000000e+000
2.051023e+001 -8.883529e+001 0.000000e+000
2.054071e+001 -8.882234e+001 0.000000e+000
2.057119e+001 -8.880939e+001 0.000000e+000
2.060167e+001 -8.879644e+001 0.000000e+000
2.063215e+001 -8.878349e+001 0.000000e+000
2.066263e+001 -8.877054e+001 0.000000e+000
2.069312e+001 -8.875759e+001 0.000000e+000
2.072360e+001 -8.874464e+001 0.000000e+000
2.075408e+001 -8.873169e+001 0.000000e+000
2.078456e+001 -8.871874e+001 0.000000e+000
2.081504e+001 -8.870579e+001 0.000000e+000
2.084552e+001 -8.869284e+001 0.000000e+000
2.087600e+001 -8.867989e+001 0.000000e+000
2.090648e+001 -8.866694e+001 0.000000e+000
2.093697e+001 -8.865399e+001 0.000000e+000
2.096745e+001 -8.864104e+001 0.000000e+000
2.099793e+001 -8.862809e+001 0.000000e+000
2.102841e+001 -8.861514e+001 0.000000e+000
2.105889e+001 -8.860219e+001 0.000000e+000
2.108937e+001 -8.858924e+001 0.000000e+000
2.111985e+001 -8.857629e+001 0.000000e+000
2.115034e+001 -8.856334e+001 0.000000e+000
2.118082e+001 -8.855039e+001 0.000000e+000
2.121130e+001 -8.853744e+001 0.000000e+000
2.124178e+001 -8.852449e+001 0.000000e+000
2.127226e+001 -8.851154e+001 0.000000e+000
2.130274e+001 -8.849859e+001 0.000000e+000
2.133322e+001 -8.848564e+001 0.000000e+000
2.136371e+001 -8.847269e+001 0.000000e+000
2.139419e+001 -8.845974e+001 0.000000e+000
2.142467e+001 -8.844679e+001 0.000000e+000
2.145515e+001 -8.843384e+001 0.000000e+000
2.148563e+001 -8.842089e+001 0.000000e+000
2.151611e+001 -8.840794e+001 0.000000e+000
2.154659e+001 -8.839499e+001 0.000000e+000
2.157707e+001 -8.838204e+001 0.000000e+000
2.160756e+001 -8.836909e+001 0.000000e+000
2.163804e+001 -8.835614e+001 0.000000e+000
2.166852e+001 -8.834319e+001 0.000000e+000
2.169900e+001 -8.833024e+001 0.000000e+000
2.172948e+001 -8.831729e+001 0.000000e+000
2.175996e+001 -8.830434e+001 0.000000e+000
2.179044e+001 -8.829139e+001 0.000000e+000
2.182093e+001 -8.827844e+001 0.000000e+000
2.185141e+001 -8.826549e+001 0.000000e+000
2.188189e+001 -8.825254e+001 0.000000e+000
2.191237e+001 -8.823959e+001 0.000000e+000
2.194285e+001 -8.822664e+001 0.000000e+000
2.197333e+001 -8.821369e+001 0.000000e+000
2.200381e+001 -8.820074e+001 0.000000e+000
2.203429e+001 -8.818779e+001 0.000000e+000
2.206478e+001 -8.817484e+001 0.000000e+000
2.209526e+001 -8.816189e+001 0.000000e+000
2.212574e+001 -8.814894e+001 0.000000e+000
2.215622e+001 -8.813600e+001 0.000000e+000
2.218670e+001 -8.812305e+001 0.000000e+000
2.221623e+001 -8.810828e+001 0.000000e+000
2.224577e+001 -8.809351e+001 0.000000e+000
2.227530e+001 -8.807875e+001 0.000000e+000
2.230483e+001 -8.806398e+001 0.000000e+000
2.233436e+001 -8.804922e+001 0.000000e+000
2.236389e+001 -8.803445e+001 0.000000e+000
2.239342e+001 -8.801969e+001 0.000000e+000
2.242296e+001 -8.800492e+001 0.000000e+000
2.245249e+001 -8.799016e+001 0.000000e+000
2.248202e+001 -8.797539e+001 0.000000e+000
2.251155e+001 -8.796063e+001 0.000000e+000
2.254108e+001 -8.794586e+001 0.000000e+000
2.257062e+001 -8.793110e+001 0.000000e+000
2.260015e+001 -8.791633e+001 0.000000e+000
2.262968e+001 -8.790157e+001 0.000000e+000
2.265921e+001 -8.788680e+001 0.000000e+000
2.268874e+001 -8.787204e+001 0.000000e+000
2.271827e+001 -8.785727e+001 0.000000e+000
2.274781e+001 -8.784251e+001 0.000000e+000
2.277734e+001 -8.782774e+001 0.000000e+000
2.280687e+001 -8.781298e+001 0.000000e+000
2.283640e+001 -8.779821e+001 0.000000e+000
2.286593e+001 -8.778345e+001 0.000000e+000
2.289547e+001 -8.776868e+001 0.000000e+000
2.292500e+001 -8.775392e+001 0.000000e+000
2.295453e+001 -8.773915e+001 0.000000e+000
2.298406e+001 -8.772439e+001 0.000000e+000
2.301359e+001 -8.770962e+001 0.000000e+000
2.304312e+001 -8.769486e+001 0.000000e+000
2.307266e+001 -8.768009e+001 0.000000e+000
2.310219e+001 -8.766532e+001 0.000000e+000
2.313172e+001 -8.765056e+001 0.000000e+000
2.316125e+001 -8.763579e+001 0.000000e+000
2.319078e+001 -8.762103e+001 0.000000e+000
2.322032e+001 -8.760626e+001 0.000000e+000
2.324985e+001 -8.759150e+001 0.000000e+000
2.327938e+001 -8.757673e+001 0.000000e+000
2.330891e+001 -8.756197e+001 0.000000e+000
2.333844e+001 -8.754720e+001 0.000000e+000
2.336797e+001 -8.753244e+001 0.000000e+000
2.339751e+001 -8.751767e+001 0.000000e+000
2.342704e+001 -8.750291e+001 0.000000e+000
2.345657e+001 -8.748814e+001 0.000000e+000
2.348610e+001 -8.747338e+001 0.000000e+000
2.351563e+001 -8.745861e+001 0.000000e+000
2.354517e+001 -8.744385e+001 0.000000e+000
2.357470e+001 -8.742908e+001 0.000000e+000
2.360423e+001 -8.741432e+001 0.000000e+000
2.363376e+001 -8.739955e+001 0.000000e+000
2.366329e+001 -8.738479e+001 0.000000e+000
2.369282e+001 -8.737002e+001 0.000000e+000
2.372236e+001 -8.735526e+001 0.000000e+000
2.375189e+001 -8.734049e+001 0.000000e+000
2.378142e+001 -8.732573e+001 0.000000e+000
2.381095e+001 -8.731096e+001 0.000000e+000
2.384048e+001 -8.729620e+001 0.000000e+000
2.387002e+001 -8.728143e+001 0.000000e+000
2.389955e+001 -8.726667e+001 0.000000e+000
2.392908e+001 -8.725190e+001 0.000000e+000
2.395861e+001 -8.723714e+001 0.000000e+000
2.398814e+001 -8.722237e+001 0.000000e+000
2.401767e+001 -8.720760e+001 0.000000e+000
2.404721e+001 -8.719284e+001 0.000000e+000
2.407674e+001 -8.717807e+001 0.000000e+000
2.410627e+001 -8.716331e+001 0.000000e+000
2.413580e+001 -8.714854e+001 0.000000e+000
2.416533e+001 -8.713378e+001 0.000000e+000
2.419487e+001 -8.711901e+001 0.000000e+000
2.422440e+001 -8.710425e+001 0.000000e+000
2.425393e+001 -8.708948e+001 0.000000e+000
2.428346e+001 -8.707472e+001 0.000000e+000
2.431299e+001 -8.705995e+001 0.000000e+000
2.434252e+001 -8.704519e+001 0.000000e+000
2.437206e+001 -8.703042e+001 0.000000e+000
2.440159e+001 -8.701566e+001 0.000000e+000
2.443112e+001 -8.700089e+001 0.000000e+000
2.446065e+001 -8.698613e+001 0.000000e+000
2.449018e+001 -8.697136e+001 0.000000e+000
2.451972e+001 -8.695660e+001 0.000000e+000
2.454925e+001 -8.694183e+001 0.000000e+000
2.457878e+001 -8.692707e+001 0.000000e+000
2.460831e+001 -8.691230e+001 0.000000e+000
2.463784e+001 -8.689754e+001 0.000000e+000
2.466738e+001 -8.688277e+001 0.000000e+000
2.469691e+001 -8.686801e+001 0.000000e+000
2.472644e+001 -8.685324e+001 0.000000e+000
2.475597e+001 -8.683848e+001 0.000000e+000
2.478550e+001 -8.682371e+001 0.000000e+000
2.481503e+001 -8.680895e+001 0.000000e+000
2.484457e+001 -8.679418e+001 0.000000e+000
2.487410e+001 -8.677941e+001 0.000000e+000
2.490363e+001 -8.676465e+001 0.000000e+000
2.493316e+001 -8.674988e+001 0.000000e+000
2.496269e+001 -8.673512e+001 0.000000e+000
2.499223e+001 -8.672035e+001 0.000000e+000
2.502176e+001 -8.670559e+001 0.000000e+000
2.505129e+001 -8.669082e+001 0.000000e+000
2.508082e+001 -8.667606e+001 0.000000e+000
2.511035e+001 -8.666129e+001 0.000000e+000
2.513892e+001 -8.664473e+001 0.000000e+000
2.516748e+001 -8.662817e+001 0.000000e+000
2.519604e+001 -8.661161e+001 0.000000e+000
2.522461e+001 -8.659505e+001 0.000000e+000
2.525317e+001 -8.657849e+001 0.000000e+000
2.528173e+001 -8.656193e+001 0.000000e+000
2.531030e+001 -8.654537e+001 0.000000e+000
2.533886e+001 -8.652881e+001 0.000000e+000
2.536743e+001 -8.651225e+001 0.000000e+000
2.539599e+001 -8.649569e+001 0.000000e+000
2.542455e+001 -8.647913e+001 0.000000e+000
2.545312e+001 -8.646257e+001 0.000000e+000
2.548168e+001 -8.644601e+001 0.000000e+000
2.551024e+001 -8.642945e+001 0.000000e+000
2.553881e+001 -8.641288e+001 0.000000e+000
2.556737e+001 -8.639632e+001 0.000000e+000
2.559594e+001 -8.637976e+001 0.000000e+000
2.562450e+001 -8.636320e+001 0.000000e+000
2.565306e+001 -8.634664e+001 0.000000e+000
2.568163e+001 -8.633008e+001 0.000000e+000
2.571019e+001 -8.631352e+001 0.000000e+000
2.573875e+001 -8.629696e+001 0.000000e+000
2.576732e+001 -8.628040e+001 0.000000e+000
2.579588e+001 -8.626384e+001 0.000000e+000
2.582445e+001 -8.624728e+001 0.000000e+000
2.585301e+001 -8.623072e+001 0.000000e+000
2.588157e+001 -8.621416e+001 0.000000e+000
2.591014e+001 -8.619760e+001 0.000000e+000
2.593870e+001 -8.618104e+001 0.000000e+000
2.596726e+001 -8.616448e+001 0.000000e+000
2.599583e+001 -8.614792e+001 0.000000e+000
2.602439e+001 -8.613135e+001 0.000000e+000
2.605295e+001 -8.611479e+001 0.000000e+000
2.608152e+001 -8.609823e+001 0.000000e+000
2.611008e+001 -8.608167e+001 0.000000e+000
2.613865e+001 -8.606511e+001 0.000000e+000
2.616721e+001 -8.604855e+001 0.000000e+000
2.619577e+001 -8.603199e+001 0.000000e+000
2.622434e+001 -8.601543e+001 0.000000e+000
2.625290e+001 -8.599887e+001 0.000000e+000
2.628146e+001 -8.598231e+001 0.000000e+000
2.631003e+001 -8.596575e+001 0.000000e+000
2.633859e+001 -8.594919e+001 0.000000e+000
2.636716e+001 -8.593263e+001 0.000000e+000
2.639572e+001 -8.591607e+001 0.000000e+000
2.642428e+001 -8.589951e+001 0.000000e+000
2.645285e+001 -8.588295e+001 0.000000e+000
2.648141e+001 -8.586639e+001 0.000000e+000
2.650997e+001 -8.584982e+001 0.000000e+000
2.653854e+001 -8.583326e+001 0.000000e+000
2.656710e+001 -8.581670e+001 0.000000e+000
2.659567e+001 -8.580014e+001 0.000000e+000
2.662423e+001 -8.578358e+001 0.000000e+000
2.665279e+001 -8.576702e+001 0.000000e+000
2.668136e+001 -8.575046e+001 0.000000e+000
2.670992e+001 -8.573390e+001 0.000000e+000
2.673848e+001 -8.571734e+001 0.000000e+000
2.676705e+001 -8.570078e+001 0.000000e+000
2.679561e+001 -8.568422e+001 0.000000e+000
2.682418e+001 -8.566766e+001 0.000000e+000
2.685274e+001 -8.565110e+001 0.000000e+000
2.688130e+001 -8.563454e+001 0.000000e+000
2.690987e+001 -8.561798e+001 0.000000e+000
2.693843e+001 -8.560142e+001 0.000000e+000
2.696699e+001 -8.558485e+001 0.000000e+000
2.699556e+001 -8.556829e+001 0.000000e+000
2.702412e+001 -8.555173e+001 0.000000e+000
2.705268e+001 -8.553517e+001 0.000000e+000
2.708125e+001 -8.551861e+001 0.000000e+000
2.710981e+001 -8.550205e+001 0.000000e+000
2.713838e+001 -8.548549e+001 0.000000e+000
2.716694e+001 -8.546893e+001 0.000000e+000
2.719550e+001 -8.545237e+001 0.000000e+000
2.722407e+001 -8.543581e+001 0.000000e+000
2.725263e+001 -8.541925e+001 0.000000e+000
2.728119e+001 -8.540269e+001 0.000000e+000
2.730976e+001 -8.538613e+001 0.000000e+000
2.733832e+001 -8.536957e+001 0.000000e+000
2.736689e+001 -8.535301e+001 0.000000e+000
2.739545e+001 -8.533645e+001 0.000000e+000
2.742401e+001 -8.531989e+001 0.000000e+000
2.745258e+001 -8.530332e+001 0.000000e+000
2.748114e+001 -8.528676e+001 0.000000e+000
2.750970e+001 -8.527020e+001 0.000000e+000
2.753827e+001 -8.525364e+001 0.000000e+000
2.756683e+001 -8.523708e+001 0.000000e+000
2.759540e+001 -8.522052e+001 0.000000e+000
2.762396e+001 -8.520396e+001 0.000000e+000
2.765252e+001 -8.518740e+001 0.000000e+000
2.768109e+001 -8.517084e+001 0.000000e+000
2.770965e+001 -8.515428e+001 0.000000e+000
2.773821e+001 -8.513772e+001 0.000000e+000
2.776678e+001 -8.512116e+001 0.000000e+000
2.779534e+001 -8.510460e+001 0.000000e+000
2.782391e+001 -8.508804e+001 0.000000e+000
2.785247e+001 -8.507148e+001 0.000000e+000
2.788103e+001 -8.505492e+001 0.000000e+000
2.790960e+001 -8.503836e+001 0.000000e+000
2.793816e+001 -8.502179e+001 0.000000e+000
2.796565e+001 -8.500350e+001 0.000000e+000
2.799313e+001 -8.498521e+001 0.000000e+000
2.802062e+001 -8.496692e+001 0.000000e+000
2.804811e+001 -8.494862e+001 0.000000e+000
2.807559e+001 -8.493033e+001 0.000000e+000
2.810308e+001 -8.491204e+001 0.000000e+000
2.813057e+001 -8.489374e+001 0.000000e+000
2.815805e+001 -8.487545e+001 0.000000e+000
2.818554e+001 -8.485716e+001 0.000000e+000
2.821303e+001 -8.483887e+001 0.000000e+000
2.824051e+001 -8.482057e+001 0.000000e+000
2.826800e+001 -8.480228e+001 0.000000e+000
2.829549e+001 -8.478399e+001 0.000000e+000
2.832297e+001 -8.476570e+001 0.000000e+000
2.835046e+001 -8.474740e+001 0.000000e+000
2.837795e+001 -8.472911e+001 0.000000e+000
2.840543e+001 -8.471082e+001 0.000000e+000
2.843292e+001 -8.469252e+001 0.000000e+000
2.846040e+001 -8.467423e+001 0.000000e+000
2.848789e+001 -8.465594e+001 0.000000e+000
2.851538e+001 -8.463765e+001 0.000000e+000
2.854286e+001 -8.461935e+001 0.000000e+000
2.857035e+001 -8.460106e+001 0.000000e+000
2.859784e+001 -8.458277e+001 0.000000e+000
2.862532e+001 -8.456447e+001 0.000000e+000
2.865281e+001 -8.454618e+001 0.000000e+000
2.868030e+001 -8.452789e+001 0.000000e+000
2.870778e+001 -8.450960e+001 0.000000e+000
2.873527e+001 -8.449130e+001 0.000000e+000
2.876276e+001 -8.447301e+001 0.000000e+000
2.879024e+001 -8.445472e+001 0.000000e+000
2.881773e+001 -8.443642e+001 0.000000e+000
2.884522e+001 -8.441813e+001 0.000000e+000
2.887270e+001 -8.439984e+001 0.000000e+000
2.890019e+001 -8.438155e+001 0.000000e+000
2.892768e+001 -8.436325e+001 0.000000e+000
2.895516e+001 -8.434496e+001 0.000000e+000
2.898265e+001 -8.432667e+001 0.000000e+000
2.901014e+001 -8.430837e+001 0.000000e+000
2.903762e+001 -8.429008e+001 0.000000e+000
2.906511e+001 -8.427179e+001 0.000000e+000
2.909260e+001 -8.425350e+001 0.000000e+000
2.912008e+001 -8.423520e+001 0.000000e+000
2.914757e+001 -8.421691e+001 0.000000e+000
2.917506e+001 -8.419862e+001 0.000000e+000
2.920254e+001 -8.418033e+001 0.000000e+000
2.923003e+001 -8.416203e+001 0.000000e+000
2.925752e+001 -8.414374e+001 0.000000e+000
2.928500e+001 -8.412545e+001 0.000000e+000
2.931249e+001 -8.410715e+001 0.000000e+000
2.933998e+001 -8.408886e+001 0.000000e+000
2.936746e+001 -8.407057e+001 0.000000e+000
2.939495e+001 -8.405228e+001 0.000000e+000
2.942243e+001 -8.403398e+001 0.000000e+000
2.944992e+001 -8.401569e+001 0.000000e+000
2.947741e+001 -8.399740e+001 0.000000e+000
2.950489e+001 -8.397910e+001 0.000000e+000
2.953238e+001 -8.396081e+001 0.000000e+000
2.955987e+001 -8.394252e+001 0.000000e+000
2.958735e+001 -8.392423e+001 0.000000e+000
2.961484e+001 -8.390593e+001 0.000000e+000
2.964233e+001 -8.388764e+001 0.000000e+000
2.966981e+001 -8.386935e+001 0.000000e+000
2.969730e+001 -8.385105e+001 0.000000e+000
2.972479e+001 -8.383276e+001 0.000000e+000
2.975227e+001 -8.381447e+001 0.000000e+000
2.977976e+001 -8.379618e+001 0.000000e+000
2.980725e+001 -8.377788e+001 0.000000e+000
2.983473e+001 -8.375959e+001 0.000000e+000
2.986222e+001 -8.374130e+001 0.000000e+000
2.988971e+001 -8.372300e+001 0.000000e+000
2.991719e+001 -8.370471e+001 0.000000e+000
2.994468e+001 -8.368642e+001 0.000000e+000
2.997217e+001 -8.366813e+001 0.000000e+000
2.999965e+001 -8.364983e+001 0.000000e+000
3.002714e+001 -8.363154e+001 0.000000e+000
3.005463e+001 -8.361325e+001 0.000000e+000
3.008211e+001 -8.359495e+001 0.000000e+000
3.010960e+001 -8.357666e+001 0.000000e+000
3.013709e+001 -8.355837e+001 0.000000e+000
3.016457e+001 -8.354008e+001 0.000000e+000
3.019206e+001 -8.352178e+001 0.000000e+000
3.021955e+001 -8.350349e+001 0.000000e+000
3.024703e+001 -8.348520e+001 0.000000e+000
3.027452e+001 -8.346691e+001 0.000000e+000
3.030201e+001 -8.344861e+001 0.000000e+000
3.032949e+001 -8.343032e+001 0.000000e+000
3.035698e+001 -8.341203e+001 0.000000e+000
3.038447e+001 -8.339373e+001 0.000000e+000
3.041195e+001 -8.337544e+001 0.000000e+000
3.043944e+001 -8.335715e+001 0.000000e+000
3.046692e+001 -8.333886e+001 0.000000e+000
3.049441e+001 -8.332056e+001 0.000000e+000
3.052190e+001 -8.330227e+001 0.000000e+000
3.054938e+001 -8.328398e+001 0.000000e+000
3.057687e+001 -8.326568e+001 0.000000e+000
3.060436e+001 -8.324739e+001 0.000000e+000
3.063184e+001 -8.322910e+001 0.000000e+000
3.065933e+001 -8.321081e+001 0.000000e+000
3.068564e+001 -8.319085e+001 0.000000e+000
3.071194e+001 -8.317090e+001 0.000000e+000
3.073824e+001 -8.315094e+001 0.000000e+000
3.076455e+001 -8.313098e+001 0.000000e+000
3.079085e+001 -8.311103e+001 0.000000e+000
3.081716e+001 -8.309107e+001 0.000000e+000
3.084346e+001 -8.307112e+001 0.000000e+000
3.086977e+001 -8.305116e+001 0.000000e+000
3.089607e+001 -8.303121e+001 0.000000e+000
3.092238e+001 -8.301125e+001 0.000000e+000
3.094868e+001 -8.299130e+001 0.000000e+000
3.097499e+001 -8.297134e+001 0.000000e+000
3.100129e+001 -8.295139e+001 0.000000e+000
3.102759e+001 -8.293143e+001 0.000000e+000
3.105390e+001 -8.291148e+001 0.000000e+000
3.108020e+001 -8.289152e+001 0.000000e+000
3.110651e+001 -8.287157e+001 0.000000e+000
3.113281e+001 -8.285161e+001 0.000000e+000
3.115912e+001 -8.283166e+001 0.000000e+000
3.118542e+001 -8.281170e+001 0.000000e+000
3.121173e+001 -8.279175e+001 0.000000e+000
3.123803e+001 -8.277179e+001 0.000000e+000
3.126433e+001 -8.275184e+001 0.000000e+000
3.129064e+001 -8.273188e+001 0.000000e+000
3.131694e+001 -8.271193e+001 0.000000e+000
3.134325e+001 -8.269197e+001 0.000000e+000
3.136955e+001 -8.267201e+001 0.000000e+000
3.139586e+001 -8.265206e+001 0.000000e+000
3.142216e+001 -8.263210e+001 0.000000e+000
3.144847e+001 -8.261215e+001 0.000000e+000
3.147477e+001 -8.259219e+001 0.000000e+000
3.150108e+001 -8.257224e+001 0.000000e+000
3.152738e+001 -8.255228e+001 0.000000e+000
3.155368e+001 -8.253233e+001 0.000000e+000
3.157999e+001 -8.251237e+001 0.000000e+000
3.160629e+001 -8.249242e+001 0.000000e+000
3.163260e+001 -8.247246e+001 0.000000e+000
3.165890e+001 -8.245251e+001 0.000000e+000
3.168521e+001 -8.243255e+001 0.000000e+000
3.171151e+001 -8.241260e+001 0.000000e+000
3.173782e+001 -8.239264e+001 0.000000e+000
3.176412e+001 -8.237269e+001 0.000000e+000
3.179043e+001 -8.235273e+001 0.000000e+000
3.181673e+001 -8.233278e+001 0.000000e+000
3.184303e+001 -8.231282e+001 0.000000e+000
3.186934e+001 -8.229287e+001 0.000000e+000
3.189564e+001 -8.227291e+001 0.000000e+000
3.192195e+001 -8.225296e+001 0.000000e+000
3.194825e+001 -8.223300e+001 0.000000e+000
3.197456e+001 -8.221304e+001 0.000000e+000
3.200086e+001 -8.219309e+001 0.000000e+000
3.202717e+001 -8.217313e+001 0.000000e+000
3.205347e+001 -8.215318e+001 0.000000e+000
3.207978e+001 -8.213322e+001 0.000000e+000
3.210608e+001 -8.211327e+001 0.000000e+000
3.213238e+001 -8.209331e+001 0.000000e+000
3.215869e+001 -8.207336e+001 0.000000e+000
3.218499e+001 -8.205340e+001 0.000000e+000
3.221130e+001 -8.203345e+001 0.000000e+000
3.223760e+001 -8.201349e+001 0.000000e+000
3.226391e+001 -8.199354e+001 0.000000e+000
3.229021e+001 -8.197358e+001 0.000000e+000
3.231652e+001 -8.195363e+001 0.000000e+000
3.234282e+001 -8.193367e+001 0.000000e+000
3.236913e+001 -8.191372e+001 0.000000e+000
3.239543e+001 -8.189376e+001 0.000000e+000
3.242173e+001 -8.187381e+001 0.000000e+000
3.244804e+001 -8.185385e+001 0.000000e+000
3.247434e+001 -8.183390e+001 0.000000e+000
3.250065e+001 -8.181394e+001 0.000000e+000
3.252695e+001 -8.179398e+001 0.000000e+000
3.255326e+001 -8.177403e+001 0.000000e+000
3.257956e+001 -8.175407e+001 0.000000e+000
3.260587e+001 -8.173412e+001 0.000000e+000
3.263217e+001 -8.171416e+001 0.000000e+000
3.265847e+001 -8.169421e+001 0.000000e+000
3.268478e+001 -8.167425e+001 0.000000e+000
3.271108e+001 -8.165430e+001 0.000000e+000
3.273739e+001 -8.163434e+001 0.000000e+000
3.276369e+001 -8.161439e+001 0.000000e+000
3.279000e+001 -8.159443e+001 0.000000e+000
3.281630e+001 -8.157448e+001 0.000000e+000
3.284261e+001 -8.155452e+001 0.000000e+000
3.286891e+001 -8.153457e+001 0.000000e+000
3.289522e+001 -8.151461e+001 0.000000e+000
3.292152e+001 -8.149466e+001 0.000000e+000
3.294782e+001 -8.147470e+001 0.000000e+000
3.297413e+001 -8.145475e+001 0.000000e+000
3.300043e+001 -8.143479e+001 0.000000e+000
3.302674e+001 -8.141484e+001 0.000000e+000
3.305304e+001 -8.139488e+001 0.000000e+000
3.307935e+001 -8.137493e+001 0.000000e+000
3.310565e+001 -8.135497e+001 0.000000e+000
3.313196e+001 -8.133501e+001 0.000000e+000
3.315826e+001 -8.131506e+001 0.000000e+000
3.318457e+001 -8.129510e+001 0.000000e+000
3.321087e+001 -8.127515e+001 0.000000e+000
3.323717e+001 -8.125519e+001 0.000000e+000
3.326348e+001 -8.123524e+001 0.000000e+000
3.328858e+001 -8.121363e+001 0.000000e+000
3.331367e+001 -8.119202e+001 0.000000e+000
3.333877e+001 -8.117041e+001 0.000000e+000
3.336387e+001 -8.114880e+001 0.000000e+000
3.338896e+001 -8.112719e+001 0.000000e+000
3.341406e+001 -8.110558e+001 0.000000e+000
3.343915e+001 -8.108397e+001 0.000000e+000
3.346425e+001 -8.106236e+001 0.000000e+000
3.348935e+001 -8.104075e+001 0.000000e+000
3.351444e+001 -8.101914e+001 0.000000e+000
3.353954e+001 -8.099753e+001 0.000000e+000
3.356464e+001 -8.097592e+001 0.000000e+000
3.358973e+001 -8.095431e+001 0.000000e+000
3.361483e+001 -8.093270e+001 0.000000e+000
3.363993e+001 -8.091109e+001 0.000000e+000
3.366502e+001 -8.088948e+001 0.000000e+000
3.369012e+001 -8.086787e+001 0.000000e+000
3.371522e+001 -8.084626e+001 0.000000e+000
3.374031e+001 -8.082465e+001 0.000000e+000
3.376541e+001 -8.080305e+001 0.000000e+000
3.379051e+001 -8.078144e+001 0.000000e+000
3.381560e+001 -8.075983e+001 0.000000e+000
3.384070e+001 -8.073822e+001 0.000000e+000
3.386580e+001 -8.071661e+001 0.000000e+000
3.389089e+001 -8.069500e+001 0.000000e+000
3.391599e+001 -8.067339e+001 0.000000e+000
3.394109e+001 -8.065178e+001 0.000000e+000
3.396618e+001 -8.063017e+001 0.000000e+000
3.399128e+001 -8.060856e+001 0.000000e+000
3.401637e+001 -8.058695e+001 0.000000e+000
3.404147e+001 -8.056534e+001 0.000000e+000
3.406657e+001 -8.054373e+001 0.000000e+000
3.409166e+001 -8.052212e+001 0.000000e+000
3.411676e+001 -8.050051e+001 0.000000e+000
3.414186e+001 -8.047890e+001 0.000000e+000
3.416695e+001 -8.045729e+001 0.000000e+000
3.419205e+001 -8.043568e+001 0.000000e+000
3.421715e+001 -8.041407e+001 0.000000e+000
3.424224e+001 -8.039246e+001 0.000000e+000
3.426734e+001 -8.037085e+001 0.000000e+000
3.429244e+001 -8.034924e+001 0.000000e+000
3.431753e+001 -8.032763e+001 0.000000e+000
3.434263e+001 -8.030602e+001 0.000000e+000
3.436773e+001 -8.028441e+001 0.000000e+000
3.439282e+001 -8.026280e+001 0.000000e+000
3.441792e+001 -8.024119e+001 0.000000e+000
3.444302e+001 -8.021958e+001 0.000000e+000
3.446811e+001 -8.019797e+001 0.000000e+000
3.449321e+001 -8.017636e+001 0.000000e+000
3.451831e+001 -8.015475e+001 0.000000e+000
3.454340e+001 -8.013314e+001 0.000000e+000
3.456850e+001 -8.011154e+001 0.000000e+000
3.459360e+001 -8.008993e+001 0.000000e+000
3.461869e+001 -8.006832e+001 0.000000e+000
3.464379e+001 -8.004671e+001 0.000000e+000
3.466888e+001 -8.002510e+001 0.000000e+000
3.469398e+001 -8.000349e+001 0.000000e+000
3.471908e+001 -7.998188e+001 0.000000e+000
3.474417e+001 -7.996027e+001 0.000000e+000
3.476927e+001 -7.993866e+001 0.000000e+000
3.479437e+001 -7.991705e+001 0.000000e+000
3.481946e+001 -7.989544e+001 0.000000e+000
3.484456e+001 -7.987383e+001 0.000000e+000
3.486966e+001 -7.985222e+001 0.000000e+000
3.489475e+001 -7.983061e+001 0.000000e+000
3.491985e+001 -7.980900e+001 0.000000e+000
3.494495e+001 -7.978739e+001 0.000000e+000
3.497004e+001 -7.976578e+001 0.000000e+000
3.499514e+001 -7.974417e+001 0.000000e+000
3.502024e+001 -7.972256e+001 0.000000e+000
3.504533e+001 -7.970095e+001 0.000000e+000
3.507043e+001 -7.967934e+001 0.000000e+000
3.509553e+001 -7.965773e+001 0.000000e+000
3.512062e+001 -7.963612e+001 0.000000e+000
3.514572e+001 -7.961451e+001 0.000000e+000
3.517082e+001 -7.959290e+001 0.000000e+000
3.519591e+001 -7.957129e+001 0.000000e+000
3.522101e+001 -7.954968e+001 0.000000e+000
3.524611e+001 -7.952807e+001 0.000000e+000
3.527120e+001 -7.950646e+001 0.000000e+000
3.529630e+001 -7.948485e+001 0.000000e+000
3.532139e+001 -7.946324e+001 0.000000e+000
3.534649e+001 -7.944163e+001 0.000000e+000
3.537159e+001 -7.942003e+001 0.000000e+000
3.539668e+001 -7.939842e+001 0.000000e+000
3.542178e+001 -7.937681e+001 0.000000e+000
3.544688e+001 -7.935520e+001 0.000000e+000
3.547197e+001 -7.933359e+001 0.000000e+000
3.549707e+001 -7.931198e+001 0.000000e+000
3.552217e+001 -7.929037e+001 0.000000e+000
3.554726e+001 -7.926876e+001 0.000000e+000
3.557236e+001 -7.924715e+001 0.000000e+000
3.559746e+001 -7.922554e+001 0.000000e+000
3.562255e+001 -7.920393e+001 0.000000e+000
3.564765e+001 -7.918232e+001 0.000000e+000
3.567275e+001 -7.916071e+001 0.000000e+000
3.569784e+001 -7.913910e+001 0.000000e+000
3.572294e+001 -7.911749e+001 0.000000e+000
3.574804e+001 -7.909588e+001 0.000000e+000
3.577168e+001 -7.907283e+001 0.000000e+000
3.579532e+001 -7.904978e+001 0.000000e+000
3.581896e+001 -7.902673e+001 0.000000e+000
3.584259e+001 -7.900368e+001 0.000000e+000
3.586623e+001 -7.898063e+001 0.000000e+000
3.588987e+001 -7.895758e+001 0.000000e+000
3.591351e+001 -7.893453e+001 0.000000e+000
3.593715e+001 -7.891148e+001 0.000000e+000
3.596079e+001 -7.888843e+001 0.000000e+000
3.598443e+001 -7.886538e+001 0.000000e+000
3.600807e+001 -7.884233e+001 0.000000e+000
3.603171e+001 -7.881928e+001 0.000000e+000
3.605535e+001 -7.879623e+001 0.000000e+000
3.607899e+001 -7.877318e+001 0.000000e+000
3.610263e+001 -7.875013e+001 0.000000e+000
3.612627e+001 -7.872708e+001 0.000000e+000
3.614991e+001 -7.870403e+001 0.000000e+000
3.617355e+001 -7.868098e+001 0.000000e+000
3.619719e+001 -7.865793e+001 0.000000e+000
3.622083e+001 -7.863488e+001 0.000000e+000
3.624447e+001 -7.861183e+001 0.000000e+000
3.626811e+001 -7.858878e+001 0.000000e+000
3.629175e+001 -7.856573e+001 0.000000e+000
3.631539e+001 -7.854268e+001 0.000000e+000
3.633903e+001 -7.851963e+001 0.000000e+000
3.636267e+001 -7.849658e+001 0.000000e+000
3.638631e+001 -7.847353e+001 0.000000e+000
3.640995e+001 -7.845048e+001 0.000000e+000
3.643359e+001 -7.842743e+001 0.000000e+000
3.645723e+001 -7.840438e+001 0.000000e+000
3.648087e+001 -7.838133e+001 0.000000e+000
3.650451e+001 -7.835828e+001 0.000000e+000
3.652815e+001 -7.833523e+001 0.000000e+000
3.655179e+001 -7.831218e+001 0.000000e+000
3.657543e+001 -7.828913e+001 0.000000e+000
3.659907e+001 -7.826608e+001 0.000000e+000
3.662271e+001 -7.824303e+001 0.000000e+000
3.664635e+001 -7.821998e+001 0.000000e+000
3.666999e+001 -7.819693e+001 0.000000e+000
3.669363e+001 -7.817388e+001 0.000000e+000
3.671727e+001 -7.815083e+001 0.000000e+000
3.674091e+001 -7.812778e+001 0.000000e+000
3.676455e+001 -7.810473e+001 0.000000e+000
3.678819e+001 -7.808168e+001 0.000000e+000
3.681183e+001 -7.805863e+001 0.000000e+000
3.683547e+001 -7.803558e+001 0.000000e+000
3.685911e+001 -7.801253e+001 0.000000e+000
3.688275e+001 -7.798948e+001 0.000000e+000
3.690638e+001 -7.796643e+001 0.000000e+000
3.693002e+001 -7.794338e+001 0.000000e+000
3.695366e+001 -7.792033e+001 0.000000e+000
3.697730e+001 -7.789728e+001 0.000000e+000
3.700094e+001 -7.787423e+001 0.000000e+000
3.702458e+001 -7.785118e+001 0.000000e+000
3.704822e+001 -7.782813e+001 0.000000e+000
3.707186e+001 -7.780508e+001 0.000000e+000
3.709550e+001 -7.778203e+001 0.000000e+000
3.711914e+001 -7.775898e+001 0.000000e+000
3.714278e+001 -7.773593e+001 0.000000e+000
3.716642e+001 -7.771288e+001 0.000000e+000
3.719006e+001 -7.768983e+001 0.000000e+000
3.721370e+001 -7.766678e+001 0.000000e+000
3.723734e+001 -7.764373e+001 0.000000e+000
3.726098e+001 -7.762068e+001 0.000000e+000
3.728462e+001 -7.759763e+001 0.000000e+000
3.730826e+001 -7.757458e+001 0.000000e+000
3.733190e+001 -7.755153e+001 0.000000e+000
3.735554e+001 -7.752848e+001 0.000000e+000
3.737918e+001 -7.750543e+001 0.000000e+000
3.740282e+001 -7.748238e+001 0.000000e+000
3.742646e+001 -7.745933e+001 0.000000e+000
3.745010e+001 -7.743628e+001 0.000000e+000
3.747374e+001 -7.741323e+001 0.000000e+000
3.749738e+001 -7.739018e+001 0.000000e+000
3.752102e+001 -7.736713e+001 0.000000e+000
3.754466e+001 -7.734408e+001 0.000000e+000
3.756830e+001 -7.732103e+001 0.000000e+000
3.759194e+001 -7.729798e+001 0.000000e+000
3.761558e+001 -7.727493e+001 0.000000e+000
3.763922e+001 -7.725188e+001 0.000000e+000
3.766286e+001 -7.722883e+001 0.000000e+000
3.768650e+001 -7.720578e+001 0.000000e+000
3.771014e+001 -7.718273e+001 0.000000e+000
3.773378e+001 -7.715968e+001 0.000000e+000
3.775742e+001 -7.713663e+001 0.000000e+000
3.778106e+001 -7.711358e+001 0.000000e+000
3.780470e+001 -7.709053e+001 0.000000e+000
3.782834e+001 -7.706748e+001 0.000000e+000
3.785198e+001 -7.704443e+001 0.000000e+000
3.787562e+001 -7.702138e+001 0.000000e+000
3.789926e+001 -7.699833e+001 0.000000e+000
3.792290e+001 -7.697528e+001 0.000000e+000
3.794654e+001 -7.695224e+001 0.000000e+000
3.797017e+001 -7.692919e+001 0.000000e+000
3.799381e+001 -7.690614e+001 0.000000e+000
3.801745e+001 -7.688309e+001 0.000000e+000
3.804109e+001 -7.686004e+001 0.000000e+000
3.806473e+001 -7.683699e+001 0.000000e+000
3.808837e+001 -7.681394e+001 0.000000e+000
3.811054e+001 -7.678947e+001 0.000000e+000
3.813272e+001 -7.676500e+001 0.000000e+000
3.815489e+001 -7.674054e+001 0.000000e+000
3.817706e+001 -7.671607e+001 0.000000e+000
3.819923e+001 -7.669161e+001 0.000000e+000
3.822140e+001 -7.666714e+001 0.000000e+000
3.824357e+001 -7.664268e+001 0.000000e+000
3.826574e+001 -7.661821e+001 0.000000e+000
3.828792e+001 -7.659374e+001 0.000000e+000
3.831009e+001 -7.656928e+001 0.000000e+000
3.833226e+001 -7.654481e+001 0.000000e+000
3.835443e+001 -7.652035e+001 0.000000e+000
3.837660e+001 -7.649588e+001 0.000000e+000
3.839877e+001 -7.647142e+001 0.000000e+000
3.842094e+001 -7.644695e+001 0.000000e+000
3.844311e+001 -7.642248e+001 0.000000e+000
3.846529e+001 -7.639802e+001 0.000000e+000
3.848746e+001 -7.637355e+001 0.000000e+000
3.850963e+001 -7.634909e+001 0.000000e+000
3.853180e+001 -7.632462e+001 0.000000e+000
3.855397e+001 -7.630016e+001 0.000000e+000
3.857614e+001 -7.627569e+001 0.000000e+000
3.859831e+001 -7.625122e+001 0.000000e+000
3.862049e+001 -7.622676e+001 0.000000e+000
3.864266e+001 -7.620229e+001 0.000000e+000
3.866483e+001 -7.617783e+001 0.000000e+000
3.868700e+001 -7.615336e+001 0.000000e+000
3.870917e+001 -7.612889e+001 0.000000e+000
3.873134e+001 -7.610443e+001 0.000000e+000
3.875351e+001 -7.607996e+001 0.000000e+000
3.877568e+001 -7.605550e+001 0.000000e+000
3.879786e+001 -7.603103e+001 0.000000e+000
3.882003e+001 -7.600657e+001 0.000000e+000
3.884220e+001 -7.598210e+001 0.000000e+000
3.886437e+001 -7.595763e+001 0.000000e+000
3.888654e+001 -7.593317e+001 0.000000e+000
3.890871e+001 -7.590870e+001 0.000000e+000
3.893088e+001 -7.588424e+001 0.000000e+000
3.895305e+001 -7.585977e+001 0.000000e+000
3.897523e+001 -7.583531e+001 0.000000e+000
3.899740e+001 -7.581084e+001 0.000000e+000
3.901957e+001 -7.578637e+001 0.000000e+000
3.904174e+001 -7.576191e+001 0.000000e+000
3.906391e+001 -7.573744e+001 0.000000e+000
3.908608e+001 -7.571298e+001 0.000000e+000
3.910825e+001 -7.568851e+001 0.000000e+000
3.913043e+001 -7.566405e+001 0.000000e+000
3.915260e+001 -7.563958e+001 0.000000e+000
3.917477e+001 -7.561511e+001 0.000000e+000
3.919694e+001 -7.559065e+001 0.000000e+000
3.921911e+001 -7.556618e+001 0.000000e+000
3.924128e+001 -7.554172e+001 0.000000e+000
3.926345e+001 -7.551725e+001 0.000000e+000
3.928562e+001 -7.549279e+001 0.000000e+000
3.930780e+001 -7.546832e+001 0.000000e+000
3.932997e+001 -7.544385e+001 0.000000e+000
3.935214e+001 -7.541939e+001 0.000000e+000
3.937431e+001 -7.539492e+001 0.000000e+000
3.939648e+001 -7.537046e+001 0.000000e+000
3.941865e+001 -7.534599e+001 0.000000e+000
3.944082e+001 -7.532153e+001 0.000000e+000
3.946300e+001 -7.529706e+001 0.000000e+000
3.948517e+001 -7.527259e+001 0.000000e+000
3.950734e+001 -7.524813e+001 0.000000e+000
3.952951e+001 -7.522366e+001 0.000000e+000
3.955168e+001 -7.519920e+001 0.000000e+000
3.957385e+001 -7.517473e+001 0.000000e+000
3.959602e+001 -7.515027e+001 0.000000e+000
3.961819e+001 -7.512580e+001 0.000000e+000
3.964037e+001 -7.510133e+001 0.000000e+000
3.966254e+001 -7.507687e+001 0.000000e+000
3.968471e+001 -7.505240e+001 0.000000e+000
3.970688e+001 -7.502794e+001 0.000000e+000
3.972905e+001 -7.500347e+001 0.000000e+000
3.975122e+001 -7.497901e+001 0.000000e+000
3.977339e+001 -7.495454e+001 0.000000e+000
3.979556e+001 -7.493007e+001 0.000000e+000
3.981774e+001 -7.490561e+001 0.000000e+000
3.983991e+001 -7.488114e+001 0.000000e+000
3.986208e+001 -7.485668e+001 0.000000e+000
3.988425e+001 -7.483221e+001 0.000000e+000
3.990642e+001 -7.480775e+001 0.000000e+000
3.992859e+001 -7.478328e+001 0.000000e+000
3.995076e+001 -7.475881e+001 0.000000e+000
3.997294e+001 -7.473435e+001 0.000000e+000
3.999511e+001 -7.470988e+001 0.000000e+000
4.001728e+001 -7.468542e+001 0.000000e+000
4.003945e+001 -7.466095e+001 0.000000e+000
4.006162e+001 -7.463649e+001 0.000000e+000
4.008379e+001 -7.461202e+001 0.000000e+000
4.010596e+001 -7.458755e+001 0.000000e+000
4.012813e+001 -7.456309e+001 0.000000e+000
4.015031e+001 -7.453862e+001 0.000000e+000
4.017248e+001 -7.451416e+001 0.000000e+000
4.019465e+001 -7.448969e+001 0.000000e+000
4.021682e+001 -7.446523e+001 0.000000e+000
4.023899e+001 -7.444076e+001 0.000000e+000
4.026116e+001 -7.441629e+001 0.000000e+000
4.028333e+001 -7.439183e+001 0.000000e+000
4.030395e+001 -7.436604e+001 0.000000e+000
4.032457e+001 -7.434025e+001 0.000000e+000
4.034519e+001 -7.431446e+001 0.000000e+000
4.036581e+001 -7.428868e+001 0.000000e+000
4.038642e+001 -7.426289e+001 0.000000e+000
4.040704e+001 -7.423710e+001 0.000000e+000
4.042766e+001 -7.421131e+001 0.000000e+000
4.044828e+001 -7.418552e+001 0.000000e+000
4.046890e+001 -7.415974e+001 0.000000e+000
4.048952e+001 -7.413395e+001 0.000000e+000
4.051013e+001 -7.410816e+001 0.000000e+000
4.053075e+001 -7.408237e+001 0.000000e+000
4.055137e+001 -7.405658e+001 0.000000e+000
4.057199e+001 -7.403079e+001 0.000000e+000
4.059261e+001 -7.400501e+001 0.000000e+000
4.061323e+001 -7.397922e+001 0.000000e+000
4.063384e+001 -7.395343e+001 0.000000e+000
4.065446e+001 -7.392764e+001 0.000000e+000
4.067508e+001 -7.390185e+001 0.000000e+000
4.069570e+001 -7.387607e+001 0.000000e+000
4.071632e+001 -7.385028e+001 0.000000e+000
4.073693e+001 -7.382449e+001 0.000000e+000
4.075755e+001 -7.379870e+001 0.000000e+000
4.077817e+001 -7.377291e+001 0.000000e+000
4.079879e+001 -7.374713e+001 0.000000e+000
4.081941e+001 -7.372134e+001 0.000000e+000
4.084003e+001 -7.369555e+001 0.000000e+000
4.086064e+001 -7.366976e+001 0.000000e+000
4.088126e+001 -7.364397e+001 0.000000e+000
4.090188e+001 -7.361818e+001 0.000000e+000
4.092250e+001 -7.359240e+001 0.000000e+000
4.094312e+001 -7.356661e+001 0.000000e+000
4.096374e+001 -7.354082e+001 0.000000e+000
4.098435e+001 -7.351503e+001 0.000000e+000
4.100497e+001 -7.348924e+001 0.000000e+000
4.102559e+001 -7.346346e+001 0.000000e+000
4.104621e+001 -7.343767e+001 0.000000e+000
4.106683e+001 -7.341188e+001 0.000000e+000
4.108744e+001 -7.338609e+001 0.000000e+000
4.110806e+001 -7.336030e+001 0.000000e+000
4.112868e+001 -7.333452e+001 0.000000e+000
4.114930e+001 -7.330873e+001 0.000000e+000
4.116992e+001 -7.328294e+001 0.000000e+000
4.119054e+001 -7.325715e+001 0.000000e+000
4.121115e+001 -7.323136e+001 0.000000e+000
4.123177e+001 -7.320557e+001 0.000000e+000
4.125239e+001 -7.317979e+001 0.000000e+000
4.127301e+001 -7.315400e+001 0.000000e+000
4.129363e+001 -7.312821e+001 0.000000e+000
4.131425e+001 -7.310242e+001 0.000000e+000
4.133486e+001 -7.307663e+001 0.000000e+000
4.135548e+001 -7.305085e+001 0.000000e+000
4.137610e+001 -7.302506e+001 0.000000e+000
4.139672e+001 -7.299927e+001 0.000000e+000
4.141734e+001 -7.297348e+001 0.000000e+000
4.143795e+001 -7.294769e+001 0.000000e+000
4.145857e+001 -7.292190e+001 0.000000e+000
4.147919e+001 -7.289612e+001 0.000000e+000
4.149981e+001 -7.287033e+001 0.000000e+000
4.152043e+001 -7.284454e+001 0.000000e+000
4.154105e+001 -7.281875e+001 0.000000e+000
4.156166e+001 -7.279296e+001 0.000000e+000
4.158228e+001 -7.276718e+001 0.000000e+000
4.160290e+001 -7.274139e+001 0.000000e+000
4.162352e+001 -7.271560e+001 0.000000e+000
4.164414e+001 -7.268981e+001 0.000000e+000
4.166476e+001 -7.266402e+001 0.000000e+000
4.168537e+001 -7.263824e+001 0.000000e+000
4.170599e+001 -7.261245e+001 0.000000e+000
4.172661e+001 -7.258666e+001 0.000000e+000
4.174723e+001 -7.256087e+001 0.000000e+000
4.176785e+001 -7.253508e+001 0.000000e+000
4.178846e+001 -7.250929e+001 0.000000e+000
4.180908e+001 -7.248351e+001 0.000000e+000
4.182970e+001 -7.245772e+001 0.000000e+000
4.185032e+001 -7.243193e+001 0.000000e+000
4.187094e+001 -7.240614e+001 0.000000e+000
4.189156e+001 -7.238035e+001 0.000000e+000
4.191217e+001 -7.235457e+001 0.000000e+000
4.193279e+001 -7.232878e+001 0.000000e+000
4.195341e+001 -7.230299e+001 0.000000e+000
4.197403e+001 -7.227720e+001 0.000000e+000
4.199465e+001 -7.225141e+001 0.000000e+000
4.201526e+001 -7.222563e+001 0.000000e+000
4.203588e+001 -7.219984e+001 0.000000e+000
4.205650e+001 -7.217405e+001 0.000000e+000
4.207712e+001 -7.214826e+001 0.000000e+000
4.209774e+001 -7.212247e+001 0.000000e+000
4.211836e+001 -7.209668e+001 0.000000e+000
4.213897e+001 -7.207090e+001 0.000000e+000
4.215959e+001 -7.204511e+001 0.000000e+000
4.218021e+001 -7.201932e+001 0.000000e+000
4.220083e+001 -7.199353e+001 0.000000e+000
4.222145e+001 -7.196774e+001 0.000000e+000
4.224207e+001 -7.194196e+001 0.000000e+000
4.226268e+001 -7.191617e+001 0.000000e+000
4.228330e+001 -7.189038e+001 0.000000e+000
4.230392e+001 -7.186459e+001 0.000000e+000
4.232454e+001 -7.183880e+001 0.000000e+000
4.234358e+001 -7.181171e+001 0.000000e+000
4.236262e+001 -7.178461e+001 0.000000e+000
4.238166e+001 -7.175751e+001 0.000000e+000
4.240071e+001 -7.173042e+001 0.000000e+000
4.241975e+001 -7.170332e+001 0.000000e+000
4.243879e+001 -7.167622e+001 0.000000e+000
4.245783e+001 -7.164913e+001 0.000000e+000
4.247687e+001 -7.162203e+001 0.000000e+000
4.249592e+001 -7.159494e+001 0.000000e+000
4.251496e+001 -7.156784e+001 0.000000e+000
4.253400e+001 -7.154074e+001 0.000000e+000
4.255304e+001 -7.151365e+001 0.000000e+000
4.257208e+001 -7.148655e+001 0.000000e+000
4.259113e+001 -7.145945e+001 0.000000e+000
4.261017e+001 -7.143236e+001 0.000000e+000
4.262921e+001 -7.140526e+001 0.000000e+000
4.264825e+001 -7.137816e+001 0.000000e+000
4.266729e+001 -7.135107e+001 0.000000e+000
4.268634e+001 -7.132397e+001 0.000000e+000
4.270538e+001 -7.129687e+001 0.000000e+000
4.272442e+001 -7.126978e+001 0.000000e+000
4.274346e+001 -7.124268e+001 0.000000e+000
4.276250e+001 -7.121558e+001 0.000000e+000
4.278154e+001 -7.118849e+001 0.000000e+000
4.280059e+001 -7.116139e+001 0.000000e+000
4.281963e+001 -7.113430e+001 0.000000e+000
4.283867e+001 -7.110720e+001 0.000000e+000
4.285771e+001 -7.108010e+001 0.000000e+000
4.287675e+001 -7.105301e+001 0.000000e+000
4.289580e+001 -7.102591e+001 0.000000e+000
4.291484e+001 -7.099881e+001 0.000000e+000
4.293388e+001 -7.097172e+001 0.000000e+000
4.295292e+001 -7.094462e+001 0.000000e+000
4.297196e+001 -7.091752e+001 0.000000e+000
4.299101e+001 -7.089043e+001 0.000000e+000
4.301005e+001 -7.086333e+001 0.000000e+000
4.302909e+001 -7.083623e+001 0.000000e+000
4.304813e+001 -7.080914e+001 0.000000e+000
4.306717e+001 -7.078204e+001 0.000000e+000
4.308622e+001 -7.075494e+001 0.000000e+000
4.310526e+001 -7.072785e+001 0.000000e+000
4.312430e+001 -7.070075e+001 0.000000e+000
4.314334e+001 -7.067365e+001 0.000000e+000
4.316238e+001 -7.064656e+001 0.000000e+000
4.318143e+001 -7.061946e+001 0.000000e+000
4.320047e+001 -7.059237e+001 0.000000e+000
4.321951e+001 -7.056527e+001 0.000000e+000
4.323855e+001 -7.053817e+001 0.000000e+000
4.325759e+001 -7.051108e+001 0.000000e+000
4.327664e+001 -7.048398e+001 0.000000e+000
4.329568e+001 -7.045688e+001 0.000000e+000
4.331472e+001 -7.042979e+001 0.000000e+000
4.333376e+001 -7.040269e+001 0.000000e+000
4.335280e+001 -7.037559e+001 0.000000e+000
4.337184e+001 -7.034850e+001 0.000000e+000
4.339089e+001 -7.032140e+001 0.000000e+000
4.340993e+001 -7.029430e+001 0.000000e+000
4.342897e+001 -7.026721e+001 0.000000e+000
4.344801e+001 -7.024011e+001 0.000000e+000
4.346705e+001 -7.021301e+001 0.000000e+000
4.348610e+001 -7.018592e+001 0.000000e+000
4.350514e+001 -7.015882e+001 0.000000e+000
4.352418e+001 -7.013173e+001 0.000000e+000
4.354322e+001 -7.010463e+001 0.000000e+000
4.356226e+001 -7.007753e+001 0.000000e+000
4.358131e+001 -7.005044e+001 0.000000e+000
4.360035e+001 -7.002334e+001 0.000000e+000
4.361939e+001 -6.999624e+001 0.000000e+000
4.363843e+001 -6.996915e+001 0.000000e+000
4.365747e+001 -6.994205e+001 0.000000e+000
4.367652e+001 -6.991495e+001 0.000000e+000
4.369556e+001 -6.988786e+001 0.000000e+000
4.371460e+001 -6.986076e+001 0.000000e+000
4.373364e+001 -6.983366e+001 0.000000e+000
4.375268e+001 -6.980657e+001 0.000000e+000
4.377173e+001 -6.977947e+001 0.000000e+000
4.379077e+001 -6.975237e+001 0.000000e+000
4.380981e+001 -6.972528e+001 0.000000e+000
4.382885e+001 -6.969818e+001 0.000000e+000
4.384789e+001 -6.967108e+001 0.000000e+000
4.386693e+001 -6.964399e+001 0.000000e+000
4.388598e+001 -6.961689e+001 0.000000e+000
4.390502e+001 -6.958980e+001 0.000000e+000
4.392406e+001 -6.956270e+001 0.000000e+000
4.394310e+001 -6.953560e+001 0.000000e+000
4.396214e+001 -6.950851e+001 0.000000e+000
4.398119e+001 -6.948141e+001 0.000000e+000
4.400023e+001 -6.945431e+001 0.000000e+000
4.401927e+001 -6.942722e+001 0.000000e+000
4.403831e+001 -6.940012e+001 0.000000e+000
4.405735e+001 -6.937302e+001 0.000000e+000
4.407640e+001 -6.934593e+001 0.000000e+000
4.409544e+001 -6.931883e+001 0.000000e+000
4.411448e+001 -6.929173e+001 0.000000e+000
4.413352e+001 -6.926464e+001 0.000000e+000
4.415256e+001 -6.923754e+001 0.000000e+000
4.417161e+001 -6.921044e+001 0.000000e+000
4.419065e+001 -6.918335e+001 0.000000e+000
4.420969e+001 -6.915625e+001 0.000000e+000
4.423339e+001 -6.911655e+001 0.000000e+000
4.425710e+001 -6.907686e+001 0.000000e+000
4.428080e+001 -6.903716e+001 0.000000e+000
4.430451e+001 -6.899746e+001 0.000000e+000
4.432821e+001 -6.895776e+001 0.000000e+000
4.435192e+001 -6.891806e+001 0.000000e+000
4.437562e+001 -6.887836e+001 0.000000e+000
4.439933e+001 -6.883867e+001 0.000000e+000
4.442303e+001 -6.879897e+001 0.000000e+000
4.444674e+001 -6.875927e+001 0.000000e+000
4.447044e+001 -6.871957e+001 0.000000e+000
4.449415e+001 -6.867987e+001 0.000000e+000
4.451785e+001 -6.864017e+001 0.000000e+000
4.454156e+001 -6.860047e+001 0.000000e+000
4.456526e+001 -6.856078e+001 0.000000e+000
4.458897e+001 -6.852108e+001 0.000000e+000
4.461267e+001 -6.848138e+001 0.000000e+000
4.463638e+001 -6.844168e+001 0.000000e+000
4.466008e+001 -6.840198e+001 0.000000e+000
4.468379e+001 -6.836228e+001 0.000000e+000
4.470749e+001 -6.832259e+001 0.000000e+000
4.473120e+001 -6.828289e+001 0.000000e+000
4.475490e+001 -6.824319e+001 0.000000e+000
4.477861e+001 -6.820349e+001 0.000000e+000
4.480231e+001 -6.816379e+001 0.000000e+000
4.482602e+001 -6.812409e+001 0.000000e+000
4.484972e+001 -6.808440e+001 0.000000e+000
4.487343e+001 -6.804470e+001 0.000000e+000
4.489713e+001 -6.800500e+001 0.000000e+000
4.492084e+001 -6.796530e+001 0.000000e+000
4.494454e+001 -6.792560e+001 0.000000e+000
4.496825e+001 -6.788590e+001 0.000000e+000
4.499195e+001 -6.784621e+001 0.000000e+000
4.501566e+001 -6.780651e+001 0.000000e+000
4.503936e+001 -6.776681e+001 0.000000e+000
4.506307e+001 -6.772711e+001 0.000000e+000
4.508677e+001 -6.768741e+001 0.000000e+000
4.511048e+001 -6.764771e+001 0.000000e+000
4.513418e+001 -6.760802e+001 0.000000e+000
4.515789e+001 -6.756832e+001 0.000000e+000
4.518159e+001 -6.752862e+001 0.000000e+000
4.520530e+001 -6.748892e+001 0.000000e+000
4.522900e+001 -6.744922e+001 0.000000e+000
4.525271e+001 -6.740952e+001 0.000000e+000
4.527641e+001 -6.736983e+001 0.000000e+000
4.530012e+001 -6.733013e+001 0.000000e+000
4.532382e+001 -6.729043e+001 0.000000e+000
4.534753e+001 -6.725073e+001 0.000000e+000
4.537123e+001 -6.721103e+001 0.000000e+000
4.539494e+001 -6.717133e+001 0.000000e+000
4.541864e+001 -6.713164e+001 0.000000e+000
4.544235e+001 -6.709194e+001 0.000000e+000
4.546605e+001 -6.705224e+001 0.000000e+000
4.548976e+001 -6.701254e+001 0.000000e+000
4.551346e+001 -6.697284e+001 0.000000e+000
4.553717e+001 -6.693314e+001 0.000000e+000
4.556087e+001 -6.689345e+001 0.000000e+000
4.558458e+001 -6.685375e+001 0.000000e+000
4.560828e+001 -6.681405e+001 0.000000e+000
4.563199e+001 -6.677435e+001 0.000000e+000
4.565569e+001 -6.673465e+001 0.000000e+000
4.567940e+001 -6.669495e+001 0.000000e+000
4.570310e+001 -6.665526e+001 0.000000e+000
4.572681e+001 -6.661556e+001 0.000000e+000
4.575051e+001 -6.657586e+001 0.000000e+000
4.577422e+001 -6.653616e+001 0.000000e+000
4.579792e+001 -6.649646e+001 0.000000e+000
4.582163e+001 -6.645676e+001 0.000000e+000
4.584533e+001 -6.641707e+001 0.000000e+000
4.586904e+001 -6.637737e+001 0.000000e+000
4.589274e+001 -6.633767e+001 0.000000e+000
4.591645e+001 -6.629797e+001 0.000000e+000
4.594015e+001 -6.625827e+001 0.000000e+000
4.596386e+001 -6.621857e+001 0.000000e+000
4.598756e+001 -6.617888e+001 0.000000e+000
4.601127e+001 -6.613918e+001 0.000000e+000
4.603497e+001 -6.609948e+001 0.000000e+000
4.605868e+001 -6.605978e+001 0.000000e+000
4.608238e+001 -6.602008e+001 0.000000e+000
4.610609e+001 -6.598038e+001 0.000000e+000
4.612979e+001 -6.594069e+001 0.000000e+000
4.615350e+001 -6.590099e+001 0.000000e+000
4.617720e+001 -6.586129e+001 0.000000e+000
4.620091e+001 -6.582159e+001 0.000000e+000
4.622461e+001 -6.578189e+001 0.000000e+000
4.624832e+001 -6.574219e+001 0.000000e+000
4.627202e+001 -6.570250e+001 0.000000e+000
4.629573e+001 -6.566280e+001 0.000000e+000
4.631943e+001 -6.562310e+001 0.000000e+000
4.634314e+001 -6.558340e+001 0.000000e+000
4.636684e+001 -6.554370e+001 0.000000e+000
4.639055e+001 -6.550400e+001 0.000000e+000
4.641425e+001 -6.546431e+001 0.000000e+000
4.643796e+001 -6.542461e+001 0.000000e+000
4.646166e+001 -6.538491e+001 0.000000e+000
4.648537e+001 -6.534521e+001 0.000000e+000
4.650907e+001 -6.530551e+001 0.000000e+000
4.653278e+001 -6.526581e+001 0.000000e+000
4.655648e+001 -6.522612e+001 0.000000e+000
4.657663e+001 -6.518461e+001 0.000000e+000
4.659677e+001 -6.514310e+001 0.000000e+000
4.661692e+001 -6.510160e+001 0.000000e+000
4.663706e+001 -6.506009e+001 0.000000e+000
4.665721e+001 -6.501859e+001 0.000000e+000
4.667735e+001 -6.497708e+001 0.000000e+000
4.669750e+001 -6.493557e+001 0.000000e+000
4.671764e+001 -6.489407e+001 0.000000e+000
4.673779e+001 -6.485256e+001 0.000000e+000
4.675793e+001 -6.481105e+001 0.000000e+000
4.677808e+001 -6.476955e+001 0.000000e+000
4.679822e+001 -6.472804e+001 0.000000e+000
4.681837e+001 -6.468654e+001 0.000000e+000
4.683851e+001 -6.464503e+001 0.000000e+000
4.685866e+001 -6.460352e+001 0.000000e+000
4.687880e+001 -6.456202e+001 0.000000e+000
4.689895e+001 -6.452051e+001 0.000000e+000
4.691909e+001 -6.447901e+001 0.000000e+000
4.693923e+001 -6.443750e+001 0.000000e+000
4.695938e+001 -6.439599e+001 0.000000e+000
4.697952e+001 -6.435449e+001 0.000000e+000
4.699967e+001 -6.431298e+001 0.000000e+000
4.701981e+001 -6.427148e+001 0.000000e+000
4.703996e+001 -6.422997e+001 0.000000e+000
4.706010e+001 -6.418846e+001 0.000000e+000
4.708025e+001 -6.414696e+001 0.000000e+000
4.710039e+001 -6.410545e+001 0.000000e+000
4.712054e+001 -6.406395e+001 0.000000e+000
4.714068e+001 -6.402244e+001 0.000000e+000
4.716083e+001 -6.398093e+001 0.000000e+000
4.718097e+001 -6.393943e+001 0.000000e+000
4.720112e+001 -6.389792e+001 0.000000e+000
4.722126e+001 -6.385642e+001 0.000000e+000
4.724141e+001 -6.381491e+001 0.000000e+000
4.726155e+001 -6.377340e+001 0.000000e+000
4.728170e+001 -6.373190e+001 0.000000e+000
4.730184e+001 -6.369039e+001 0.000000e+000
4.732199e+001 -6.364889e+001 0.000000e+000
4.734213e+001 -6.360738e+001 0.000000e+000
4.736228e+001 -6.356587e+001 0.000000e+000
4.738242e+001 -6.352437e+001 0.000000e+000
4.740257e+001 -6.348286e+001 0.000000e+000
4.742271e+001 -6.344135e+001 0.000000e+000
4.744285e+001 -6.339985e+001 0.000000e+000
4.746300e+001 -6.335834e+001 0.000000e+000
4.748314e+001 -6.331684e+001 0.000000e+000
4.750329e+001 -6.327533e+001 0.000000e+000
4.752343e+001 -6.323382e+001 0.000000e+000
4.754358e+001 -6.319232e+001 0.000000e+000
4.756372e+001 -6.315081e+001 0.000000e+000
4.758387e+001 -6.310931e+001 0.000000e+000
4.760401e+001 -6.306780e+001 0.000000e+000
4.762416e+001 -6.302629e+001 0.000000e+000
4.764430e+001 -6.298479e+001 0.000000e+000
4.766445e+001 -6.294328e+001 0.000000e+000
4.768459e+001 -6.290178e+001 0.000000e+000
4.770474e+001 -6.286027e+001 0.000000e+000
4.772488e+001 -6.281876e+001 0.000000e+000
4.774503e+001 -6.277726e+001 0.000000e+000
4.776517e+001 -6.273575e+001 0.000000e+000
4.778532e+001 -6.269425e+001 0.000000e+000
4.780546e+001 -6.265274e+001 0.000000e+000
4.782561e+001 -6.261123e+001 0.000000e+000
4.784575e+001 -6.256973e+001 0.000000e+000
4.786590e+001 -6.252822e+001 0.000000e+000
4.788604e+001 -6.248672e+001 0.000000e+000
4.790619e+001 -6.244521e+001 0.000000e+000
4.792633e+001 -6.240370e+001 0.000000e+000
4.794647e+001 -6.236220e+001 0.000000e+000
4.796662e+001 -6.232069e+001 0.000000e+000
4.798676e+001 -6.227919e+001 0.000000e+000
4.800691e+001 -6.223768e+001 0.000000e+000
4.802705e+001 -6.219617e+001 0.000000e+000
4.804720e+001 -6.215467e+001 0.000000e+000
4.806734e+001 -6.211316e+001 0.000000e+000
4.808749e+001 -6.207166e+001 0.000000e+000
4.810763e+001 -6.203015e+001 0.000000e+000
4.812778e+001 -6.198864e+001 0.000000e+000
4.814792e+001 -6.194714e+001 0.000000e+000
4.816807e+001 -6.190563e+001 0.000000e+000
4.818821e+001 -6.186412e+001 0.000000e+000
4.820836e+001 -6.182262e+001 0.000000e+000
4.822850e+001 -6.178111e+001 0.000000e+000
4.824865e+001 -6.173961e+001 0.000000e+000
4.826879e+001 -6.169810e+001 0.000000e+000
4.828894e+001 -6.165659e+001 0.000000e+000
4.830908e+001 -6.161509e+001 0.000000e+000
4.832923e+001 -6.157358e+001 0.000000e+000
4.834937e+001 -6.153208e+001 0.000000e+000
4.836952e+001 -6.149057e+001 0.000000e+000
4.838966e+001 -6.144906e+001 0.000000e+000
4.840981e+001 -6.140756e+001 0.000000e+000
4.842995e+001 -6.136605e+001 0.000000e+000
4.845009e+001 -6.132455e+001 0.000000e+000
4.847024e+001 -6.128304e+001 0.000000e+000
4.849038e+001 -6.124153e+001 0.000000e+000
4.851053e+001 -6.120003e+001 0.000000e+000
4.853067e+001 -6.115852e+001 0.000000e+000
4.855082e+001 -6.111702e+001 0.000000e+000
4.856731e+001 -6.107393e+001 0.000000e+000
4.858380e+001 -6.103084e+001 0.000000e+000
4.860029e+001 -6.098775e+001 0.000000e+000
4.861678e+001 -6.094466e+001 0.000000e+000
4.863327e+001 -6.090157e+001 0.000000e+000
4.864976e+001 -6.085848e+001 0.000000e+000
4.866625e+001 -6.081539e+001 0.000000e+000
4.868274e+001 -6.077231e+001 0.000000e+000
4.869923e+001 -6.072922e+001 0.000000e+000
4.871572e+001 -6.068613e+001 0.000000e+000
4.873221e+001 -6.064304e+001 0.000000e+000
4.874870e+001 -6.059995e+001 0.000000e+000
4.876519e+001 -6.055686e+001 0.000000e+000
4.878168e+001 -6.051377e+001 0.000000e+000
4.879817e+001 -6.047068e+001 0.000000e+000
4.881466e+001 -6.042759e+001 0.000000e+000
4.883115e+001 -6.038451e+001 0.000000e+000
4.884764e+001 -6.034142e+001 0.000000e+000
4.886413e+001 -6.029833e+001 0.000000e+000
4.888062e+001 -6.025524e+001 0.000000e+000
4.889711e+001 -6.021215e+001 0.000000e+000
4.891360e+001 -6.016906e+001 0.000000e+000
4.893009e+001 -6.012597e+001 0.000000e+000
4.894658e+001 -6.008288e+001 0.000000e+000
4.896307e+001 -6.003979e+001 0.000000e+000
4.897956e+001 -5.999671e+001 0.000000e+000
4.899605e+001 -5.995362e+001 0.000000e+000
4.901254e+001 -5.991053e+001 0.000000e+000
4.902903e+001 -5.986744e+001 0.000000e+000
4.904552e+001 -5.982435e+001 0.000000e+000
4.906201e+001 -5.978126e+001 0.000000e+000
4.907850e+001 -5.973817e+001 0.000000e+000
4.909499e+001 -5.969508e+001 0.000000e+000
4.911148e+001 -5.965200e+001 0.000000e+000
4.912797e+001 -5.960891e+001 0.000000e+000
4.914446e+001 -5.956582e+001 0.000000e+000
4.916095e+001 -5.952273e+001 0.000000e+000
4.917744e+001 -5.947964e+001 0.000000e+000
4.919393e+001 -5.943655e+001 0.000000e+000
4.921042e+001 -5.939346e+001 0.000000e+000
4.922691e+001 -5.935037e+001 0.000000e+000
4.924340e+001 -5.930728e+001 0.000000e+000
4.925989e+001 -5.926420e+001 0.000000e+000
4.927638e+001 -5.922111e+001 0.000000e+000
4.929287e+001 -5.917802e+001 0.000000e+000
4.930936e+001 -5.913493e+001 0.000000e+000
4.932585e+001 -5.909184e+001 0.000000e+000
4.934234e+001 -5.904875e+001 0.000000e+000
4.935883e+001 -5.900566e+001 0.000000e+000
4.937532e+001 -5.896257e+001 0.000000e+000
4.939181e+001 -5.891949e+001 0.000000e+000
4.940830e+001 -5.887640e+001 0.000000e+000
4.942479e+001 -5.883331e+001 0.000000e+000
4.944128e+001 -5.879022e+001 0.000000e+000
4.945777e+001 -5.874713e+001 0.000000e+000
4.947426e+001 -5.870404e+001 0.000000e+000
4.949075e+001 -5.866095e+001 0.000000e+000
4.950724e+001 -5.861786e+001 0.000000e+000
4.952373e+001 -5.857477e+001 0.000000e+000
4.954022e+001 -5.853169e+001 0.000000e+000
4.955671e+001 -5.848860e+001 0.000000e+000
4.957320e+001 -5.844551e+001 0.000000e+000
4.958969e+001 -5.840242e+001 0.000000e+000
4.960617e+001 -5.835933e+001 0.000000e+000
4.962266e+001 -5.831624e+001 0.000000e+000
4.963915e+001 -5.827315e+001 0.000000e+000
4.965564e+001 -5.823006e+001 0.000000e+000
4.967213e+001 -5.818698e+001 0.000000e+000
4.968862e+001 -5.814389e+001 0.000000e+000
4.970511e+001 -5.810080e+001 0.000000e+000
4.972160e+001 -5.805771e+001 0.000000e+000
4.973809e+001 -5.801462e+001 0.000000e+000
4.975458e+001 -5.797153e+001 0.000000e+000
4.977107e+001 -5.792844e+001 0.000000e+000
4.978756e+001 -5.788535e+001 0.000000e+000
4.980405e+001 -5.784226e+001 0.000000e+000
4.982054e+001 -5.779918e+001 0.000000e+000
4.983703e+001 -5.775609e+001 0.000000e+000
4.985352e+001 -5.771300e+001 0.000000e+000
4.987001e+001 -5.766991e+001 0.000000e+000
4.988650e+001 -5.762682e+001 0.000000e+000
4.990299e+001 -5.758373e+001 0.000000e+000
4.991948e+001 -5.754064e+001 0.000000e+000
4.993597e+001 -5.749755e+001 0.000000e+000
4.995246e+001 -5.745447e+001 0.000000e+000
4.996895e+001 -5.741138e+001 0.000000e+000
4.998544e+001 -5.736829e+001 0.000000e+000
5.000193e+001 -5.732520e+001 0.000000e+000
5.001842e+001 -5.728211e+001 0.000000e+000
5.003491e+001 -5.723902e+001 0.000000e+000
5.005140e+001 -5.719593e+001 0.000000e+000
5.006789e+001 -5.715284e+001 0.000000e+000
5.008438e+001 -5.710975e+001 0.000000e+000
5.010087e+001 -5.706667e+001 0.000000e+000
5.011736e+001 -5.702358e+001 0.000000e+000
5.013385e+001 -5.698049e+001 0.000000e+000
5.015034e+001 -5.693740e+001 0.000000e+000
5.016683e+001 -5.689431e+001 0.000000e+000
5.018332e+001 -5.685122e+001 0.000000e+000
5.019604e+001 -5.680687e+001 0.000000e+000
5.020875e+001 -5.676252e+001 0.000000e+000
5.022146e+001 -5.671817e+001 0.000000e+000
5.023417e+001 -5.667382e+001 0.000000e+000
5.024688e+001 -5.662947e+001 0.000000e+000
5.025960e+001 -5.658512e+001 0.000000e+000
5.027231e+001 -5.654077e+001 0.000000e+000
5.028502e+001 -5.649642e+001 0.000000e+000
5.029773e+001 -5.645207e+001 0.000000e+000
5.031044e+001 -5.640772e+001 0.000000e+000
5.032316e+001 -5.636337e+001 0.000000e+000
5.033587e+001 -5.631902e+001 0.000000e+000
5.034858e+001 -5.627467e+001 0.000000e+000
5.036129e+001 -5.623031e+001 0.000000e+000
5.037401e+001 -5.618596e+001 0.000000e+000
5.038672e+001 -5.614161e+001 0.000000e+000
5.039943e+001 -5.609726e+001 0.000000e+000
5.041214e+001 -5.605291e+001 0.000000e+000
5.042485e+001 -5.600856e+001 0.000000e+000
5.043757e+001 -5.596421e+001 0.000000e+000
5.045028e+001 -5.591986e+001 0.000000e+000
5.046299e+001 -5.587551e+001 0.000000e+000
5.047570e+001 -5.583116e+001 0.000000e+000
5.048842e+001 -5.578681e+001 0.000000e+000
5.050113e+001 -5.574246e+001 0.000000e+000
5.051384e+001 -5.569811e+001 0.000000e+000
5.052655e+001 -5.565376e+001 0.000000e+000
5.053926e+001 -5.560941e+001 0.000000e+000
5.055198e+001 -5.556506e+001 0.000000e+000
5.056469e+001 -5.552071e+001 0.000000e+000
5.057740e+001 -5.547636e+001 0.000000e+000
5.059011e+001 -5.543201e+001 0.000000e+000
5.060283e+001 -5.538766e+001 0.000000e+000
5.061554e+001 -5.534330e+001 0.000000e+000
5.062825e+001 -5.529895e+001 0.000000e+000
5.064096e+001 -5.525460e+001 0.000000e+000
5.065367e+001 -5.521025e+001 0.000000e+000
5.066639e+001 -5.516590e+001 0.000000e+000
5.067910e+001 -5.512155e+001 0.000000e+000
5.069181e+001 -5.507720e+001 0.000000e+000
5.070452e+001 -5.503285e+001 0.000000e+000
5.071724e+001 -5.498850e+001 0.000000e+000
5.072995e+001 -5.494415e+001 0.000000e+000
5.074266e+001 -5.489980e+001 0.000000e+000
5.075537e+001 -5.485545e+001 0.000000e+000
5.076808e+001 -5.481110e+001 0.000000e+000
5.078080e+001 -5.476675e+001 0.000000e+000
5.079351e+001 -5.472240e+001 0.000000e+000
5.080622e+001 -5.467805e+001 0.000000e+000
5.081893e+001 -5.463370e+001 0.000000e+000
5.083164e+001 -5.458935e+001 0.000000e+000
5.084436e+001 -5.454500e+001 0.000000e+000
5.085707e+001 -5.450065e+001 0.000000e+000
5.086978e+001 -5.445630e+001 0.000000e+000
5.088249e+001 -5.441194e+001 0.000000e+000
5.089521e+001 -5.436759e+001 0.000000e+000
5.090792e+001 -5.432324e+001 0.000000e+000
5.092063e+001 -5.427889e+001 0.000000e+000
5.093334e+001 -5.423454e+001 0.000000e+000
5.094605e+001 -5.419019e+001 0.000000e+000
5.095877e+001 -5.414584e+001 0.000000e+000
5.097148e+001 -5.410149e+001 0.000000e+000
5.098419e+001 -5.405714e+001 0.000000e+000
5.099690e+001 -5.401279e+001 0.000000e+000
5.100962e+001 -5.396844e+001 0.000000e+000
5.102233e+001 -5.392409e+001 0.000000e+000
5.103504e+001 -5.387974e+001 0.000000e+000
5.104775e+001 -5.383539e+001 0.000000e+000
5.106046e+001 -5.379104e+001 0.000000e+000
5.107318e+001 -5.374669e+001 0.000000e+000
5.108589e+001 -5.370234e+001 0.000000e+000
5.109860e+001 -5.365799e+001 0.000000e+000
5.111131e+001 -5.361364e+001 0.000000e+000
5.112403e+001 -5.356929e+001 0.000000e+000
5.113674e+001 -5.352493e+001 0.000000e+000
5.114945e+001 -5.348058e+001 0.000000e+000
5.116216e+001 -5.343623e+001 0.000000e+000
5.117487e+001 -5.339188e+001 0.000000e+000
5.118759e+001 -5.334753e+001 0.000000e+000
5.120030e+001 -5.330318e+001 0.000000e+000
5.121301e+001 -5.325883e+001 0.000000e+000
5.122572e+001 -5.321448e+001 0.000000e+000
5.123844e+001 -5.317013e+001 0.000000e+000
5.125115e+001 -5.312578e+001 0.000000e+000
5.126386e+001 -5.308143e+001 0.000000e+000
5.127657e+001 -5.303708e+001 0.000000e+000
5.128928e+001 -5.299273e+001 0.000000e+000
5.130200e+001 -5.294838e+001 0.000000e+000
5.131471e+001 -5.290403e+001 0.000000e+000
5.132742e+001 -5.285968e+001 0.000000e+000
5.134013e+001 -5.281533e+001 0.000000e+000
5.135284e+001 -5.277098e+001 0.000000e+000
5.136556e+001 -5.272663e+001 0.000000e+000
5.137827e+001 -5.268228e+001 0.000000e+000
5.139098e+001 -5.263793e+001 0.000000e+000
5.140369e+001 -5.259357e+001 0.000000e+000
5.141641e+001 -5.254922e+001 0.000000e+000
5.142912e+001 -5.250487e+001 0.000000e+000
5.144183e+001 -5.246052e+001 0.000000e+000
5.144834e+001 -5.242939e+001 0.000000e+000
5.145485e+001 -5.239826e+001 0.000000e+000
5.146137e+001 -5.236713e+001 0.000000e+000
5.146788e+001 -5.233599e+001 0.000000e+000
5.147439e+001 -5.230486e+001 0.000000e+000
5.148090e+001 -5.227373e+001 0.000000e+000
5.148742e+001 -5.224260e+001 0.000000e+000
5.149393e+001 -5.221147e+001 0.000000e+000
5.150044e+001 -5.218033e+001 0.000000e+000
5.150695e+001 -5.214920e+001 0.000000e+000
5.151347e+001 -5.211807e+001 0.000000e+000
5.151998e+001 -5.208694e+001 0.000000e+000
5.152649e+001 -5.205581e+001 0.000000e+000
5.153300e+001 -5.202467e+001 0.000000e+000
5.153951e+001 -5.199354e+001 0.000000e+000
5.154603e+001 -5.196241e+001 0.000000e+000
5.155254e+001 -5.193128e+001 0.000000e+000
5.155905e+001 -5.190014e+001 0.000000e+000
5.156556e+001 -5.186901e+001 0.000000e+000
5.157208e+001 -5.183788e+001 0.000000e+000
5.157859e+001 -5.180675e+001 0.000000e+000
5.158510e+001 -5.177562e+001 0.000000e+000
5.159161e+001 -5.174448e+001 0.000000e+000
5.159812e+001 -5.171335e+001 0.000000e+000
5.160464e+001 -5.168222e+001 0.000000e+000
5.161115e+001 -5.165109e+001 0.000000e+000
5.161766e+001 -5.161996e+001 0.000000e+000
5.162417e+001 -5.158882e+001 0.000000e+000
5.163069e+001 -5.155769e+001 0.000000e+000
5.163720e+001 -5.152656e+001 0.000000e+000
5.164371e+001 -5.149543e+001 0.000000e+000
5.165022e+001 -5.146429e+001 0.000000e+000
5.165673e+001 -5.143316e+001 0.000000e+000
5.166325e+001 -5.140203e+001 0.000000e+000
5.166976e+001 -5.137090e+001 0.000000e+000
5.167627e+001 -5.133977e+001 0.000000e+000
5.168278e+001 -5.130863e+001 0.000000e+000
5.168930e+001 -5.127750e+001 0.000000e+000
5.169581e+001 -5.124637e+001 0.000000e+000
5.170232e+001 -5.121524e+001 0.000000e+000
5.170883e+001 -5.118411e+001 0.000000e+000
5.171535e+001 -5.115297e+001 0.000000e+000
5.172186e+001 -5.112184e+001 0.000000e+000
5.172837e+001 -5.109071e+001 0.000000e+000
5.173488e+001 -5.105958e+001 0.000000e+000
5.174139e+001 -5.102844e+001 0.000000e+000
5.174791e+001 -5.099731e+001 0.000000e+000
5.175442e+001 -5.096618e+001 0.000000e+000
5.176093e+001 -5.093505e+001 0.000000e+000
5.176744e+001 -5.090392e+001 0.000000e+000
5.177396e+001 -5.087278e+001 0.000000e+000
5.178047e+001 -5.084165e+001 0.000000e+000
5.178698e+001 -5.081052e+001 0.000000e+000
5.179349e+001 -5.077939e+001 0.000000e+000
5.180000e+001 -5.074826e+001 0.000000e+000
5.180652e+001 -5.071712e+001 0.000000e+000
5.181303e+001 -5.068599e+001 0.000000e+000
5.181954e+001 -5.065486e+001 0.000000e+000
5.182605e+001 -5.062373e+001 0.000000e+000
5.183257e+001 -5.059259e+001 0.000000e+000
5.183908e+001 -5.056146e+001 0.000000e+000
5.184559e+001 -5.053033e+001 0.000000e+000
5.185210e+001 -5.049920e+001 0.000000e+000
5.185861e+001 -5.046807e+001 0.000000e+000
5.186513e+001 -5.043693e+001 0.000000e+000
5.187164e+001 -5.040580e+001 0.000000e+000
5.187815e+001 -5.037467e+001 0.000000e+000
5.188466e+001 -5.034354e+001 0.000000e+000
5.189118e+001 -5.031241e+001 0.000000e+000
5.189769e+001 -5.028127e+001 0.000000e+000
5.190420e+001 -5.025014e+001 0.000000e+000
5.191071e+001 -5.021901e+001 0.000000e+000
5.191723e+001 -5.018788e+001 0.000000e+000
5.192374e+001 -5.015674e+001 0.000000e+000
5.193025e+001 -5.012561e+001 0.000000e+000
5.193676e+001 -5.009448e+001 0.000000e+000
5.194327e+001 -5.006335e+001 0.000000e+000
5.194979e+001 -5.003222e+001 0.000000e+000
5.195630e+001 -5.000108e+001 0.000000e+000
5.196281e+001 -4.996995e+001 0.000000e+000
5.196932e+001 -4.993882e+001 0.000000e+000
5.197584e+001 -4.990769e+001 0.000000e+000
5.198235e+001 -4.987655e+001 0.000000e+000
5.198886e+001 -4.984542e+001 0.000000e+000
5.199537e+001 -4.981429e+001 0.000000e+000
5.200188e+001 -4.978316e+001 0.000000e+000
5.200840e+001 -4.975203e+001 0.000000e+000
5.201491e+001 -4.972089e+001 0.000000e+000
5.202142e+001 -4.968976e+001 0.000000e+000
5.202793e+001 -4.965863e+001 0.000000e+000
5.203445e+001 -4.962750e+001 0.000000e+000
5.204096e+001 -4.959637e+001 0.000000e+000
5.204747e+001 -4.956523e+001 0.000000e+000
5.205398e+001 -4.953410e+001 0.000000e+000
5.206049e+001 -4.950297e+001 0.000000e+000
5.206701e+001 -4.947184e+001 0.000000e+000
5.207352e+001 -4.944070e+001 0.000000e+000
5.208003e+001 -4.940957e+001 0.000000e+000
5.208654e+001 -4.937844e+001 0.000000e+000
5.217324e+001 -4.888681e+001 0.000000e+000
5.225993e+001 -4.839518e+001 0.000000e+000
5.234662e+001 -4.790355e+001 0.000000e+000
5.243331e+001 -4.741192e+001 0.000000e+000
5.252000e+001 -4.692029e+001 0.000000e+000
5.260669e+001 -4.642866e+001 0.000000e+000
5.269338e+001 -4.593703e+001 0.000000e+000
5.278008e+001 -4.544539e+001 0.000000e+000
5.286677e+001 -4.495376e+001 0.000000e+000
5.295346e+001 -4.446213e+001 0.000000e+000
5.304015e+001 -4.397050e+001 0.000000e+000
5.312684e+001 -4.347887e+001 0.000000e+000
5.321353e+001 -4.298724e+001 0.000000e+000
5.330022e+001 -4.249561e+001 0.000000e+000
5.338692e+001 -4.200398e+001 0.000000e+000
5.347361e+001 -4.151235e+001 0.000000e+000
5.356030e+001 -4.102072e+001 0.000000e+000
5.364699e+001 -4.052909e+001 0.000000e+000
5.373368e+001 -4.003746e+001 0.000000e+000
5.382037e+001 -3.954583e+001 0.000000e+000
5.390706e+001 -3.905420e+001 0.000000e+000
5.399376e+001 -3.856256e+001 0.000000e+000
5.408045e+001 -3.807093e+001 0.000000e+000
5.416714e+001 -3.757930e+001 0.000000e+000
5.425383e+001 -3.708767e+001 0.000000e+000
5.434052e+001 -3.659604e+001 0.000000e+000
5.442721e+001 -3.610441e+001 0.000000e+000
5.451391e+001 -3.561278e+001 0.000000e+000
5.460060e+001 -3.512115e+001 0.000000e+000
5.468729e+001 -3.462952e+001 0.000000e+000
5.477398e+001 -3.413789e+001 0.000000e+000
5.486067e+001 -3.364626e+001 0.000000e+000
5.494736e+001 -3.315463e+001 0.000000e+000
5.503405e+001 -3.266300e+001 0.000000e+000
5.512075e+001 -3.217137e+001 0.000000e+000
5.520744e+001 -3.167973e+001 0.000000e+000
5.529413e+001 -3.118810e+001 0.000000e+000
5.538082e+001 -3.069647e+001 0.000000e+000
5.546751e+001 -3.020484e+001 0.000000e+000
5.555420e+001 -2.971321e+001 0.000000e+000
5.564089e+001 -2.922158e+001 0.000000e+000
5.572759e+001 -2.872995e+001 0.000000e+000
5.581428e+001 -2.823832e+001 0.000000e+000
5.590097e+001 -2.774669e+001 0.000000e+000
5.598766e+001 -2.725506e+001 0.000000e+000
5.607435e+001 -2.676343e+001 0.000000e+000
5.616104e+001 -2.627180e+001 0.000000e+000
5.624773e+001 -2.578017e+001 0.000000e+000
5.633443e+001 -2.528854e+001 0.000000e+000
5.642112e+001 -2.479690e+001 0.000000e+000
5.650781e+001 -2.430527e+001 0.000000e+000
5.659450e+001 -2.381364e+001 0.000000e+000
5.668119e+001 -2.332201e+001 0.000000e+000
5.676788e+001 -2.283038e+001 0.000000e+000
5.685458e+001 -2.233875e+001 0.000000e+000
5.694127e+001 -2.184712e+001 0.000000e+000
5.702796e+001 -2.135549e+001 0.000000e+000
5.711465e+001 -2.086386e+001 0.000000e+000
5.720134e+001 -2.037223e+001 0.000000e+000
5.728803e+001 -1.988060e+001 0.000000e+000
5.737472e+001 -1.938897e+001 0.000000e+000
5.746142e+001 -1.889734e+001 0.000000e+000
5.754811e+001 -1.840571e+001 0.000000e+000
5.763480e+001 -1.791407e+001 0.000000e+000
5.772149e+001 -1.742244e+001 0.000000e+000
5.780818e+001 -1.693081e+001 0.000000e+000
5.789487e+001 -1.643918e+001 0.000000e+000
5.798156e+001 -1.594755e+001 0.000000e+000
5.806826e+001 -1.545592e+001 0.000000e+000
5.815495e+001 -1.496429e+001 0.000000e+000
5.824164e+001 -1.447266e+001 0.000000e+000
5.832833e+001 -1.398103e+001 0.000000e+000
5.841502e+001 -1.348940e+001 0.000000e+000
5.850171e+001 -1.299777e+001 0.000000e+000
5.858840e+001 -1.250614e+001 0.000000e+000
5.867510e+001 -1.201451e+001 0.000000e+000
5.876179e+001 -1.152288e+001 0.000000e+000
5.884848e+001 -1.103124e+001 0.000000e+000
5.893517e+001 -1.053961e+001 0.000000e+000
5.902186e+001 -1.004798e+001 0.000000e+000
5.910855e+001 -9.556353e+000 0.000000e+000
5.919524e+001 -9.064722e+000 0.000000e+000
5.928194e+001 -8.573091e+000 0.000000e+000
5.936863e+001 -8.081461e+000 0.000000e+000
5.945532e+001 -7.589830e+000 0.000000e+000
5.954201e+001 -7.098199e+000 0.000000e+000
5.962870e+001 -6.606569e+000 0.000000e+000
5.971539e+001 -6.114938e+000 0.000000e+000
5.980209e+001 -5.623307e+000 0.000000e+000
5.988878e+001 -5.131676e+000 0.000000e+000
5.997547e+001 -4.640046e+000 0.000000e+000
6.006216e+001 -4.148415e+000 0.000000e+000
6.014885e+001 -3.656784e+000 0.000000e+000
6.023554e+001 -3.165154e+000 0.000000e+000
6.032223e+001 -2.673523e+000 0.000000e+000
6.040893e+001 -2.181892e+000 0.000000e+000
6.049562e+001 -1.690261e+000 0.000000e+000
6.058231e+001 -1.198631e+000 0.000000e+000
6.066900e+001 -7.070000e-001 0.000000e+000
