0.000000e+000 -1.025000e+002 0.000000e+000
3.320260e-002 -1.024989e+002 0.000000e+000
6.640521e-002 -1.024979e+002 0.000000e+000
9.960781e-002 -1.024968e+002 0.000000e+000
1.328104e-001 -1.024957e+002 0.000000e+000
1.660130e-001 -1.024946e+002 0.000000e+000
1.992156e-001 -1.024936e+002 0.000000e+000
2.324182e-001 -1.024925e+002 0.000000e+000
2.656208e-001 -1.024914e+002 0.000000e+000
2.988234e-001 -1.024903e+002 0.000000e+000
3.320260e-001 -1.024893e+002 0.000000e+000
3.652286e-001 -1.024882e+002 0.000000e+000
3.984313e-001 -1.024871e+002 0.000000e+000
4.316339e-001 -1.024860e+002 0.000000e+000
4.648365e-001 -1.024850e+002 0.000000e+000
4.980391e-001 -1.024839e+002 0.000000e+000
5.312417e-001 -1.024828e+002 0.000000e+000
5.644443e-001 -1.024818e+002 0.000000e+000
5.976469e-001 -1.024807e+002 0.000000e+000
6.308495e-001 -1.024796e+002 0.000000e+000
6.640521e-001 -1.024785e+002 0.000000e+000
6.972547e-001 -1.024775e+002 0.000000e+000
7.304573e-001 -1.024764e+002 0.000000e+000
7.636599e-001 -1.024753e+002 0.000000e+000
7.968625e-001 -1.024742e+002 0.000000e+000
8.300651e-001 -1.024732e+002 0.000000e+000
8.632677e-001 -1.024721e+002 0.000000e+000
8.964703e-001 -1.024710e+002 0.000000e+000
9.296729e-001 -1.024700e+002 0.000000e+000
9.628755e-001 -1.024689e+002 0.000000e+000
9.960781e-001 -1.024678e+002 0.000000e+000
1.029281e+000 -1.024667e+002 0.000000e+000
1.062483e+000 -1.024657e+002 0.000000e+000
1.095686e+000 -1.024646e+002 0.000000e+000
1.128889e+000 -1.024635e+002 0.000000e+000
1.162091e+000 -1.024624e+002 0.000000e+000
1.195294e+000 -1.024614e+002 0.000000e+000
1.228496e+000 -1.024603e+002 0.000000e+000
1.261699e+000 -1.024592e+002 0.000000e+000
1.294902e+000 -1.024581e+002 0.000000e+000
1.328104e+000 -1.024571e+002 0.000000e+000
1.361307e+000 -1.024560e+002 0.000000e+000
1.394509e+000 -1.024549e+002 0.000000e+000
1.427712e+000 -1.024539e+002 0.000000e+000
1.460915e+000 -1.024528e+002 0.000000e+000
1.494117e+000 -1.024517e+002 0.000000e+000
1.527320e+000 -1.024506e+002 0.000000e+000
1.560522e+000 -1.024496e+002 0.000000e+000
1.593725e+000 -1.024485e+002 0.000000e+000
1.626928e+000 -1.024474e+002 0.000000e+000
1.660130e+000 -1.024463e+002 0.000000e+000
1.693333e+000 -1.024453e+002 0.000000e+000
1.726535e+000 -1.024442e+002 0.000000e+000
1.759738e+000 -1.024431e+002 0.000000e+000
1.792941e+000 -1.024420e+002 0.000000e+000
1.826143e+000 -1.024410e+002 0.000000e+000
1.859346e+000 -1.024399e+002 0.000000e+000
1.892548e+000 -1.024388e+002 0.000000e+000
1.925751e+000 -1.024378e+002 0.000000e+000
1.958954e+000 -1.024367e+002 0.000000e+000
1.992156e+000 -1.024356e+002 0.000000e+000
2.025359e+000 -1.024345e+002 0.000000e+000
2.058561e+000 -1.024335e+002 0.000000e+000
2.091764e+000 -1.024324e+002 0.000000e+000
2.124967e+000 -1.024313e+002 0.000000e+000
2.158169e+000 -1.024302e+002 0.000000e+000
2.191372e+000 -1.024292e+002 0.000000e+000
2.224575e+000 -1.024281e+002 0.000000e+000
2.257777e+000 -1.024270e+002 0.000000e+000
2.290980e+000 -1.024259e+002 0.000000e+000
2.324182e+000 -1.024249e+002 0.000000e+000
2.357385e+000 -1.024238e+002 0.000000e+000
2.390588e+000 -1.024227e+002 0.000000e+000
2.423790e+000 -1.024217e+002 0.000000e+000
2.456993e+000 -1.024206e+002 0.000000e+000
2.490195e+000 -1.024195e+002 0.000000e+000
2.523398e+000 -1.024184e+002 0.000000e+000
2.556601e+000 -1.024174e+002 0.000000e+000
2.589803e+000 -1.024163e+002 0.000000e+000
2.623006e+000 -1.024152e+002 0.000000e+000
2.656208e+000 -1.024141e+002 0.000000e+000
2.689411e+000 -1.024131e+002 0.000000e+000
2.722614e+000 -1.024120e+002 0.000000e+000
2.755816e+000 -1.024109e+002 0.000000e+000
2.789019e+000 -1.024099e+002 0.000000e+000
2.822221e+000 -1.024088e+002 0.000000e+000
2.855424e+000 -1.024077e+002 0.000000e+000
2.888627e+000 -1.024066e+002 0.000000e+000
2.921829e+000 -1.024056e+002 0.000000e+000
2.955032e+000 -1.024045e+002 0.000000e+000
2.988234e+000 -1.024034e+002 0.000000e+000
3.021437e+000 -1.024023e+002 0.000000e+000
3.054640e+000 -1.024013e+002 0.000000e+000
3.087842e+000 -1.024002e+002 0.000000e+000
3.121045e+000 -1.023991e+002 0.000000e+000
3.154247e+000 -1.023980e+002 0.000000e+000
3.187450e+000 -1.023970e+002 0.000000e+000
3.220653e+000 -1.023959e+002 0.000000e+000
3.253855e+000 -1.023948e+002 0.000000e+000
3.287058e+000 -1.023938e+002 0.000000e+000
3.320122e+000 -1.023905e+002 0.000000e+000
3.353186e+000 -1.023873e+002 0.000000e+000
3.386250e+000 -1.023841e+002 0.000000e+000
3.419314e+000 -1.023809e+002 0.000000e+000
3.452378e+000 -1.023777e+002 0.000000e+000
3.485442e+000 -1.023745e+002 0.000000e+000
3.518506e+000 -1.023712e+002 0.000000e+000
3.551570e+000 -1.023680e+002 0.000000e+000
3.584634e+000 -1.023648e+002 0.000000e+000
3.617698e+000 -1.023616e+002 0.000000e+000
3.650762e+000 -1.023584e+002 0.000000e+000
3.683826e+000 -1.023552e+002 0.000000e+000
3.716890e+000 -1.023520e+002 0.000000e+000
3.749954e+000 -1.023487e+002 0.000000e+000
3.783018e+000 -1.023455e+002 0.000000e+000
3.816082e+000 -1.023423e+002 0.000000e+000
3.849147e+000 -1.023391e+002 0.000000e+000
3.882211e+000 -1.023359e+002 0.000000e+000
3.915275e+000 -1.023327e+002 0.000000e+000
3.948339e+000 -1.023295e+002 0.000000e+000
3.981403e+000 -1.023262e+002 0.000000e+000
4.014467e+000 -1.023230e+002 0.000000e+000
4.047531e+000 -1.023198e+002 0.000000e+000
4.080595e+000 -1.023166e+002 0.000000e+000
4.113659e+000 -1.023134e+002 0.000000e+000
4.146723e+000 -1.023102e+002 0.000000e+000
4.179787e+000 -1.023070e+002 0.000000e+000
4.212851e+000 -1.023037e+002 0.000000e+000
4.245915e+000 -1.023005e+002 0.000000e+000
4.278979e+000 -1.022973e+002 0.000000e+000
4.312043e+000 -1.022941e+002 0.000000e+000
4.345107e+000 -1.022909e+002 0.000000e+000
4.378171e+000 -1.022877e+002 0.000000e+000
4.411235e+000 -1.022845e+002 0.000000e+000
4.444299e+000 -1.022812e+002 0.000000e+000
4.477363e+000 -1.022780e+002 0.000000e+000
4.510427e+000 -1.022748e+002 0.000000e+000
4.543491e+000 -1.022716e+002 0.000000e+000
4.576555e+000 -1.022684e+002 0.000000e+000
4.609619e+000 -1.022652e+002 0.000000e+000
4.642683e+000 -1.022620e+002 0.000000e+000
4.675748e+000 -1.022587e+002 0.000000e+000
4.708812e+000 -1.022555e+002 0.000000e+000
4.741876e+000 -1.022523e+002 0.000000e+000
4.774940e+000 -1.022491e+002 0.000000e+000
4.808004e+000 -1.022459e+002 0.000000e+000
4.841068e+000 -1.022427e+002 0.000000e+000
4.874132e+000 -1.022394e+002 0.000000e+000
4.907196e+000 -1.022362e+002 0.000000e+000
4.940260e+000 -1.022330e+002 0.000000e+000
4.973324e+000 -1.022298e+002 0.000000e+000
5.006388e+000 -1.022266e+002 0.000000e+000
5.039452e+000 -1.022234e+002 0.000000e+000
5.072516e+000 -1.022202e+002 0.000000e+000
5.105580e+000 -1.022169e+002 0.000000e+000
5.138644e+000 -1.022137e+002 0.000000e+000
5.171708e+000 -1.022105e+002 0.000000e+000
5.204772e+000 -1.022073e+002 0.000000e+000
5.237836e+000 -1.022041e+002 0.000000e+000
5.270900e+000 -1.022009e+002 0.000000e+000
5.303964e+000 -1.021977e+002 0.000000e+000
5.337028e+000 -1.021944e+002 0.000000e+000
5.370092e+000 -1.021912e+002 0.000000e+000
5.403156e+000 -1.021880e+002 0.000000e+000
5.436220e+000 -1.021848e+002 0.000000e+000
5.469284e+000 -1.021816e+002 0.000000e+000
5.502349e+000 -1.021784e+002 0.000000e+000
5.535413e+000 -1.021752e+002 0.000000e+000
5.568477e+000 -1.021719e+002 0.000000e+000
5.601541e+000 -1.021687e+002 0.000000e+000
5.634605e+000 -1.021655e+002 0.000000e+000
5.667669e+000 -1.021623e+002 0.000000e+000
5.700733e+000 -1.021591e+002 0.000000e+000
5.733797e+000 -1.021559e+002 0.000000e+000
5.766861e+000 -1.021527e+002 0.000000e+000
5.799925e+000 -1.021494e+002 0.000000e+000
5.832989e+000 -1.021462e+002 0.000000e+000
5.866053e+000 -1.021430e+002 0.000000e+000
5.899117e+000 -1.021398e+002 0.000000e+000
5.932181e+000 -1.021366e+002 0.000000e+000
5.965245e+000 -1.021334e+002 0.000000e+000
5.998309e+000 -1.021302e+002 0.000000e+000
6.031373e+000 -1.021269e+002 0.000000e+000
6.064437e+000 -1.021237e+002 0.000000e+000
6.097501e+000 -1.021205e+002 0.000000e+000
6.130565e+000 -1.021173e+002 0.000000e+000
6.163629e+000 -1.021141e+002 0.000000e+000
6.196693e+000 -1.021109e+002 0.000000e+000
6.229757e+000 -1.021076e+002 0.000000e+000
6.262821e+000 -1.021044e+002 0.000000e+000
6.295885e+000 -1.021012e+002 0.000000e+000
6.328950e+000 -1.020980e+002 0.000000e+000
6.362014e+000 -1.020948e+002 0.000000e+000
6.395078e+000 -1.020916e+002 0.000000e+000
6.428142e+000 -1.020884e+002 0.000000e+000
6.461206e+000 -1.020851e+002 0.000000e+000
6.494270e+000 -1.020819e+002 0.000000e+000
6.527334e+000 -1.020787e+002 0.000000e+000
6.560398e+000 -1.020755e+002 0.000000e+000
6.593185e+000 -1.020702e+002 0.000000e+000
6.625973e+000 -1.020648e+002 0.000000e+000
6.658760e+000 -1.020595e+002 0.000000e+000
6.691548e+000 -1.020541e+002 0.000000e+000
6.724335e+000 -1.020488e+002 0.000000e+000
6.757123e+000 -1.020434e+002 0.000000e+000
6.789910e+000 -1.020381e+002 0.000000e+000
6.822698e+000 -1.020328e+002 0.000000e+000
6.855485e+000 -1.020274e+002 0.000000e+000
6.888273e+000 -1.020221e+002 0.000000e+000
6.921060e+000 -1.020167e+002 0.000000e+000
6.953848e+000 -1.020114e+002 0.000000e+000
6.986635e+000 -1.020060e+002 0.000000e+000
7.019423e+000 -1.020007e+002 0.000000e+000
7.052210e+000 -1.019954e+002 0.000000e+000
7.084998e+000 -1.019900e+002 0.000000e+000
7.117785e+000 -1.019847e+002 0.000000e+000
7.150573e+000 -1.019793e+002 0.000000e+000
7.183360e+000 -1.019740e+002 0.000000e+000
7.216148e+000 -1.019686e+002 0.000000e+000
7.248935e+000 -1.019633e+002 0.000000e+000
7.281723e+000 -1.019580e+002 0.000000e+000
7.314510e+000 -1.019526e+002 0.000000e+000
7.347298e+000 -1.019473e+002 0.000000e+000
7.380085e+000 -1.019419e+002 0.000000e+000
7.412873e+000 -1.019366e+002 0.000000e+000
7.445660e+000 -1.019312e+002 0.000000e+000
7.478448e+000 -1.019259e+002 0.000000e+000
7.511235e+000 -1.019206e+002 0.000000e+000
7.544023e+000 -1.019152e+002 0.000000e+000
7.576810e+000 -1.019099e+002 0.000000e+000
7.609598e+000 -1.019045e+002 0.000000e+000
7.642385e+000 -1.018992e+002 0.000000e+000
7.675173e+000 -1.018939e+002 0.000000e+000
7.707960e+000 -1.018885e+002 0.000000e+000
7.740748e+000 -1.018832e+002 0.000000e+000
7.773535e+000 -1.018778e+002 0.000000e+000
7.806323e+000 -1.018725e+002 0.000000e+000
7.839110e+000 -1.018671e+002 0.000000e+000
7.871898e+000 -1.018618e+002 0.000000e+000
7.904685e+000 -1.018565e+002 0.000000e+000
7.937473e+000 -1.018511e+002 0.000000e+000
7.970260e+000 -1.018458e+002 0.000000e+000
8.003048e+000 -1.018404e+002 0.000000e+000
8.035835e+000 -1.018351e+002 0.000000e+000
8.068623e+000 -1.018297e+002 0.000000e+000
8.101411e+000 -1.018244e+002 0.000000e+000
8.134198e+000 -1.018191e+002 0.000000e+000
8.166986e+000 -1.018137e+002 0.000000e+000
8.199773e+000 -1.018084e+002 0.000000e+000
8.232561e+000 -1.018030e+002 0.000000e+000
8.265348e+000 -1.017977e+002 0.000000e+000
8.298136e+000 -1.017923e+002 0.000000e+000
8.330923e+000 -1.017870e+002 0.000000e+000
8.363711e+000 -1.017817e+002 0.000000e+000
8.396498e+000 -1.017763e+002 0.000000e+000
8.429286e+000 -1.017710e+002 0.000000e+000
8.462073e+000 -1.017656e+002 0.000000e+000
8.494861e+000 -1.017603e+002 0.000000e+000
8.527648e+000 -1.017549e+002 0.000000e+000
8.560436e+000 -1.017496e+002 0.000000e+000
8.593223e+000 -1.017443e+002 0.000000e+000
8.626011e+000 -1.017389e+002 0.000000e+000
8.658798e+000 -1.017336e+002 0.000000e+000
8.691586e+000 -1.017282e+002 0.000000e+000
8.724373e+000 -1.017229e+002 0.000000e+000
8.757161e+000 -1.017175e+002 0.000000e+000
8.789948e+000 -1.017122e+002 0.000000e+000
8.822736e+000 -1.017069e+002 0.000000e+000
8.855523e+000 -1.017015e+002 0.000000e+000
8.888311e+000 -1.016962e+002 0.000000e+000
8.921098e+000 -1.016908e+002 0.000000e+000
8.953886e+000 -1.016855e+002 0.000000e+000
8.986673e+000 -1.016801e+002 0.000000e+000
9.019461e+000 -1.016748e+002 0.000000e+000
9.052248e+000 -1.016695e+002 0.000000e+000
9.085036e+000 -1.016641e+002 0.000000e+000
9.117823e+000 -1.016588e+002 0.000000e+000
9.150611e+000 -1.016534e+002 0.000000e+000
9.183398e+000 -1.016481e+002 0.000000e+000
9.216186e+000 -1.016427e+002 0.000000e+000
9.248973e+000 -1.016374e+002 0.000000e+000
9.281761e+000 -1.016321e+002 0.000000e+000
9.314548e+000 -1.016267e+002 0.000000e+000
9.347336e+000 -1.016214e+002 0.000000e+000
9.380123e+000 -1.016160e+002 0.000000e+000
9.412911e+000 -1.016107e+002 0.000000e+000
9.445698e+000 -1.016053e+002 0.000000e+000
9.478486e+000 -1.016000e+002 0.000000e+000
9.511273e+000 -1.015947e+002 0.000000e+000
9.544061e+000 -1.015893e+002 0.000000e+000
9.576848e+000 -1.015840e+002 0.000000e+000
9.609636e+000 -1.015786e+002 0.000000e+000
9.642423e+000 -1.015733e+002 0.000000e+000
9.675211e+000 -1.015679e+002 0.000000e+000
9.707998e+000 -1.015626e+002 0.000000e+000
9.740786e+000 -1.015573e+002 0.000000e+000
9.773573e+000 -1.015519e+002 0.000000e+000
9.806361e+000 -1.015466e+002 0.000000e+000
9.838735e+000 -1.015391e+002 0.000000e+000
9.871109e+000 -1.015317e+002 0.000000e+000
9.903483e+000 -1.015242e+002 0.000000e+000
9.935857e+000 -1.015168e+002 0.000000e+000
9.968232e+000 -1.015093e+002 0.000000e+000
1.000061e+001 -1.015019e+002 0.000000e+000
1.003298e+001 -1.014944e+002 0.000000e+000
1.006535e+001 -1.014870e+002 0.000000e+000
1.009773e+001 -1.014795e+002 0.000000e+000
1.013010e+001 -1.014721e+002 0.000000e+000
1.016248e+001 -1.014646e+002 0.000000e+000
1.019485e+001 -1.014572e+002 0.000000e+000
1.022722e+001 -1.014497e+002 0.000000e+000
1.025960e+001 -1.014423e+002 0.000000e+000
1.029197e+001 -1.014348e+002 0.000000e+000
1.032435e+001 -1.014274e+002 0.000000e+000
1.035672e+001 -1.014200e+002 0.000000e+000
1.038910e+001 -1.014125e+002 0.000000e+000
1.042147e+001 -1.014051e+002 0.000000e+000
1.045384e+001 -1.013976e+002 0.000000e+000
1.048622e+001 -1.013902e+002 0.000000e+000
1.051859e+001 -1.013827e+002 0.000000e+000
1.055097e+001 -1.013753e+002 0.000000e+000
1.058334e+001 -1.013678e+002 0.000000e+000
1.061571e+001 -1.013604e+002 0.000000e+000
1.064809e+001 -1.013529e+002 0.000000e+000
1.068046e+001 -1.013455e+002 0.000000e+000
1.071284e+001 -1.013380e+002 0.000000e+000
1.074521e+001 -1.013306e+002 0.000000e+000
1.077759e+001 -1.013231e+002 0.000000e+000
1.080996e+001 -1.013157e+002 0.000000e+000
1.084233e+001 -1.013082e+002 0.000000e+000
1.087471e+001 -1.013008e+002 0.000000e+000
1.090708e+001 -1.012933e+002 0.000000e+000
1.093946e+001 -1.012859e+002 0.000000e+000
1.097183e+001 -1.012784e+002 0.000000e+000
1.100420e+001 -1.012710e+002 0.000000e+000
1.103658e+001 -1.012635e+002 0.000000e+000
1.106895e+001 -1.012561e+002 0.000000e+000
1.110133e+001 -1.012486e+002 0.000000e+000
1.113370e+001 -1.012412e+002 0.000000e+000
1.116608e+001 -1.012337e+002 0.000000e+000
1.119845e+001 -1.012263e+002 0.000000e+000
1.123082e+001 -1.012188e+002 0.000000e+000
1.126320e+001 -1.012114e+002 0.000000e+000
1.129557e+001 -1.012039e+002 0.000000e+000
1.132795e+001 -1.011965e+002 0.000000e+000
1.136032e+001 -1.011891e+002 0.000000e+000
1.139269e+001 -1.011816e+002 0.000000e+000
1.142507e+001 -1.011742e+002 0.000000e+000
1.145744e+001 -1.011667e+002 0.000000e+000
1.148982e+001 -1.011593e+002 0.000000e+000
1.152219e+001 -1.011518e+002 0.000000e+000
1.155457e+001 -1.011444e+002 0.000000e+000
1.158694e+001 -1.011369e+002 0.000000e+000
1.161931e+001 -1.011295e+002 0.000000e+000
1.165169e+001 -1.011220e+002 0.000000e+000
1.168406e+001 -1.011146e+002 0.000000e+000
1.171644e+001 -1.011071e+002 0.000000e+000
1.174881e+001 -1.010997e+002 0.000000e+000
1.178118e+001 -1.010922e+002 0.000000e+000
1.181356e+001 -1.010848e+002 0.000000e+000
1.184593e+001 -1.010773e+002 0.000000e+000
1.187831e+001 -1.010699e+002 0.000000e+000
1.191068e+001 -1.010624e+002 0.000000e+000
1.194305e+001 -1.010550e+002 0.000000e+000
1.197543e+001 -1.010475e+002 0.000000e+000
1.200780e+001 -1.010401e+002 0.000000e+000
1.204018e+001 -1.010326e+002 0.000000e+000
1.207255e+001 -1.010252e+002 0.000000e+000
1.210493e+001 -1.010177e+002 0.000000e+000
1.213730e+001 -1.010103e+002 0.000000e+000
1.216967e+001 -1.010028e+002 0.000000e+000
1.220205e+001 -1.009954e+002 0.000000e+000
1.223442e+001 -1.009879e+002 0.000000e+000
1.226680e+001 -1.009805e+002 0.000000e+000
1.229917e+001 -1.009730e+002 0.000000e+000
1.233154e+001 -1.009656e+002 0.000000e+000
1.236392e+001 -1.009582e+002 0.000000e+000
1.239629e+001 -1.009507e+002 0.000000e+000
1.242867e+001 -1.009433e+002 0.000000e+000
1.246104e+001 -1.009358e+002 0.000000e+000
1.249342e+001 -1.009284e+002 0.000000e+000
1.252579e+001 -1.009209e+002 0.000000e+000
1.255816e+001 -1.009135e+002 0.000000e+000
1.259054e+001 -1.009060e+002 0.000000e+000
1.262291e+001 -1.008986e+002 0.000000e+000
1.265529e+001 -1.008911e+002 0.000000e+000
1.268766e+001 -1.008837e+002 0.000000e+000
1.272003e+001 -1.008762e+002 0.000000e+000
1.275241e+001 -1.008688e+002 0.000000e+000
1.278478e+001 -1.008613e+002 0.000000e+000
1.281716e+001 -1.008539e+002 0.000000e+000
1.284953e+001 -1.008464e+002 0.000000e+000
1.288191e+001 -1.008390e+002 0.000000e+000
1.291428e+001 -1.008315e+002 0.000000e+000
1.294665e+001 -1.008241e+002 0.000000e+000
1.297903e+001 -1.008166e+002 0.000000e+000
1.301140e+001 -1.008092e+002 0.000000e+000
1.304313e+001 -1.007997e+002 0.000000e+000
1.307486e+001 -1.007902e+002 0.000000e+000
1.310659e+001 -1.007807e+002 0.000000e+000
1.313832e+001 -1.007712e+002 0.000000e+000
1.317005e+001 -1.007617e+002 0.000000e+000
1.320178e+001 -1.007522e+002 0.000000e+000
1.323351e+001 -1.007427e+002 0.000000e+000
1.326524e+001 -1.007333e+002 0.000000e+000
1.329697e+001 -1.007238e+002 0.000000e+000
1.332870e+001 -1.007143e+002 0.000000e+000
1.336043e+001 -1.007048e+002 0.000000e+000
1.339216e+001 -1.006953e+002 0.000000e+000
1.342389e+001 -1.006858e+002 0.000000e+000
1.345562e+001 -1.006763e+002 0.000000e+000
1.348735e+001 -1.006668e+002 0.000000e+000
1.351908e+001 -1.006573e+002 0.000000e+000
1.355081e+001 -1.006478e+002 0.000000e+000
1.358254e+001 -1.006383e+002 0.000000e+000
1.361427e+001 -1.006289e+002 0.000000e+000
1.364600e+001 -1.006194e+002 0.000000e+000
1.367773e+001 -1.006099e+002 0.000000e+000
1.370946e+001 -1.006004e+002 0.000000e+000
1.374119e+001 -1.005909e+002 0.000000e+000
1.377292e+001 -1.005814e+002 0.000000e+000
1.380465e+001 -1.005719e+002 0.000000e+000
1.383638e+001 -1.005624e+002 0.000000e+000
1.386811e+001 -1.005529e+002 0.000000e+000
1.389984e+001 -1.005434e+002 0.000000e+000
1.393157e+001 -1.005339e+002 0.000000e+000
1.396330e+001 -1.005245e+002 0.000000e+000
1.399503e+001 -1.005150e+002 0.000000e+000
1.402676e+001 -1.005055e+002 0.000000e+000
1.405849e+001 -1.004960e+002 0.000000e+000
1.409022e+001 -1.004865e+002 0.000000e+000
1.412195e+001 -1.004770e+002 0.000000e+000
1.415368e+001 -1.004675e+002 0.000000e+000
1.418541e+001 -1.004580e+002 0.000000e+000
1.421714e+001 -1.004485e+002 0.000000e+000
1.424887e+001 -1.004390e+002 0.000000e+000
1.428060e+001 -1.004295e+002 0.000000e+000
1.431233e+001 -1.004201e+002 0.000000e+000
1.434406e+001 -1.004106e+002 0.000000e+000
1.437579e+001 -1.004011e+002 0.000000e+000
1.440752e+001 -1.003916e+002 0.000000e+000
1.443925e+001 -1.003821e+002 0.000000e+000
1.447098e+001 -1.003726e+002 0.000000e+000
1.450271e+001 -1.003631e+002 0.000000e+000
1.453444e+001 -1.003536e+002 0.000000e+000
1.456617e+001 -1.003441e+002 0.000000e+000
1.459790e+001 -1.003346e+002 0.000000e+000
1.462963e+001 -1.003251e+002 0.000000e+000
1.466136e+001 -1.003156e+002 0.000000e+000
1.469309e+001 -1.003062e+002 0.000000e+000
1.472482e+001 -1.002967e+002 0.000000e+000
1.475655e+001 -1.002872e+002 0.000000e+000
1.478828e+001 -1.002777e+002 0.000000e+000
1.482001e+001 -1.002682e+002 0.000000e+000
1.485174e+001 -1.002587e+002 0.000000e+000
1.488347e+001 -1.002492e+002 0.000000e+000
1.491520e+001 -1.002397e+002 0.000000e+000
1.494693e+001 -1.002302e+002 0.000000e+000
1.497866e+001 -1.002207e+002 0.000000e+000
1.501039e+001 -1.002112e+002 0.000000e+000
1.504212e+001 -1.002018e+002 0.000000e+000
1.507385e+001 -1.001923e+002 0.000000e+000
1.510558e+001 -1.001828e+002 0.000000e+000
1.513731e+001 -1.001733e+002 0.000000e+000
1.516904e+001 -1.001638e+002 0.000000e+000
1.520077e+001 -1.001543e+002 0.000000e+000
1.523250e+001 -1.001448e+002 0.000000e+000
1.526423e+001 -1.001353e+002 0.000000e+000
1.529596e+001 -1.001258e+002 0.000000e+000
1.532769e+001 -1.001163e+002 0.000000e+000
1.535942e+001 -1.001068e+002 0.000000e+000
1.539115e+001 -1.000974e+002 0.000000e+000
1.542288e+001 -1.000879e+002 0.000000e+000
1.545461e+001 -1.000784e+002 0.000000e+000
1.548634e+001 -1.000689e+002 0.000000e+000
1.551807e+001 -1.000594e+002 0.000000e+000
1.554980e+001 -1.000499e+002 0.000000e+000
1.558153e+001 -1.000404e+002 0.000000e+000
1.561326e+001 -1.000309e+002 0.000000e+000
1.564499e+001 -1.000214e+002 0.000000e+000
1.567672e+001 -1.000119e+002 0.000000e+000
1.570845e+001 -1.000024e+002 0.000000e+000
1.574018e+001 -9.999295e+001 0.000000e+000
1.577191e+001 -9.998346e+001 0.000000e+000
1.580364e+001 -9.997397e+001 0.000000e+000
1.583537e+001 -9.996448e+001 0.000000e+000
1.586710e+001 -9.995499e+001 0.000000e+000
1.589883e+001 -9.994550e+001 0.000000e+000
1.593056e+001 -9.993601e+001 0.000000e+000
1.596229e+001 -9.992652e+001 0.000000e+000
1.599402e+001 -9.991703e+001 0.000000e+000
1.602575e+001 -9.990754e+001 0.000000e+000
1.605748e+001 -9.989804e+001 0.000000e+000
1.608921e+001 -9.988855e+001 0.000000e+000
1.612094e+001 -9.987906e+001 0.000000e+000
1.615267e+001 -9.986957e+001 0.000000e+000
1.618381e+001 -9.985802e+001 0.000000e+000
1.621496e+001 -9.984647e+001 0.000000e+000
1.624611e+001 -9.983492e+001 0.000000e+000
1.627725e+001 -9.982336e+001 0.000000e+000
1.630840e+001 -9.981181e+001 0.000000e+000
1.633955e+001 -9.980026e+001 0.000000e+000
1.637069e+001 -9.978871e+001 0.000000e+000
1.640184e+001 -9.977716e+001 0.000000e+000
1.643299e+001 -9.976560e+001 0.000000e+000
1.646413e+001 -9.975405e+001 0.000000e+000
1.649528e+001 -9.974250e+001 0.000000e+000
1.652643e+001 -9.973095e+001 0.000000e+000
1.655757e+001 -9.971940e+001 0.000000e+000
1.658872e+001 -9.970784e+001 0.000000e+000
1.661987e+001 -9.969629e+001 0.000000e+000
1.665101e+001 -9.968474e+001 0.000000e+000
1.668216e+001 -9.967319e+001 0.000000e+000
1.671331e+001 -9.966164e+001 0.000000e+000
1.674445e+001 -9.965009e+001 0.000000e+000
1.677560e+001 -9.963853e+001 0.000000e+000
1.680675e+001 -9.962698e+001 0.000000e+000
1.683789e+001 -9.961543e+001 0.000000e+000
1.686904e+001 -9.960388e+001 0.000000e+000
1.690019e+001 -9.959233e+001 0.000000e+000
1.693133e+001 -9.958077e+001 0.000000e+000
1.696248e+001 -9.956922e+001 0.000000e+000
1.699363e+001 -9.955767e+001 0.000000e+000
1.702477e+001 -9.954612e+001 0.000000e+000
1.705592e+001 -9.953457e+001 0.000000e+000
1.708707e+001 -9.952301e+001 0.000000e+000
1.711821e+001 -9.951146e+001 0.000000e+000
1.714936e+001 -9.949991e+001 0.000000e+000
1.718051e+001 -9.948836e+001 0.000000e+000
1.721165e+001 -9.947681e+001 0.000000e+000
1.724280e+001 -9.946526e+001 0.000000e+000
1.727395e+001 -9.945370e+001 0.000000e+000
1.730510e+001 -9.944215e+001 0.000000e+000
1.733624e+001 -9.943060e+001 0.000000e+000
1.736739e+001 -9.941905e+001 0.000000e+000
1.739854e+001 -9.940750e+001 0.000000e+000
1.742968e+001 -9.939594e+001 0.000000e+000
1.746083e+001 -9.938439e+001 0.000000e+000
1.749198e+001 -9.937284e+001 0.000000e+000
1.752312e+001 -9.936129e+001 0.000000e+000
1.755427e+001 -9.934974e+001 0.000000e+000
1.758542e+001 -9.933818e+001 0.000000e+000
1.761656e+001 -9.932663e+001 0.000000e+000
1.764771e+001 -9.931508e+001 0.000000e+000
1.767886e+001 -9.930353e+001 0.000000e+000
1.771000e+001 -9.929198e+001 0.000000e+000
1.774115e+001 -9.928043e+001 0.000000e+000
1.777230e+001 -9.926887e+001 0.000000e+000
1.780344e+001 -9.925732e+001 0.000000e+000
1.783459e+001 -9.924577e+001 0.000000e+000
1.786574e+001 -9.923422e+001 0.000000e+000
1.789688e+001 -9.922267e+001 0.000000e+000
1.792803e+001 -9.921111e+001 0.000000e+000
1.795918e+001 -9.919956e+001 0.000000e+000
1.799032e+001 -9.918801e+001 0.000000e+000
1.802147e+001 -9.917646e+001 0.000000e+000
1.805262e+001 -9.916491e+001 0.000000e+000
1.808376e+001 -9.915335e+001 0.000000e+000
1.811491e+001 -9.914180e+001 0.000000e+000
1.814606e+001 -9.913025e+001 0.000000e+000
1.817720e+001 -9.911870e+001 0.000000e+000
1.820835e+001 -9.910715e+001 0.000000e+000
1.823950e+001 -9.909560e+001 0.000000e+000
1.827064e+001 -9.908404e+001 0.000000e+000
1.830179e+001 -9.907249e+001 0.000000e+000
1.833294e+001 -9.906094e+001 0.000000e+000
1.836408e+001 -9.904939e+001 0.000000e+000
1.839523e+001 -9.903784e+001 0.000000e+000
1.842638e+001 -9.902628e+001 0.000000e+000
1.845752e+001 -9.901473e+001 0.000000e+000
1.848867e+001 -9.900318e+001 0.000000e+000
1.851982e+001 -9.899163e+001 0.000000e+000
1.855096e+001 -9.898008e+001 0.000000e+000
1.858211e+001 -9.896852e+001 0.000000e+000
1.861326e+001 -9.895697e+001 0.000000e+000
1.864440e+001 -9.894542e+001 0.000000e+000
1.867555e+001 -9.893387e+001 0.000000e+000
1.870670e+001 -9.892232e+001 0.000000e+000
1.873784e+001 -9.891077e+001 0.000000e+000
1.876899e+001 -9.889921e+001 0.000000e+000
1.880014e+001 -9.888766e+001 0.000000e+000
1.883128e+001 -9.887611e+001 0.000000e+000
1.886243e+001 -9.886456e+001 0.000000e+000
1.889358e+001 -9.885301e+001 0.000000e+000
1.892473e+001 -9.884145e+001 0.000000e+000
1.895587e+001 -9.882990e+001 0.000000e+000
1.898702e+001 -9.881835e+001 0.000000e+000
1.901817e+001 -9.880680e+001 0.000000e+000
1.904931e+001 -9.879525e+001 0.000000e+000
1.908046e+001 -9.878369e+001 0.000000e+000
1.911161e+001 -9.877214e+001 0.000000e+000
1.914275e+001 -9.876059e+001 0.000000e+000
1.917390e+001 -9.874904e+001 0.000000e+000
1.920505e+001 -9.873749e+001 0.000000e+000
1.923619e+001 -9.872594e+001 0.000000e+000
1.926653e+001 -9.871240e+001 0.000000e+000
1.929686e+001 -9.869886e+001 0.000000e+000
1.932720e+001 -9.868532e+001 0.000000e+000
1.935754e+001 -9.867178e+001 0.000000e+000
1.938787e+001 -9.865824e+001 0.000000e+000
1.941821e+001 -9.864470e+001 0.000000e+000
1.944854e+001 -9.863116e+001 0.000000e+000
1.947888e+001 -9.861763e+001 0.000000e+000
1.950922e+001 -9.860409e+001 0.000000e+000
1.953955e+001 -9.859055e+001 0.000000e+000
1.956989e+001 -9.857701e+001 0.000000e+000
1.960022e+001 -9.856347e+001 0.000000e+000
1.963056e+001 -9.854993e+001 0.000000e+000
1.966090e+001 -9.853639e+001 0.000000e+000
1.969123e+001 -9.852285e+001 0.000000e+000
1.972157e+001 -9.850932e+001 0.000000e+000
1.975190e+001 -9.849578e+001 0.000000e+000
1.978224e+001 -9.848224e+001 0.000000e+000
1.981257e+001 -9.846870e+001 0.000000e+000
1.984291e+001 -9.845516e+001 0.000000e+000
1.987325e+001 -9.844162e+001 0.000000e+000
1.990358e+001 -9.842808e+001 0.000000e+000
1.993392e+001 -9.841455e+001 0.000000e+000
1.996425e+001 -9.840101e+001 0.000000e+000
1.999459e+001 -9.838747e+001 0.000000e+000
2.002493e+001 -9.837393e+001 0.000000e+000
2.005526e+001 -9.836039e+001 0.000000e+000
2.008560e+001 -9.834685e+001 0.000000e+000
2.011593e+001 -9.833331e+001 0.000000e+000
2.014627e+001 -9.831977e+001 0.000000e+000
2.017661e+001 -9.830624e+001 0.000000e+000
2.020694e+001 -9.829270e+001 0.000000e+000
2.023728e+001 -9.827916e+001 0.000000e+000
2.026761e+001 -9.826562e+001 0.000000e+000
2.029795e+001 -9.825208e+001 0.000000e+000
2.032829e+001 -9.823854e+001 0.000000e+000
2.035862e+001 -9.822500e+001 0.000000e+000
2.038896e+001 -9.821146e+001 0.000000e+000
2.041929e+001 -9.819793e+001 0.000000e+000
2.044963e+001 -9.818439e+001 0.000000e+000
2.047997e+001 -9.817085e+001 0.000000e+000
2.051030e+001 -9.815731e+001 0.000000e+000
2.054064e+001 -9.814377e+001 0.000000e+000
2.057097e+001 -9.813023e+001 0.000000e+000
2.060131e+001 -9.811669e+001 0.000000e+000
2.063164e+001 -9.810315e+001 0.000000e+000
2.066198e+001 -9.808962e+001 0.000000e+000
2.069232e+001 -9.807608e+001 0.000000e+000
2.072265e+001 -9.806254e+001 0.000000e+000
2.075299e+001 -9.804900e+001 0.000000e+000
2.078332e+001 -9.803546e+001 0.000000e+000
2.081366e+001 -9.802192e+001 0.000000e+000
2.084400e+001 -9.800838e+001 0.000000e+000
2.087433e+001 -9.799484e+001 0.000000e+000
2.090467e+001 -9.798131e+001 0.000000e+000
2.093500e+001 -9.796777e+001 0.000000e+000
2.096534e+001 -9.795423e+001 0.000000e+000
2.099568e+001 -9.794069e+001 0.000000e+000
2.102601e+001 -9.792715e+001 0.000000e+000
2.105635e+001 -9.791361e+001 0.000000e+000
2.108668e+001 -9.790007e+001 0.000000e+000
2.111702e+001 -9.788653e+001 0.000000e+000
2.114736e+001 -9.787300e+001 0.000000e+000
2.117769e+001 -9.785946e+001 0.000000e+000
2.120803e+001 -9.784592e+001 0.000000e+000
2.123836e+001 -9.783238e+001 0.000000e+000
2.126870e+001 -9.781884e+001 0.000000e+000
2.129903e+001 -9.780530e+001 0.000000e+000
2.132937e+001 -9.779176e+001 0.000000e+000
2.135971e+001 -9.777823e+001 0.000000e+000
2.139004e+001 -9.776469e+001 0.000000e+000
2.142038e+001 -9.775115e+001 0.000000e+000
2.145071e+001 -9.773761e+001 0.000000e+000
2.148105e+001 -9.772407e+001 0.000000e+000
2.151139e+001 -9.771053e+001 0.000000e+000
2.154172e+001 -9.769699e+001 0.000000e+000
2.157206e+001 -9.768345e+001 0.000000e+000
2.160239e+001 -9.766992e+001 0.000000e+000
2.163273e+001 -9.765638e+001 0.000000e+000
2.166307e+001 -9.764284e+001 0.000000e+000
2.169340e+001 -9.762930e+001 0.000000e+000
2.172374e+001 -9.761576e+001 0.000000e+000
2.175407e+001 -9.760222e+001 0.000000e+000
2.178441e+001 -9.758868e+001 0.000000e+000
2.181475e+001 -9.757514e+001 0.000000e+000
2.184508e+001 -9.756161e+001 0.000000e+000
2.187542e+001 -9.754807e+001 0.000000e+000
2.190575e+001 -9.753453e+001 0.000000e+000
2.193609e+001 -9.752099e+001 0.000000e+000
2.196642e+001 -9.750745e+001 0.000000e+000
2.199676e+001 -9.749391e+001 0.000000e+000
2.202710e+001 -9.748037e+001 0.000000e+000
2.205743e+001 -9.746683e+001 0.000000e+000
2.208777e+001 -9.745330e+001 0.000000e+000
2.211810e+001 -9.743976e+001 0.000000e+000
2.214844e+001 -9.742622e+001 0.000000e+000
2.217878e+001 -9.741268e+001 0.000000e+000
2.220911e+001 -9.739914e+001 0.000000e+000
2.223945e+001 -9.738560e+001 0.000000e+000
2.226885e+001 -9.737013e+001 0.000000e+000
2.229825e+001 -9.735466e+001 0.000000e+000
2.232764e+001 -9.733920e+001 0.000000e+000
2.235704e+001 -9.732373e+001 0.000000e+000
2.238644e+001 -9.730826e+001 0.000000e+000
2.241584e+001 -9.729279e+001 0.000000e+000
2.244524e+001 -9.727732e+001 0.000000e+000
2.247464e+001 -9.726185e+001 0.000000e+000
2.250403e+001 -9.724638e+001 0.000000e+000
2.253343e+001 -9.723091e+001 0.000000e+000
2.256283e+001 -9.721544e+001 0.000000e+000
2.259223e+001 -9.719997e+001 0.000000e+000
2.262163e+001 -9.718450e+001 0.000000e+000
2.265103e+001 -9.716904e+001 0.000000e+000
2.268043e+001 -9.715357e+001 0.000000e+000
2.270982e+001 -9.713810e+001 0.000000e+000
2.273922e+001 -9.712263e+001 0.000000e+000
2.276862e+001 -9.710716e+001 0.000000e+000
2.279802e+001 -9.709169e+001 0.000000e+000
2.282742e+001 -9.707622e+001 0.000000e+000
2.285682e+001 -9.706075e+001 0.000000e+000
2.288622e+001 -9.704528e+001 0.000000e+000
2.291561e+001 -9.702981e+001 0.000000e+000
2.294501e+001 -9.701434e+001 0.000000e+000
2.297441e+001 -9.699888e+001 0.000000e+000
2.300381e+001 -9.698341e+001 0.000000e+000
2.303321e+001 -9.696794e+001 0.000000e+000
2.306261e+001 -9.695247e+001 0.000000e+000
2.309201e+001 -9.693700e+001 0.000000e+000
2.312140e+001 -9.692153e+001 0.000000e+000
2.315080e+001 -9.690606e+001 0.000000e+000
2.318020e+001 -9.689059e+001 0.000000e+000
2.320960e+001 -9.687512e+001 0.000000e+000
2.323900e+001 -9.685965e+001 0.000000e+000
2.326840e+001 -9.684418e+001 0.000000e+000
2.329779e+001 -9.682872e+001 0.000000e+000
2.332719e+001 -9.681325e+001 0.000000e+000
2.335659e+001 -9.679778e+001 0.000000e+000
2.338599e+001 -9.678231e+001 0.000000e+000
2.341539e+001 -9.676684e+001 0.000000e+000
2.344479e+001 -9.675137e+001 0.000000e+000
2.347419e+001 -9.673590e+001 0.000000e+000
2.350358e+001 -9.672043e+001 0.000000e+000
2.353298e+001 -9.670496e+001 0.000000e+000
2.356238e+001 -9.668949e+001 0.000000e+000
2.359178e+001 -9.667402e+001 0.000000e+000
2.362118e+001 -9.665856e+001 0.000000e+000
2.365058e+001 -9.664309e+001 0.000000e+000
2.367998e+001 -9.662762e+001 0.000000e+000
2.370937e+001 -9.661215e+001 0.000000e+000
2.373877e+001 -9.659668e+001 0.000000e+000
2.376817e+001 -9.658121e+001 0.000000e+000
2.379757e+001 -9.656574e+001 0.000000e+000
2.382697e+001 -9.655027e+001 0.000000e+000
2.385637e+001 -9.653480e+001 0.000000e+000
2.388576e+001 -9.651933e+001 0.000000e+000
2.391516e+001 -9.650387e+001 0.000000e+000
2.394456e+001 -9.648840e+001 0.000000e+000
2.397396e+001 -9.647293e+001 0.000000e+000
2.400336e+001 -9.645746e+001 0.000000e+000
2.403276e+001 -9.644199e+001 0.000000e+000
2.406216e+001 -9.642652e+001 0.000000e+000
2.409155e+001 -9.641105e+001 0.000000e+000
2.412095e+001 -9.639558e+001 0.000000e+000
2.415035e+001 -9.638011e+001 0.000000e+000
2.417975e+001 -9.636464e+001 0.000000e+000
2.420915e+001 -9.634917e+001 0.000000e+000
2.423855e+001 -9.633371e+001 0.000000e+000
2.426795e+001 -9.631824e+001 0.000000e+000
2.429734e+001 -9.630277e+001 0.000000e+000
2.432674e+001 -9.628730e+001 0.000000e+000
2.435614e+001 -9.627183e+001 0.000000e+000
2.438554e+001 -9.625636e+001 0.000000e+000
2.441494e+001 -9.624089e+001 0.000000e+000
2.444434e+001 -9.622542e+001 0.000000e+000
2.447374e+001 -9.620995e+001 0.000000e+000
2.450313e+001 -9.619448e+001 0.000000e+000
2.453253e+001 -9.617901e+001 0.000000e+000
2.456193e+001 -9.616355e+001 0.000000e+000
2.459133e+001 -9.614808e+001 0.000000e+000
2.462073e+001 -9.613261e+001 0.000000e+000
2.465013e+001 -9.611714e+001 0.000000e+000
2.467952e+001 -9.610167e+001 0.000000e+000
2.470892e+001 -9.608620e+001 0.000000e+000
2.473832e+001 -9.607073e+001 0.000000e+000
2.476772e+001 -9.605526e+001 0.000000e+000
2.479712e+001 -9.603979e+001 0.000000e+000
2.482652e+001 -9.602432e+001 0.000000e+000
2.485592e+001 -9.600885e+001 0.000000e+000
2.488531e+001 -9.599339e+001 0.000000e+000
2.491471e+001 -9.597792e+001 0.000000e+000
2.494411e+001 -9.596245e+001 0.000000e+000
2.497351e+001 -9.594698e+001 0.000000e+000
2.500291e+001 -9.593151e+001 0.000000e+000
2.503231e+001 -9.591604e+001 0.000000e+000
2.506171e+001 -9.590057e+001 0.000000e+000
2.509110e+001 -9.588510e+001 0.000000e+000
2.512050e+001 -9.586963e+001 0.000000e+000
2.514990e+001 -9.585416e+001 0.000000e+000
2.517824e+001 -9.583683e+001 0.000000e+000
2.520658e+001 -9.581949e+001 0.000000e+000
2.523492e+001 -9.580216e+001 0.000000e+000
2.526325e+001 -9.578482e+001 0.000000e+000
2.529159e+001 -9.576749e+001 0.000000e+000
2.531993e+001 -9.575015e+001 0.000000e+000
2.534827e+001 -9.573282e+001 0.000000e+000
2.537661e+001 -9.571549e+001 0.000000e+000
2.540495e+001 -9.569815e+001 0.000000e+000
2.543329e+001 -9.568082e+001 0.000000e+000
2.546162e+001 -9.566348e+001 0.000000e+000
2.548996e+001 -9.564615e+001 0.000000e+000
2.551830e+001 -9.562881e+001 0.000000e+000
2.554664e+001 -9.561148e+001 0.000000e+000
2.557498e+001 -9.559414e+001 0.000000e+000
2.560332e+001 -9.557681e+001 0.000000e+000
2.563165e+001 -9.555947e+001 0.000000e+000
2.565999e+001 -9.554214e+001 0.000000e+000
2.568833e+001 -9.552480e+001 0.000000e+000
2.571667e+001 -9.550747e+001 0.000000e+000
2.574501e+001 -9.549013e+001 0.000000e+000
2.577335e+001 -9.547280e+001 0.000000e+000
2.580168e+001 -9.545546e+001 0.000000e+000
2.583002e+001 -9.543813e+001 0.000000e+000
2.585836e+001 -9.542079e+001 0.000000e+000
2.588670e+001 -9.540346e+001 0.000000e+000
2.591504e+001 -9.538612e+001 0.000000e+000
2.594338e+001 -9.536879e+001 0.000000e+000
2.597172e+001 -9.535145e+001 0.000000e+000
2.600005e+001 -9.533412e+001 0.000000e+000
2.602839e+001 -9.531678e+001 0.000000e+000
2.605673e+001 -9.529945e+001 0.000000e+000
2.608507e+001 -9.528211e+001 0.000000e+000
2.611341e+001 -9.526478e+001 0.000000e+000
2.614175e+001 -9.524744e+001 0.000000e+000
2.617008e+001 -9.523011e+001 0.000000e+000
2.619842e+001 -9.521277e+001 0.000000e+000
2.622676e+001 -9.519544e+001 0.000000e+000
2.625510e+001 -9.517810e+001 0.000000e+000
2.628344e+001 -9.516077e+001 0.000000e+000
2.631178e+001 -9.514343e+001 0.000000e+000
2.634012e+001 -9.512610e+001 0.000000e+000
2.636845e+001 -9.510876e+001 0.000000e+000
2.639679e+001 -9.509143e+001 0.000000e+000
2.642513e+001 -9.507409e+001 0.000000e+000
2.645347e+001 -9.505676e+001 0.000000e+000
2.648181e+001 -9.503943e+001 0.000000e+000
2.651015e+001 -9.502209e+001 0.000000e+000
2.653848e+001 -9.500476e+001 0.000000e+000
2.656682e+001 -9.498742e+001 0.000000e+000
2.659516e+001 -9.497009e+001 0.000000e+000
2.662350e+001 -9.495275e+001 0.000000e+000
2.665184e+001 -9.493542e+001 0.000000e+000
2.668018e+001 -9.491808e+001 0.000000e+000
2.670851e+001 -9.490075e+001 0.000000e+000
2.673685e+001 -9.488341e+001 0.000000e+000
2.676519e+001 -9.486608e+001 0.000000e+000
2.679353e+001 -9.484874e+001 0.000000e+000
2.682187e+001 -9.483141e+001 0.000000e+000
2.685021e+001 -9.481407e+001 0.000000e+000
2.687855e+001 -9.479674e+001 0.000000e+000
2.690688e+001 -9.477940e+001 0.000000e+000
2.693522e+001 -9.476207e+001 0.000000e+000
2.696356e+001 -9.474473e+001 0.000000e+000
2.699190e+001 -9.472740e+001 0.000000e+000
2.702024e+001 -9.471006e+001 0.000000e+000
2.704858e+001 -9.469273e+001 0.000000e+000
2.707691e+001 -9.467539e+001 0.000000e+000
2.710525e+001 -9.465806e+001 0.000000e+000
2.713359e+001 -9.464072e+001 0.000000e+000
2.716193e+001 -9.462339e+001 0.000000e+000
2.719027e+001 -9.460605e+001 0.000000e+000
2.721861e+001 -9.458872e+001 0.000000e+000
2.724695e+001 -9.457138e+001 0.000000e+000
2.727528e+001 -9.455405e+001 0.000000e+000
2.730362e+001 -9.453671e+001 0.000000e+000
2.733196e+001 -9.451938e+001 0.000000e+000
2.736030e+001 -9.450204e+001 0.000000e+000
2.738864e+001 -9.448471e+001 0.000000e+000
2.741698e+001 -9.446737e+001 0.000000e+000
2.744531e+001 -9.445004e+001 0.000000e+000
2.747365e+001 -9.443270e+001 0.000000e+000
2.750199e+001 -9.441537e+001 0.000000e+000
2.753033e+001 -9.439803e+001 0.000000e+000
2.755867e+001 -9.438070e+001 0.000000e+000
2.758701e+001 -9.436336e+001 0.000000e+000
2.761534e+001 -9.434603e+001 0.000000e+000
2.764368e+001 -9.432870e+001 0.000000e+000
2.767202e+001 -9.431136e+001 0.000000e+000
2.770036e+001 -9.429403e+001 0.000000e+000
2.772870e+001 -9.427669e+001 0.000000e+000
2.775704e+001 -9.425936e+001 0.000000e+000
2.778538e+001 -9.424202e+001 0.000000e+000
2.781371e+001 -9.422469e+001 0.000000e+000
2.784205e+001 -9.420735e+001 0.000000e+000
2.787039e+001 -9.419002e+001 0.000000e+000
2.789873e+001 -9.417268e+001 0.000000e+000
2.792707e+001 -9.415535e+001 0.000000e+000
2.795541e+001 -9.413801e+001 0.000000e+000
2.798257e+001 -9.411888e+001 0.000000e+000
2.800973e+001 -9.409975e+001 0.000000e+000
2.803689e+001 -9.408063e+001 0.000000e+000
2.806405e+001 -9.406150e+001 0.000000e+000
2.809121e+001 -9.404237e+001 0.000000e+000
2.811837e+001 -9.402324e+001 0.000000e+000
2.814553e+001 -9.400411e+001 0.000000e+000
2.817269e+001 -9.398498e+001 0.000000e+000
2.819985e+001 -9.396586e+001 0.000000e+000
2.822701e+001 -9.394673e+001 0.000000e+000
2.825417e+001 -9.392760e+001 0.000000e+000
2.828133e+001 -9.390847e+001 0.000000e+000
2.830849e+001 -9.388934e+001 0.000000e+000
2.833565e+001 -9.387021e+001 0.000000e+000
2.836281e+001 -9.385109e+001 0.000000e+000
2.838997e+001 -9.383196e+001 0.000000e+000
2.841713e+001 -9.381283e+001 0.000000e+000
2.844429e+001 -9.379370e+001 0.000000e+000
2.847145e+001 -9.377457e+001 0.000000e+000
2.849861e+001 -9.375544e+001 0.000000e+000
2.852577e+001 -9.373632e+001 0.000000e+000
2.855293e+001 -9.371719e+001 0.000000e+000
2.858009e+001 -9.369806e+001 0.000000e+000
2.860725e+001 -9.367893e+001 0.000000e+000
2.863441e+001 -9.365980e+001 0.000000e+000
2.866157e+001 -9.364067e+001 0.000000e+000
2.868873e+001 -9.362155e+001 0.000000e+000
2.871589e+001 -9.360242e+001 0.000000e+000
2.874305e+001 -9.358329e+001 0.000000e+000
2.877021e+001 -9.356416e+001 0.000000e+000
2.879737e+001 -9.354503e+001 0.000000e+000
2.882453e+001 -9.352590e+001 0.000000e+000
2.885169e+001 -9.350678e+001 0.000000e+000
2.887885e+001 -9.348765e+001 0.000000e+000
2.890601e+001 -9.346852e+001 0.000000e+000
2.893317e+001 -9.344939e+001 0.000000e+000
2.896033e+001 -9.343026e+001 0.000000e+000
2.898749e+001 -9.341113e+001 0.000000e+000
2.901465e+001 -9.339201e+001 0.000000e+000
2.904181e+001 -9.337288e+001 0.000000e+000
2.906897e+001 -9.335375e+001 0.000000e+000
2.909613e+001 -9.333462e+001 0.000000e+000
2.912329e+001 -9.331549e+001 0.000000e+000
2.915045e+001 -9.329636e+001 0.000000e+000
2.917761e+001 -9.327724e+001 0.000000e+000
2.920477e+001 -9.325811e+001 0.000000e+000
2.923193e+001 -9.323898e+001 0.000000e+000
2.925909e+001 -9.321985e+001 0.000000e+000
2.928625e+001 -9.320072e+001 0.000000e+000
2.931341e+001 -9.318159e+001 0.000000e+000
2.934057e+001 -9.316247e+001 0.000000e+000
2.936773e+001 -9.314334e+001 0.000000e+000
2.939489e+001 -9.312421e+001 0.000000e+000
2.942205e+001 -9.310508e+001 0.000000e+000
2.944921e+001 -9.308595e+001 0.000000e+000
2.947637e+001 -9.306682e+001 0.000000e+000
2.950353e+001 -9.304770e+001 0.000000e+000
2.953069e+001 -9.302857e+001 0.000000e+000
2.955785e+001 -9.300944e+001 0.000000e+000
2.958501e+001 -9.299031e+001 0.000000e+000
2.961217e+001 -9.297118e+001 0.000000e+000
2.963933e+001 -9.295205e+001 0.000000e+000
2.966649e+001 -9.293293e+001 0.000000e+000
2.969365e+001 -9.291380e+001 0.000000e+000
2.972081e+001 -9.289467e+001 0.000000e+000
2.974797e+001 -9.287554e+001 0.000000e+000
2.977513e+001 -9.285641e+001 0.000000e+000
2.980229e+001 -9.283728e+001 0.000000e+000
2.982945e+001 -9.281816e+001 0.000000e+000
2.985661e+001 -9.279903e+001 0.000000e+000
2.988377e+001 -9.277990e+001 0.000000e+000
2.991093e+001 -9.276077e+001 0.000000e+000
2.993809e+001 -9.274164e+001 0.000000e+000
2.996525e+001 -9.272251e+001 0.000000e+000
2.999241e+001 -9.270339e+001 0.000000e+000
3.001957e+001 -9.268426e+001 0.000000e+000
3.004673e+001 -9.266513e+001 0.000000e+000
3.007389e+001 -9.264600e+001 0.000000e+000
3.010105e+001 -9.262687e+001 0.000000e+000
3.012821e+001 -9.260774e+001 0.000000e+000
3.015537e+001 -9.258862e+001 0.000000e+000
3.018253e+001 -9.256949e+001 0.000000e+000
3.020969e+001 -9.255036e+001 0.000000e+000
3.023685e+001 -9.253123e+001 0.000000e+000
3.026401e+001 -9.251210e+001 0.000000e+000
3.029117e+001 -9.249297e+001 0.000000e+000
3.031834e+001 -9.247385e+001 0.000000e+000
3.034550e+001 -9.245472e+001 0.000000e+000
3.037266e+001 -9.243559e+001 0.000000e+000
3.039982e+001 -9.241646e+001 0.000000e+000
3.042698e+001 -9.239733e+001 0.000000e+000
3.045414e+001 -9.237820e+001 0.000000e+000
3.048130e+001 -9.235908e+001 0.000000e+000
3.050846e+001 -9.233995e+001 0.000000e+000
3.053562e+001 -9.232082e+001 0.000000e+000
3.056278e+001 -9.230169e+001 0.000000e+000
3.058994e+001 -9.228256e+001 0.000000e+000
3.061710e+001 -9.226343e+001 0.000000e+000
3.064426e+001 -9.224431e+001 0.000000e+000
3.067012e+001 -9.222346e+001 0.000000e+000
3.069599e+001 -9.220262e+001 0.000000e+000
3.072186e+001 -9.218178e+001 0.000000e+000
3.074773e+001 -9.216094e+001 0.000000e+000
3.077360e+001 -9.214010e+001 0.000000e+000
3.079947e+001 -9.211925e+001 0.000000e+000
3.082534e+001 -9.209841e+001 0.000000e+000
3.085120e+001 -9.207757e+001 0.000000e+000
3.087707e+001 -9.205673e+001 0.000000e+000
3.090294e+001 -9.203589e+001 0.000000e+000
3.092881e+001 -9.201504e+001 0.000000e+000
3.095468e+001 -9.199420e+001 0.000000e+000
3.098055e+001 -9.197336e+001 0.000000e+000
3.100641e+001 -9.195252e+001 0.000000e+000
3.103228e+001 -9.193168e+001 0.000000e+000
3.105815e+001 -9.191083e+001 0.000000e+000
3.108402e+001 -9.188999e+001 0.000000e+000
3.110989e+001 -9.186915e+001 0.000000e+000
3.113576e+001 -9.184831e+001 0.000000e+000
3.116163e+001 -9.182747e+001 0.000000e+000
3.118749e+001 -9.180662e+001 0.000000e+000
3.121336e+001 -9.178578e+001 0.000000e+000
3.123923e+001 -9.176494e+001 0.000000e+000
3.126510e+001 -9.174410e+001 0.000000e+000
3.129097e+001 -9.172326e+001 0.000000e+000
3.131684e+001 -9.170241e+001 0.000000e+000
3.134270e+001 -9.168157e+001 0.000000e+000
3.136857e+001 -9.166073e+001 0.000000e+000
3.139444e+001 -9.163989e+001 0.000000e+000
3.142031e+001 -9.161905e+001 0.000000e+000
3.144618e+001 -9.159820e+001 0.000000e+000
3.147205e+001 -9.157736e+001 0.000000e+000
3.149791e+001 -9.155652e+001 0.000000e+000
3.152378e+001 -9.153568e+001 0.000000e+000
3.154965e+001 -9.151484e+001 0.000000e+000
3.157552e+001 -9.149399e+001 0.000000e+000
3.160139e+001 -9.147315e+001 0.000000e+000
3.162726e+001 -9.145231e+001 0.000000e+000
3.165313e+001 -9.143147e+001 0.000000e+000
3.167899e+001 -9.141063e+001 0.000000e+000
3.170486e+001 -9.138978e+001 0.000000e+000
3.173073e+001 -9.136894e+001 0.000000e+000
3.175660e+001 -9.134810e+001 0.000000e+000
3.178247e+001 -9.132726e+001 0.000000e+000
3.180834e+001 -9.130642e+001 0.000000e+000
3.183420e+001 -9.128557e+001 0.000000e+000
3.186007e+001 -9.126473e+001 0.000000e+000
3.188594e+001 -9.124389e+001 0.000000e+000
3.191181e+001 -9.122305e+001 0.000000e+000
3.193768e+001 -9.120221e+001 0.000000e+000
3.196355e+001 -9.118136e+001 0.000000e+000
3.198942e+001 -9.116052e+001 0.000000e+000
3.201528e+001 -9.113968e+001 0.000000e+000
3.204115e+001 -9.111884e+001 0.000000e+000
3.206702e+001 -9.109800e+001 0.000000e+000
3.209289e+001 -9.107715e+001 0.000000e+000
3.211876e+001 -9.105631e+001 0.000000e+000
3.214463e+001 -9.103547e+001 0.000000e+000
3.217049e+001 -9.101463e+001 0.000000e+000
3.219636e+001 -9.099379e+001 0.000000e+000
3.222223e+001 -9.097294e+001 0.000000e+000
3.224810e+001 -9.095210e+001 0.000000e+000
3.227397e+001 -9.093126e+001 0.000000e+000
3.229984e+001 -9.091042e+001 0.000000e+000
3.232570e+001 -9.088958e+001 0.000000e+000
3.235157e+001 -9.086873e+001 0.000000e+000
3.237744e+001 -9.084789e+001 0.000000e+000
3.240331e+001 -9.082705e+001 0.000000e+000
3.242918e+001 -9.080621e+001 0.000000e+000
3.245505e+001 -9.078537e+001 0.000000e+000
3.248092e+001 -9.076452e+001 0.000000e+000
3.250678e+001 -9.074368e+001 0.000000e+000
3.253265e+001 -9.072284e+001 0.000000e+000
3.255852e+001 -9.070200e+001 0.000000e+000
3.258439e+001 -9.068116e+001 0.000000e+000
3.261026e+001 -9.066031e+001 0.000000e+000
3.263613e+001 -9.063947e+001 0.000000e+000
3.266199e+001 -9.061863e+001 0.000000e+000
3.268786e+001 -9.059779e+001 0.000000e+000
3.271373e+001 -9.057695e+001 0.000000e+000
3.273960e+001 -9.055610e+001 0.000000e+000
3.276547e+001 -9.053526e+001 0.000000e+000
3.279134e+001 -9.051442e+001 0.000000e+000
3.281721e+001 -9.049358e+001 0.000000e+000
3.284307e+001 -9.047274e+001 0.000000e+000
3.286894e+001 -9.045189e+001 0.000000e+000
3.289481e+001 -9.043105e+001 0.000000e+000
3.292068e+001 -9.041021e+001 0.000000e+000
3.294655e+001 -9.038937e+001 0.000000e+000
3.297242e+001 -9.036853e+001 0.000000e+000
3.299828e+001 -9.034768e+001 0.000000e+000
3.302415e+001 -9.032684e+001 0.000000e+000
3.305002e+001 -9.030600e+001 0.000000e+000
3.307589e+001 -9.028516e+001 0.000000e+000
3.310176e+001 -9.026432e+001 0.000000e+000
3.312763e+001 -9.024348e+001 0.000000e+000
3.315350e+001 -9.022263e+001 0.000000e+000
3.317936e+001 -9.020179e+001 0.000000e+000
3.320523e+001 -9.018095e+001 0.000000e+000
3.322970e+001 -9.015848e+001 0.000000e+000
3.325417e+001 -9.013601e+001 0.000000e+000
3.327864e+001 -9.011354e+001 0.000000e+000
3.330311e+001 -9.009107e+001 0.000000e+000
3.332758e+001 -9.006861e+001 0.000000e+000
3.335205e+001 -9.004614e+001 0.000000e+000
3.337651e+001 -9.002367e+001 0.000000e+000
3.340098e+001 -9.000120e+001 0.000000e+000
3.342545e+001 -8.997873e+001 0.000000e+000
3.344992e+001 -8.995626e+001 0.000000e+000
3.347439e+001 -8.993379e+001 0.000000e+000
3.349886e+001 -8.991133e+001 0.000000e+000
3.352333e+001 -8.988886e+001 0.000000e+000
3.354780e+001 -8.986639e+001 0.000000e+000
3.357226e+001 -8.984392e+001 0.000000e+000
3.359673e+001 -8.982145e+001 0.000000e+000
3.362120e+001 -8.979898e+001 0.000000e+000
3.364567e+001 -8.977651e+001 0.000000e+000
3.367014e+001 -8.975404e+001 0.000000e+000
3.369461e+001 -8.973158e+001 0.000000e+000
3.371908e+001 -8.970911e+001 0.000000e+000
3.374355e+001 -8.968664e+001 0.000000e+000
3.376802e+001 -8.966417e+001 0.000000e+000
3.379248e+001 -8.964170e+001 0.000000e+000
3.381695e+001 -8.961923e+001 0.000000e+000
3.384142e+001 -8.959676e+001 0.000000e+000
3.386589e+001 -8.957430e+001 0.000000e+000
3.389036e+001 -8.955183e+001 0.000000e+000
3.391483e+001 -8.952936e+001 0.000000e+000
3.393930e+001 -8.950689e+001 0.000000e+000
3.396377e+001 -8.948442e+001 0.000000e+000
3.398823e+001 -8.946195e+001 0.000000e+000
3.401270e+001 -8.943948e+001 0.000000e+000
3.403717e+001 -8.941701e+001 0.000000e+000
3.406164e+001 -8.939455e+001 0.000000e+000
3.408611e+001 -8.937208e+001 0.000000e+000
3.411058e+001 -8.934961e+001 0.000000e+000
3.413505e+001 -8.932714e+001 0.000000e+000
3.415952e+001 -8.930467e+001 0.000000e+000
3.418399e+001 -8.928220e+001 0.000000e+000
3.420845e+001 -8.925973e+001 0.000000e+000
3.423292e+001 -8.923727e+001 0.000000e+000
3.425739e+001 -8.921480e+001 0.000000e+000
3.428186e+001 -8.919233e+001 0.000000e+000
3.430633e+001 -8.916986e+001 0.000000e+000
3.433080e+001 -8.914739e+001 0.000000e+000
3.435527e+001 -8.912492e+001 0.000000e+000
3.437974e+001 -8.910245e+001 0.000000e+000
3.440420e+001 -8.907998e+001 0.000000e+000
3.442867e+001 -8.905752e+001 0.000000e+000
3.445314e+001 -8.903505e+001 0.000000e+000
3.447761e+001 -8.901258e+001 0.000000e+000
3.450208e+001 -8.899011e+001 0.000000e+000
3.452655e+001 -8.896764e+001 0.000000e+000
3.455102e+001 -8.894517e+001 0.000000e+000
3.457549e+001 -8.892270e+001 0.000000e+000
3.459996e+001 -8.890024e+001 0.000000e+000
3.462442e+001 -8.887777e+001 0.000000e+000
3.464889e+001 -8.885530e+001 0.000000e+000
3.467336e+001 -8.883283e+001 0.000000e+000
3.469783e+001 -8.881036e+001 0.000000e+000
3.472230e+001 -8.878789e+001 0.000000e+000
3.474677e+001 -8.876542e+001 0.000000e+000
3.477124e+001 -8.874295e+001 0.000000e+000
3.479571e+001 -8.872049e+001 0.000000e+000
3.482018e+001 -8.869802e+001 0.000000e+000
3.484464e+001 -8.867555e+001 0.000000e+000
3.486911e+001 -8.865308e+001 0.000000e+000
3.489358e+001 -8.863061e+001 0.000000e+000
3.491805e+001 -8.860814e+001 0.000000e+000
3.494252e+001 -8.858567e+001 0.000000e+000
3.496699e+001 -8.856321e+001 0.000000e+000
3.499146e+001 -8.854074e+001 0.000000e+000
3.501593e+001 -8.851827e+001 0.000000e+000
3.504039e+001 -8.849580e+001 0.000000e+000
3.506486e+001 -8.847333e+001 0.000000e+000
3.508933e+001 -8.845086e+001 0.000000e+000
3.511380e+001 -8.842839e+001 0.000000e+000
3.513827e+001 -8.840592e+001 0.000000e+000
3.516274e+001 -8.838346e+001 0.000000e+000
3.518721e+001 -8.836099e+001 0.000000e+000
3.521168e+001 -8.833852e+001 0.000000e+000
3.523615e+001 -8.831605e+001 0.000000e+000
3.526061e+001 -8.829358e+001 0.000000e+000
3.528508e+001 -8.827111e+001 0.000000e+000
3.530955e+001 -8.824864e+001 0.000000e+000
3.533402e+001 -8.822618e+001 0.000000e+000
3.535849e+001 -8.820371e+001 0.000000e+000
3.538296e+001 -8.818124e+001 0.000000e+000
3.540743e+001 -8.815877e+001 0.000000e+000
3.543190e+001 -8.813630e+001 0.000000e+000
3.545636e+001 -8.811383e+001 0.000000e+000
3.548083e+001 -8.809136e+001 0.000000e+000
3.550530e+001 -8.806889e+001 0.000000e+000
3.552977e+001 -8.804643e+001 0.000000e+000
3.555424e+001 -8.802396e+001 0.000000e+000
3.557871e+001 -8.800149e+001 0.000000e+000
3.560318e+001 -8.797902e+001 0.000000e+000
3.562765e+001 -8.795655e+001 0.000000e+000
3.565061e+001 -8.793255e+001 0.000000e+000
3.567358e+001 -8.790855e+001 0.000000e+000
3.569655e+001 -8.788455e+001 0.000000e+000
3.571951e+001 -8.786054e+001 0.000000e+000
3.574248e+001 -8.783654e+001 0.000000e+000
3.576545e+001 -8.781254e+001 0.000000e+000
3.578842e+001 -8.778854e+001 0.000000e+000
3.581138e+001 -8.776454e+001 0.000000e+000
3.583435e+001 -8.774054e+001 0.000000e+000
3.585732e+001 -8.771654e+001 0.000000e+000
3.588028e+001 -8.769253e+001 0.000000e+000
3.590325e+001 -8.766853e+001 0.000000e+000
3.592622e+001 -8.764453e+001 0.000000e+000
3.594919e+001 -8.762053e+001 0.000000e+000
3.597215e+001 -8.759653e+001 0.000000e+000
3.599512e+001 -8.757253e+001 0.000000e+000
3.601809e+001 -8.754852e+001 0.000000e+000
3.604105e+001 -8.752452e+001 0.000000e+000
3.606402e+001 -8.750052e+001 0.000000e+000
3.608699e+001 -8.747652e+001 0.000000e+000
3.610996e+001 -8.745252e+001 0.000000e+000
3.613292e+001 -8.742852e+001 0.000000e+000
3.615589e+001 -8.740451e+001 0.000000e+000
3.617886e+001 -8.738051e+001 0.000000e+000
3.620182e+001 -8.735651e+001 0.000000e+000
3.622479e+001 -8.733251e+001 0.000000e+000
3.624776e+001 -8.730851e+001 0.000000e+000
3.627073e+001 -8.728451e+001 0.000000e+000
3.629369e+001 -8.726051e+001 0.000000e+000
3.631666e+001 -8.723650e+001 0.000000e+000
3.633963e+001 -8.721250e+001 0.000000e+000
3.636259e+001 -8.718850e+001 0.000000e+000
3.638556e+001 -8.716450e+001 0.000000e+000
3.640853e+001 -8.714050e+001 0.000000e+000
3.643150e+001 -8.711650e+001 0.000000e+000
3.645446e+001 -8.709249e+001 0.000000e+000
3.647743e+001 -8.706849e+001 0.000000e+000
3.650040e+001 -8.704449e+001 0.000000e+000
3.652336e+001 -8.702049e+001 0.000000e+000
3.654633e+001 -8.699649e+001 0.000000e+000
3.656930e+001 -8.697249e+001 0.000000e+000
3.659227e+001 -8.694848e+001 0.000000e+000
3.661523e+001 -8.692448e+001 0.000000e+000
3.663820e+001 -8.690048e+001 0.000000e+000
3.666117e+001 -8.687648e+001 0.000000e+000
3.668413e+001 -8.685248e+001 0.000000e+000
3.670710e+001 -8.682848e+001 0.000000e+000
3.673007e+001 -8.680448e+001 0.000000e+000
3.675304e+001 -8.678047e+001 0.000000e+000
3.677600e+001 -8.675647e+001 0.000000e+000
3.679897e+001 -8.673247e+001 0.000000e+000
3.682194e+001 -8.670847e+001 0.000000e+000
3.684490e+001 -8.668447e+001 0.000000e+000
3.686787e+001 -8.666047e+001 0.000000e+000
3.689084e+001 -8.663646e+001 0.000000e+000
3.691381e+001 -8.661246e+001 0.000000e+000
3.693677e+001 -8.658846e+001 0.000000e+000
3.695974e+001 -8.656446e+001 0.000000e+000
3.698271e+001 -8.654046e+001 0.000000e+000
3.700567e+001 -8.651646e+001 0.000000e+000
3.702864e+001 -8.649245e+001 0.000000e+000
3.705161e+001 -8.646845e+001 0.000000e+000
3.707458e+001 -8.644445e+001 0.000000e+000
3.709754e+001 -8.642045e+001 0.000000e+000
3.712051e+001 -8.639645e+001 0.000000e+000
3.714348e+001 -8.637245e+001 0.000000e+000
3.716644e+001 -8.634845e+001 0.000000e+000
3.718941e+001 -8.632444e+001 0.000000e+000
3.721238e+001 -8.630044e+001 0.000000e+000
3.723534e+001 -8.627644e+001 0.000000e+000
3.725831e+001 -8.625244e+001 0.000000e+000
3.728128e+001 -8.622844e+001 0.000000e+000
3.730425e+001 -8.620444e+001 0.000000e+000
3.732721e+001 -8.618043e+001 0.000000e+000
3.735018e+001 -8.615643e+001 0.000000e+000
3.737315e+001 -8.613243e+001 0.000000e+000
3.739611e+001 -8.610843e+001 0.000000e+000
3.741908e+001 -8.608443e+001 0.000000e+000
3.744205e+001 -8.606043e+001 0.000000e+000
3.746502e+001 -8.603642e+001 0.000000e+000
3.748798e+001 -8.601242e+001 0.000000e+000
3.751095e+001 -8.598842e+001 0.000000e+000
3.753392e+001 -8.596442e+001 0.000000e+000
3.755688e+001 -8.594042e+001 0.000000e+000
3.757985e+001 -8.591642e+001 0.000000e+000
3.760282e+001 -8.589241e+001 0.000000e+000
3.762579e+001 -8.586841e+001 0.000000e+000
3.764875e+001 -8.584441e+001 0.000000e+000
3.767172e+001 -8.582041e+001 0.000000e+000
3.769469e+001 -8.579641e+001 0.000000e+000
3.771765e+001 -8.577241e+001 0.000000e+000
3.774062e+001 -8.574841e+001 0.000000e+000
3.776359e+001 -8.572440e+001 0.000000e+000
3.778656e+001 -8.570040e+001 0.000000e+000
3.780952e+001 -8.567640e+001 0.000000e+000
3.783249e+001 -8.565240e+001 0.000000e+000
3.785546e+001 -8.562840e+001 0.000000e+000
3.787842e+001 -8.560440e+001 0.000000e+000
3.790139e+001 -8.558039e+001 0.000000e+000
3.792276e+001 -8.555496e+001 0.000000e+000
3.794413e+001 -8.552953e+001 0.000000e+000
3.796550e+001 -8.550409e+001 0.000000e+000
3.798687e+001 -8.547866e+001 0.000000e+000
3.800824e+001 -8.545322e+001 0.000000e+000
3.802961e+001 -8.542779e+001 0.000000e+000
3.805098e+001 -8.540235e+001 0.000000e+000
3.807235e+001 -8.537692e+001 0.000000e+000
3.809372e+001 -8.535149e+001 0.000000e+000
3.811509e+001 -8.532605e+001 0.000000e+000
3.813646e+001 -8.530062e+001 0.000000e+000
3.815783e+001 -8.527518e+001 0.000000e+000
3.817920e+001 -8.524975e+001 0.000000e+000
3.820057e+001 -8.522431e+001 0.000000e+000
3.822194e+001 -8.519888e+001 0.000000e+000
3.824330e+001 -8.517344e+001 0.000000e+000
3.826467e+001 -8.514801e+001 0.000000e+000
3.828604e+001 -8.512258e+001 0.000000e+000
3.830741e+001 -8.509714e+001 0.000000e+000
3.832878e+001 -8.507171e+001 0.000000e+000
3.835015e+001 -8.504627e+001 0.000000e+000
3.837152e+001 -8.502084e+001 0.000000e+000
3.839289e+001 -8.499540e+001 0.000000e+000
3.841426e+001 -8.496997e+001 0.000000e+000
3.843563e+001 -8.494454e+001 0.000000e+000
3.845700e+001 -8.491910e+001 0.000000e+000
3.847837e+001 -8.489367e+001 0.000000e+000
3.849974e+001 -8.486823e+001 0.000000e+000
3.852111e+001 -8.484280e+001 0.000000e+000
3.854248e+001 -8.481736e+001 0.000000e+000
3.856385e+001 -8.479193e+001 0.000000e+000
3.858522e+001 -8.476650e+001 0.000000e+000
3.860659e+001 -8.474106e+001 0.000000e+000
3.862796e+001 -8.471563e+001 0.000000e+000
3.864933e+001 -8.469019e+001 0.000000e+000
3.867070e+001 -8.466476e+001 0.000000e+000
3.869207e+001 -8.463932e+001 0.000000e+000
3.871344e+001 -8.461389e+001 0.000000e+000
3.873480e+001 -8.458845e+001 0.000000e+000
3.875617e+001 -8.456302e+001 0.000000e+000
3.877754e+001 -8.453759e+001 0.000000e+000
3.879891e+001 -8.451215e+001 0.000000e+000
3.882028e+001 -8.448672e+001 0.000000e+000
3.884165e+001 -8.446128e+001 0.000000e+000
3.886302e+001 -8.443585e+001 0.000000e+000
3.888439e+001 -8.441041e+001 0.000000e+000
3.890576e+001 -8.438498e+001 0.000000e+000
3.892713e+001 -8.435955e+001 0.000000e+000
3.894850e+001 -8.433411e+001 0.000000e+000
3.896987e+001 -8.430868e+001 0.000000e+000
3.899124e+001 -8.428324e+001 0.000000e+000
3.901261e+001 -8.425781e+001 0.000000e+000
3.903398e+001 -8.423237e+001 0.000000e+000
3.905535e+001 -8.420694e+001 0.000000e+000
3.907672e+001 -8.418151e+001 0.000000e+000
3.909809e+001 -8.415607e+001 0.000000e+000
3.911946e+001 -8.413064e+001 0.000000e+000
3.914083e+001 -8.410520e+001 0.000000e+000
3.916220e+001 -8.407977e+001 0.000000e+000
3.918357e+001 -8.405433e+001 0.000000e+000
3.920494e+001 -8.402890e+001 0.000000e+000
3.922630e+001 -8.400346e+001 0.000000e+000
3.924767e+001 -8.397803e+001 0.000000e+000
3.926904e+001 -8.395260e+001 0.000000e+000
3.929041e+001 -8.392716e+001 0.000000e+000
3.931178e+001 -8.390173e+001 0.000000e+000
3.933315e+001 -8.387629e+001 0.000000e+000
3.935452e+001 -8.385086e+001 0.000000e+000
3.937589e+001 -8.382542e+001 0.000000e+000
3.939726e+001 -8.379999e+001 0.000000e+000
3.941863e+001 -8.377456e+001 0.000000e+000
3.944000e+001 -8.374912e+001 0.000000e+000
3.946137e+001 -8.372369e+001 0.000000e+000
3.948274e+001 -8.369825e+001 0.000000e+000
3.950411e+001 -8.367282e+001 0.000000e+000
3.952548e+001 -8.364738e+001 0.000000e+000
3.954685e+001 -8.362195e+001 0.000000e+000
3.956822e+001 -8.359651e+001 0.000000e+000
3.958959e+001 -8.357108e+001 0.000000e+000
3.961096e+001 -8.354565e+001 0.000000e+000
3.963233e+001 -8.352021e+001 0.000000e+000
3.965370e+001 -8.349478e+001 0.000000e+000
3.967507e+001 -8.346934e+001 0.000000e+000
3.969644e+001 -8.344391e+001 0.000000e+000
3.971781e+001 -8.341847e+001 0.000000e+000
3.973917e+001 -8.339304e+001 0.000000e+000
3.976054e+001 -8.336761e+001 0.000000e+000
3.978191e+001 -8.334217e+001 0.000000e+000
3.980328e+001 -8.331674e+001 0.000000e+000
3.982465e+001 -8.329130e+001 0.000000e+000
3.984602e+001 -8.326587e+001 0.000000e+000
3.986739e+001 -8.324043e+001 0.000000e+000
3.988876e+001 -8.321500e+001 0.000000e+000
3.991013e+001 -8.318957e+001 0.000000e+000
3.993150e+001 -8.316413e+001 0.000000e+000
3.995287e+001 -8.313870e+001 0.000000e+000
3.997424e+001 -8.311326e+001 0.000000e+000
3.999561e+001 -8.308783e+001 0.000000e+000
4.001698e+001 -8.306239e+001 0.000000e+000
4.003660e+001 -8.303572e+001 0.000000e+000
4.005623e+001 -8.300904e+001 0.000000e+000
4.007586e+001 -8.298236e+001 0.000000e+000
4.009548e+001 -8.295568e+001 0.000000e+000
4.011511e+001 -8.292900e+001 0.000000e+000
4.013473e+001 -8.290233e+001 0.000000e+000
4.015436e+001 -8.287565e+001 0.000000e+000
4.017398e+001 -8.284897e+001 0.000000e+000
4.019361e+001 -8.282229e+001 0.000000e+000
4.021324e+001 -8.279562e+001 0.000000e+000
4.023286e+001 -8.276894e+001 0.000000e+000
4.025249e+001 -8.274226e+001 0.000000e+000
4.027211e+001 -8.271558e+001 0.000000e+000
4.029174e+001 -8.268891e+001 0.000000e+000
4.031136e+001 -8.266223e+001 0.000000e+000
4.033099e+001 -8.263555e+001 0.000000e+000
4.035062e+001 -8.260887e+001 0.000000e+000
4.037024e+001 -8.258219e+001 0.000000e+000
4.038987e+001 -8.255552e+001 0.000000e+000
4.040949e+001 -8.252884e+001 0.000000e+000
4.042912e+001 -8.250216e+001 0.000000e+000
4.044874e+001 -8.247548e+001 0.000000e+000
4.046837e+001 -8.244881e+001 0.000000e+000
4.048799e+001 -8.242213e+001 0.000000e+000
4.050762e+001 -8.239545e+001 0.000000e+000
4.052725e+001 -8.236877e+001 0.000000e+000
4.054687e+001 -8.234209e+001 0.000000e+000
4.056650e+001 -8.231542e+001 0.000000e+000
4.058612e+001 -8.228874e+001 0.000000e+000
4.060575e+001 -8.226206e+001 0.000000e+000
4.062537e+001 -8.223538e+001 0.000000e+000
4.064500e+001 -8.220871e+001 0.000000e+000
4.066463e+001 -8.218203e+001 0.000000e+000
4.068425e+001 -8.215535e+001 0.000000e+000
4.070388e+001 -8.212867e+001 0.000000e+000
4.072350e+001 -8.210199e+001 0.000000e+000
4.074313e+001 -8.207532e+001 0.000000e+000
4.076275e+001 -8.204864e+001 0.000000e+000
4.078238e+001 -8.202196e+001 0.000000e+000
4.080201e+001 -8.199528e+001 0.000000e+000
4.082163e+001 -8.196861e+001 0.000000e+000
4.084126e+001 -8.194193e+001 0.000000e+000
4.086088e+001 -8.191525e+001 0.000000e+000
4.088051e+001 -8.188857e+001 0.000000e+000
4.090013e+001 -8.186190e+001 0.000000e+000
4.091976e+001 -8.183522e+001 0.000000e+000
4.093939e+001 -8.180854e+001 0.000000e+000
4.095901e+001 -8.178186e+001 0.000000e+000
4.097864e+001 -8.175518e+001 0.000000e+000
4.099826e+001 -8.172851e+001 0.000000e+000
4.101789e+001 -8.170183e+001 0.000000e+000
4.103751e+001 -8.167515e+001 0.000000e+000
4.105714e+001 -8.164847e+001 0.000000e+000
4.107676e+001 -8.162180e+001 0.000000e+000
4.109639e+001 -8.159512e+001 0.000000e+000
4.111602e+001 -8.156844e+001 0.000000e+000
4.113564e+001 -8.154176e+001 0.000000e+000
4.115527e+001 -8.151508e+001 0.000000e+000
4.117489e+001 -8.148841e+001 0.000000e+000
4.119452e+001 -8.146173e+001 0.000000e+000
4.121414e+001 -8.143505e+001 0.000000e+000
4.123377e+001 -8.140837e+001 0.000000e+000
4.125340e+001 -8.138170e+001 0.000000e+000
4.127302e+001 -8.135502e+001 0.000000e+000
4.129265e+001 -8.132834e+001 0.000000e+000
4.131227e+001 -8.130166e+001 0.000000e+000
4.133190e+001 -8.127498e+001 0.000000e+000
4.135152e+001 -8.124831e+001 0.000000e+000
4.137115e+001 -8.122163e+001 0.000000e+000
4.139078e+001 -8.119495e+001 0.000000e+000
4.141040e+001 -8.116827e+001 0.000000e+000
4.143003e+001 -8.114160e+001 0.000000e+000
4.144965e+001 -8.111492e+001 0.000000e+000
4.146928e+001 -8.108824e+001 0.000000e+000
4.148890e+001 -8.106156e+001 0.000000e+000
4.150853e+001 -8.103489e+001 0.000000e+000
4.152816e+001 -8.100821e+001 0.000000e+000
4.154778e+001 -8.098153e+001 0.000000e+000
4.156741e+001 -8.095485e+001 0.000000e+000
4.158703e+001 -8.092817e+001 0.000000e+000
4.160666e+001 -8.090150e+001 0.000000e+000
4.162628e+001 -8.087482e+001 0.000000e+000
4.164591e+001 -8.084814e+001 0.000000e+000
4.166553e+001 -8.082146e+001 0.000000e+000
4.168516e+001 -8.079479e+001 0.000000e+000
4.170479e+001 -8.076811e+001 0.000000e+000
4.172441e+001 -8.074143e+001 0.000000e+000
4.174404e+001 -8.071475e+001 0.000000e+000
4.176366e+001 -8.068807e+001 0.000000e+000
4.178329e+001 -8.066140e+001 0.000000e+000
4.180291e+001 -8.063472e+001 0.000000e+000
4.182254e+001 -8.060804e+001 0.000000e+000
4.184217e+001 -8.058136e+001 0.000000e+000
4.186179e+001 -8.055469e+001 0.000000e+000
4.188142e+001 -8.052801e+001 0.000000e+000
4.190104e+001 -8.050133e+001 0.000000e+000
4.192067e+001 -8.047465e+001 0.000000e+000
4.194029e+001 -8.044797e+001 0.000000e+000
4.195992e+001 -8.042130e+001 0.000000e+000
4.197784e+001 -8.039332e+001 0.000000e+000
4.199576e+001 -8.036535e+001 0.000000e+000
4.201368e+001 -8.033738e+001 0.000000e+000
4.203160e+001 -8.030941e+001 0.000000e+000
4.204952e+001 -8.028143e+001 0.000000e+000
4.206744e+001 -8.025346e+001 0.000000e+000
4.208536e+001 -8.022549e+001 0.000000e+000
4.210328e+001 -8.019752e+001 0.000000e+000
4.212120e+001 -8.016955e+001 0.000000e+000
4.213911e+001 -8.014157e+001 0.000000e+000
4.215703e+001 -8.011360e+001 0.000000e+000
4.217495e+001 -8.008563e+001 0.000000e+000
4.219287e+001 -8.005766e+001 0.000000e+000
4.221079e+001 -8.002968e+001 0.000000e+000
4.222871e+001 -8.000171e+001 0.000000e+000
4.224663e+001 -7.997374e+001 0.000000e+000
4.226455e+001 -7.994577e+001 0.000000e+000
4.228247e+001 -7.991779e+001 0.000000e+000
4.230039e+001 -7.988982e+001 0.000000e+000
4.231831e+001 -7.986185e+001 0.000000e+000
4.233623e+001 -7.983388e+001 0.000000e+000
4.235415e+001 -7.980590e+001 0.000000e+000
4.237207e+001 -7.977793e+001 0.000000e+000
4.238999e+001 -7.974996e+001 0.000000e+000
4.240791e+001 -7.972199e+001 0.000000e+000
4.242583e+001 -7.969401e+001 0.000000e+000
4.244375e+001 -7.966604e+001 0.000000e+000
4.246167e+001 -7.963807e+001 0.000000e+000
4.247958e+001 -7.961010e+001 0.000000e+000
4.249750e+001 -7.958212e+001 0.000000e+000
4.251542e+001 -7.955415e+001 0.000000e+000
4.253334e+001 -7.952618e+001 0.000000e+000
4.255126e+001 -7.949821e+001 0.000000e+000
4.256918e+001 -7.947023e+001 0.000000e+000
4.258710e+001 -7.944226e+001 0.000000e+000
4.260502e+001 -7.941429e+001 0.000000e+000
4.262294e+001 -7.938632e+001 0.000000e+000
4.264086e+001 -7.935834e+001 0.000000e+000
4.265878e+001 -7.933037e+001 0.000000e+000
4.267670e+001 -7.930240e+001 0.000000e+000
4.269462e+001 -7.927443e+001 0.000000e+000
4.271254e+001 -7.924646e+001 0.000000e+000
4.273046e+001 -7.921848e+001 0.000000e+000
4.274838e+001 -7.919051e+001 0.000000e+000
4.276630e+001 -7.916254e+001 0.000000e+000
4.278422e+001 -7.913457e+001 0.000000e+000
4.280214e+001 -7.910659e+001 0.000000e+000
4.282006e+001 -7.907862e+001 0.000000e+000
4.283797e+001 -7.905065e+001 0.000000e+000
4.285589e+001 -7.902268e+001 0.000000e+000
4.287381e+001 -7.899470e+001 0.000000e+000
4.289173e+001 -7.896673e+001 0.000000e+000
4.290965e+001 -7.893876e+001 0.000000e+000
4.292757e+001 -7.891079e+001 0.000000e+000
4.294549e+001 -7.888281e+001 0.000000e+000
4.296341e+001 -7.885484e+001 0.000000e+000
4.298133e+001 -7.882687e+001 0.000000e+000
4.299925e+001 -7.879890e+001 0.000000e+000
4.301717e+001 -7.877092e+001 0.000000e+000
4.303509e+001 -7.874295e+001 0.000000e+000
4.305301e+001 -7.871498e+001 0.000000e+000
4.307093e+001 -7.868701e+001 0.000000e+000
4.308885e+001 -7.865903e+001 0.000000e+000
4.310677e+001 -7.863106e+001 0.000000e+000
4.312469e+001 -7.860309e+001 0.000000e+000
4.314261e+001 -7.857512e+001 0.000000e+000
4.316053e+001 -7.854714e+001 0.000000e+000
4.317844e+001 -7.851917e+001 0.000000e+000
4.319636e+001 -7.849120e+001 0.000000e+000
4.321428e+001 -7.846323e+001 0.000000e+000
4.323220e+001 -7.843525e+001 0.000000e+000
4.325012e+001 -7.840728e+001 0.000000e+000
4.326804e+001 -7.837931e+001 0.000000e+000
4.328596e+001 -7.835134e+001 0.000000e+000
4.330388e+001 -7.832337e+001 0.000000e+000
4.332180e+001 -7.829539e+001 0.000000e+000
4.333972e+001 -7.826742e+001 0.000000e+000
4.335764e+001 -7.823945e+001 0.000000e+000
4.337556e+001 -7.821148e+001 0.000000e+000
4.339348e+001 -7.818350e+001 0.000000e+000
4.341140e+001 -7.815553e+001 0.000000e+000
4.342932e+001 -7.812756e+001 0.000000e+000
4.344724e+001 -7.809959e+001 0.000000e+000
4.346516e+001 -7.807161e+001 0.000000e+000
4.348308e+001 -7.804364e+001 0.000000e+000
4.350100e+001 -7.801567e+001 0.000000e+000
4.351892e+001 -7.798770e+001 0.000000e+000
4.353683e+001 -7.795972e+001 0.000000e+000
4.355475e+001 -7.793175e+001 0.000000e+000
4.357267e+001 -7.790378e+001 0.000000e+000
4.359059e+001 -7.787581e+001 0.000000e+000
4.360851e+001 -7.784783e+001 0.000000e+000
4.362643e+001 -7.781986e+001 0.000000e+000
4.364435e+001 -7.779189e+001 0.000000e+000
4.366227e+001 -7.776392e+001 0.000000e+000
4.368019e+001 -7.773594e+001 0.000000e+000
4.369811e+001 -7.770797e+001 0.000000e+000
4.371603e+001 -7.768000e+001 0.000000e+000
4.373395e+001 -7.765203e+001 0.000000e+000
4.375365e+001 -7.761573e+001 0.000000e+000
4.377335e+001 -7.757944e+001 0.000000e+000
4.379305e+001 -7.754315e+001 0.000000e+000
4.381274e+001 -7.750686e+001 0.000000e+000
4.383244e+001 -7.747056e+001 0.000000e+000
4.385214e+001 -7.743427e+001 0.000000e+000
4.387184e+001 -7.739798e+001 0.000000e+000
4.389154e+001 -7.736169e+001 0.000000e+000
4.391124e+001 -7.732540e+001 0.000000e+000
4.393094e+001 -7.728910e+001 0.000000e+000
4.395064e+001 -7.725281e+001 0.000000e+000
4.397033e+001 -7.721652e+001 0.000000e+000
4.399003e+001 -7.718023e+001 0.000000e+000
4.400973e+001 -7.714393e+001 0.000000e+000
4.402943e+001 -7.710764e+001 0.000000e+000
4.404913e+001 -7.707135e+001 0.000000e+000
4.406883e+001 -7.703506e+001 0.000000e+000
4.408853e+001 -7.699876e+001 0.000000e+000
4.410823e+001 -7.696247e+001 0.000000e+000
4.412793e+001 -7.692618e+001 0.000000e+000
4.414762e+001 -7.688989e+001 0.000000e+000
4.416732e+001 -7.685359e+001 0.000000e+000
4.418702e+001 -7.681730e+001 0.000000e+000
4.420672e+001 -7.678101e+001 0.000000e+000
4.422642e+001 -7.674472e+001 0.000000e+000
4.424612e+001 -7.670842e+001 0.000000e+000
4.426582e+001 -7.667213e+001 0.000000e+000
4.428552e+001 -7.663584e+001 0.000000e+000
4.430521e+001 -7.659955e+001 0.000000e+000
4.432491e+001 -7.656326e+001 0.000000e+000
4.434461e+001 -7.652696e+001 0.000000e+000
4.436431e+001 -7.649067e+001 0.000000e+000
4.438401e+001 -7.645438e+001 0.000000e+000
4.440371e+001 -7.641809e+001 0.000000e+000
4.442341e+001 -7.638179e+001 0.000000e+000
4.444311e+001 -7.634550e+001 0.000000e+000
4.446281e+001 -7.630921e+001 0.000000e+000
4.448250e+001 -7.627292e+001 0.000000e+000
4.450220e+001 -7.623662e+001 0.000000e+000
4.452190e+001 -7.620033e+001 0.000000e+000
4.454160e+001 -7.616404e+001 0.000000e+000
4.456130e+001 -7.612775e+001 0.000000e+000
4.458100e+001 -7.609145e+001 0.000000e+000
4.460070e+001 -7.605516e+001 0.000000e+000
4.462040e+001 -7.601887e+001 0.000000e+000
4.464009e+001 -7.598258e+001 0.000000e+000
4.465979e+001 -7.594628e+001 0.000000e+000
4.467949e+001 -7.590999e+001 0.000000e+000
4.469919e+001 -7.587370e+001 0.000000e+000
4.471889e+001 -7.583741e+001 0.000000e+000
4.473859e+001 -7.580112e+001 0.000000e+000
4.475829e+001 -7.576482e+001 0.000000e+000
4.477799e+001 -7.572853e+001 0.000000e+000
4.479768e+001 -7.569224e+001 0.000000e+000
4.481738e+001 -7.565595e+001 0.000000e+000
4.483708e+001 -7.561965e+001 0.000000e+000
4.485678e+001 -7.558336e+001 0.000000e+000
4.487648e+001 -7.554707e+001 0.000000e+000
4.489618e+001 -7.551078e+001 0.000000e+000
4.491588e+001 -7.547448e+001 0.000000e+000
4.493558e+001 -7.543819e+001 0.000000e+000
4.495528e+001 -7.540190e+001 0.000000e+000
4.497497e+001 -7.536561e+001 0.000000e+000
4.499467e+001 -7.532931e+001 0.000000e+000
4.501437e+001 -7.529302e+001 0.000000e+000
4.503407e+001 -7.525673e+001 0.000000e+000
4.505377e+001 -7.522044e+001 0.000000e+000
4.507347e+001 -7.518415e+001 0.000000e+000
4.509317e+001 -7.514785e+001 0.000000e+000
4.511287e+001 -7.511156e+001 0.000000e+000
4.513256e+001 -7.507527e+001 0.000000e+000
4.515226e+001 -7.503898e+001 0.000000e+000
4.517196e+001 -7.500268e+001 0.000000e+000
4.519166e+001 -7.496639e+001 0.000000e+000
4.521136e+001 -7.493010e+001 0.000000e+000
4.523106e+001 -7.489381e+001 0.000000e+000
4.525076e+001 -7.485751e+001 0.000000e+000
4.527046e+001 -7.482122e+001 0.000000e+000
4.529016e+001 -7.478493e+001 0.000000e+000
4.530985e+001 -7.474864e+001 0.000000e+000
4.532955e+001 -7.471234e+001 0.000000e+000
4.534925e+001 -7.467605e+001 0.000000e+000
4.536895e+001 -7.463976e+001 0.000000e+000
4.538865e+001 -7.460347e+001 0.000000e+000
4.540835e+001 -7.456717e+001 0.000000e+000
4.542805e+001 -7.453088e+001 0.000000e+000
4.544775e+001 -7.449459e+001 0.000000e+000
4.546744e+001 -7.445830e+001 0.000000e+000
4.548714e+001 -7.442201e+001 0.000000e+000
4.550684e+001 -7.438571e+001 0.000000e+000
4.552654e+001 -7.434942e+001 0.000000e+000
4.554624e+001 -7.431313e+001 0.000000e+000
4.556594e+001 -7.427684e+001 0.000000e+000
4.558564e+001 -7.424054e+001 0.000000e+000
4.560534e+001 -7.420425e+001 0.000000e+000
4.562503e+001 -7.416796e+001 0.000000e+000
4.564473e+001 -7.413167e+001 0.000000e+000
4.566443e+001 -7.409537e+001 0.000000e+000
4.568413e+001 -7.405908e+001 0.000000e+000
4.570082e+001 -7.402142e+001 0.000000e+000
4.571750e+001 -7.398376e+001 0.000000e+000
4.573419e+001 -7.394610e+001 0.000000e+000
4.575088e+001 -7.390843e+001 0.000000e+000
4.576756e+001 -7.387077e+001 0.000000e+000
4.578425e+001 -7.383311e+001 0.000000e+000
4.580094e+001 -7.379545e+001 0.000000e+000
4.581762e+001 -7.375779e+001 0.000000e+000
4.583431e+001 -7.372012e+001 0.000000e+000
4.585099e+001 -7.368246e+001 0.000000e+000
4.586768e+001 -7.364480e+001 0.000000e+000
4.588437e+001 -7.360714e+001 0.000000e+000
4.590105e+001 -7.356948e+001 0.000000e+000
4.591774e+001 -7.353181e+001 0.000000e+000
4.593443e+001 -7.349415e+001 0.000000e+000
4.595111e+001 -7.345649e+001 0.000000e+000
4.596780e+001 -7.341883e+001 0.000000e+000
4.598448e+001 -7.338117e+001 0.000000e+000
4.600117e+001 -7.334350e+001 0.000000e+000
4.601786e+001 -7.330584e+001 0.000000e+000
4.603454e+001 -7.326818e+001 0.000000e+000
4.605123e+001 -7.323052e+001 0.000000e+000
4.606792e+001 -7.319286e+001 0.000000e+000
4.608460e+001 -7.315519e+001 0.000000e+000
4.610129e+001 -7.311753e+001 0.000000e+000
4.611798e+001 -7.307987e+001 0.000000e+000
4.613466e+001 -7.304221e+001 0.000000e+000
4.615135e+001 -7.300455e+001 0.000000e+000
4.616803e+001 -7.296688e+001 0.000000e+000
4.618472e+001 -7.292922e+001 0.000000e+000
4.620141e+001 -7.289156e+001 0.000000e+000
4.621809e+001 -7.285390e+001 0.000000e+000
4.623478e+001 -7.281624e+001 0.000000e+000
4.625147e+001 -7.277857e+001 0.000000e+000
4.626815e+001 -7.274091e+001 0.000000e+000
4.628484e+001 -7.270325e+001 0.000000e+000
4.630152e+001 -7.266559e+001 0.000000e+000
4.631821e+001 -7.262793e+001 0.000000e+000
4.633490e+001 -7.259026e+001 0.000000e+000
4.635158e+001 -7.255260e+001 0.000000e+000
4.636827e+001 -7.251494e+001 0.000000e+000
4.638496e+001 -7.247728e+001 0.000000e+000
4.640164e+001 -7.243962e+001 0.000000e+000
4.641833e+001 -7.240195e+001 0.000000e+000
4.643502e+001 -7.236429e+001 0.000000e+000
4.645170e+001 -7.232663e+001 0.000000e+000
4.646839e+001 -7.228897e+001 0.000000e+000
4.648507e+001 -7.225131e+001 0.000000e+000
4.650176e+001 -7.221364e+001 0.000000e+000
4.651845e+001 -7.217598e+001 0.000000e+000
4.653513e+001 -7.213832e+001 0.000000e+000
4.655182e+001 -7.210066e+001 0.000000e+000
4.656851e+001 -7.206300e+001 0.000000e+000
4.658519e+001 -7.202534e+001 0.000000e+000
4.660188e+001 -7.198767e+001 0.000000e+000
4.661856e+001 -7.195001e+001 0.000000e+000
4.663525e+001 -7.191235e+001 0.000000e+000
4.665194e+001 -7.187469e+001 0.000000e+000
4.666862e+001 -7.183703e+001 0.000000e+000
4.668531e+001 -7.179936e+001 0.000000e+000
4.670200e+001 -7.176170e+001 0.000000e+000
4.671868e+001 -7.172404e+001 0.000000e+000
4.673537e+001 -7.168638e+001 0.000000e+000
4.675205e+001 -7.164872e+001 0.000000e+000
4.676874e+001 -7.161105e+001 0.000000e+000
4.678543e+001 -7.157339e+001 0.000000e+000
4.680211e+001 -7.153573e+001 0.000000e+000
4.681880e+001 -7.149807e+001 0.000000e+000
4.683549e+001 -7.146041e+001 0.000000e+000
4.685217e+001 -7.142274e+001 0.000000e+000
4.686886e+001 -7.138508e+001 0.000000e+000
4.688555e+001 -7.134742e+001 0.000000e+000
4.690223e+001 -7.130976e+001 0.000000e+000
4.691892e+001 -7.127210e+001 0.000000e+000
4.693560e+001 -7.123443e+001 0.000000e+000
4.695229e+001 -7.119677e+001 0.000000e+000
4.696898e+001 -7.115911e+001 0.000000e+000
4.698566e+001 -7.112145e+001 0.000000e+000
4.700235e+001 -7.108379e+001 0.000000e+000
4.701904e+001 -7.104612e+001 0.000000e+000
4.703572e+001 -7.100846e+001 0.000000e+000
4.705241e+001 -7.097080e+001 0.000000e+000
4.706909e+001 -7.093314e+001 0.000000e+000
4.708578e+001 -7.089548e+001 0.000000e+000
4.710247e+001 -7.085781e+001 0.000000e+000
4.711915e+001 -7.082015e+001 0.000000e+000
4.713584e+001 -7.078249e+001 0.000000e+000
4.715253e+001 -7.074483e+001 0.000000e+000
4.716921e+001 -7.070717e+001 0.000000e+000
4.718590e+001 -7.066950e+001 0.000000e+000
4.720258e+001 -7.063184e+001 0.000000e+000
4.721927e+001 -7.059418e+001 0.000000e+000
4.723596e+001 -7.055652e+001 0.000000e+000
4.725264e+001 -7.051886e+001 0.000000e+000
4.726933e+001 -7.048119e+001 0.000000e+000
4.728602e+001 -7.044353e+001 0.000000e+000
4.730270e+001 -7.040587e+001 0.000000e+000
4.731939e+001 -7.036821e+001 0.000000e+000
4.733608e+001 -7.033055e+001 0.000000e+000
4.734972e+001 -7.029157e+001 0.000000e+000
4.736337e+001 -7.025260e+001 0.000000e+000
4.737702e+001 -7.021363e+001 0.000000e+000
4.739067e+001 -7.017465e+001 0.000000e+000
4.740432e+001 -7.013568e+001 0.000000e+000
4.741796e+001 -7.009671e+001 0.000000e+000
4.743161e+001 -7.005773e+001 0.000000e+000
4.744526e+001 -7.001876e+001 0.000000e+000
4.745891e+001 -6.997979e+001 0.000000e+000
4.747256e+001 -6.994081e+001 0.000000e+000
4.748620e+001 -6.990184e+001 0.000000e+000
4.749985e+001 -6.986287e+001 0.000000e+000
4.751350e+001 -6.982389e+001 0.000000e+000
4.752715e+001 -6.978492e+001 0.000000e+000
4.754079e+001 -6.974595e+001 0.000000e+000
4.755444e+001 -6.970697e+001 0.000000e+000
4.756809e+001 -6.966800e+001 0.000000e+000
4.758174e+001 -6.962903e+001 0.000000e+000
4.759539e+001 -6.959006e+001 0.000000e+000
4.760903e+001 -6.955108e+001 0.000000e+000
4.762268e+001 -6.951211e+001 0.000000e+000
4.763633e+001 -6.947314e+001 0.000000e+000
4.764998e+001 -6.943416e+001 0.000000e+000
4.766363e+001 -6.939519e+001 0.000000e+000
4.767727e+001 -6.935622e+001 0.000000e+000
4.769092e+001 -6.931724e+001 0.000000e+000
4.770457e+001 -6.927827e+001 0.000000e+000
4.771822e+001 -6.923930e+001 0.000000e+000
4.773187e+001 -6.920032e+001 0.000000e+000
4.774551e+001 -6.916135e+001 0.000000e+000
4.775916e+001 -6.912238e+001 0.000000e+000
4.777281e+001 -6.908340e+001 0.000000e+000
4.778646e+001 -6.904443e+001 0.000000e+000
4.780011e+001 -6.900546e+001 0.000000e+000
4.781375e+001 -6.896648e+001 0.000000e+000
4.782740e+001 -6.892751e+001 0.000000e+000
4.784105e+001 -6.888854e+001 0.000000e+000
4.785470e+001 -6.884956e+001 0.000000e+000
4.786835e+001 -6.881059e+001 0.000000e+000
4.788199e+001 -6.877162e+001 0.000000e+000
4.789564e+001 -6.873264e+001 0.000000e+000
4.790929e+001 -6.869367e+001 0.000000e+000
4.792294e+001 -6.865470e+001 0.000000e+000
4.793659e+001 -6.861572e+001 0.000000e+000
4.795023e+001 -6.857675e+001 0.000000e+000
4.796388e+001 -6.853778e+001 0.000000e+000
4.797753e+001 -6.849880e+001 0.000000e+000
4.799118e+001 -6.845983e+001 0.000000e+000
4.800483e+001 -6.842086e+001 0.000000e+000
4.801847e+001 -6.838188e+001 0.000000e+000
4.803212e+001 -6.834291e+001 0.000000e+000
4.804577e+001 -6.830394e+001 0.000000e+000
4.805942e+001 -6.826497e+001 0.000000e+000
4.807307e+001 -6.822599e+001 0.000000e+000
4.808671e+001 -6.818702e+001 0.000000e+000
4.810036e+001 -6.814805e+001 0.000000e+000
4.811401e+001 -6.810907e+001 0.000000e+000
4.812766e+001 -6.807010e+001 0.000000e+000
4.814131e+001 -6.803113e+001 0.000000e+000
4.815495e+001 -6.799215e+001 0.000000e+000
4.816860e+001 -6.795318e+001 0.000000e+000
4.818225e+001 -6.791421e+001 0.000000e+000
4.819590e+001 -6.787523e+001 0.000000e+000
4.820954e+001 -6.783626e+001 0.000000e+000
4.822319e+001 -6.779729e+001 0.000000e+000
4.823684e+001 -6.775831e+001 0.000000e+000
4.825049e+001 -6.771934e+001 0.000000e+000
4.826414e+001 -6.768037e+001 0.000000e+000
4.827778e+001 -6.764139e+001 0.000000e+000
4.829143e+001 -6.760242e+001 0.000000e+000
4.830508e+001 -6.756345e+001 0.000000e+000
4.831873e+001 -6.752447e+001 0.000000e+000
4.833238e+001 -6.748550e+001 0.000000e+000
4.834602e+001 -6.744653e+001 0.000000e+000
4.835967e+001 -6.740755e+001 0.000000e+000
4.837332e+001 -6.736858e+001 0.000000e+000
4.838697e+001 -6.732961e+001 0.000000e+000
4.840062e+001 -6.729063e+001 0.000000e+000
4.841426e+001 -6.725166e+001 0.000000e+000
4.842791e+001 -6.721269e+001 0.000000e+000
4.844156e+001 -6.717371e+001 0.000000e+000
4.845521e+001 -6.713474e+001 0.000000e+000
4.846886e+001 -6.709577e+001 0.000000e+000
4.848250e+001 -6.705679e+001 0.000000e+000
4.849615e+001 -6.701782e+001 0.000000e+000
4.850980e+001 -6.697885e+001 0.000000e+000
4.852345e+001 -6.693988e+001 0.000000e+000
4.853710e+001 -6.690090e+001 0.000000e+000
4.855074e+001 -6.686193e+001 0.000000e+000
4.856439e+001 -6.682296e+001 0.000000e+000
4.857804e+001 -6.678398e+001 0.000000e+000
4.859169e+001 -6.674501e+001 0.000000e+000
4.860534e+001 -6.670604e+001 0.000000e+000
4.861898e+001 -6.666706e+001 0.000000e+000
4.863263e+001 -6.662809e+001 0.000000e+000
4.864628e+001 -6.658912e+001 0.000000e+000
4.865993e+001 -6.655014e+001 0.000000e+000
4.867358e+001 -6.651117e+001 0.000000e+000
4.868722e+001 -6.647220e+001 0.000000e+000
4.869768e+001 -6.643235e+001 0.000000e+000
4.870813e+001 -6.639251e+001 0.000000e+000
4.871859e+001 -6.635266e+001 0.000000e+000
4.872904e+001 -6.631282e+001 0.000000e+000
4.873950e+001 -6.627298e+001 0.000000e+000
4.874996e+001 -6.623313e+001 0.000000e+000
4.876041e+001 -6.619329e+001 0.000000e+000
4.877087e+001 -6.615344e+001 0.000000e+000
4.878132e+001 -6.611360e+001 0.000000e+000
4.879178e+001 -6.607376e+001 0.000000e+000
4.880223e+001 -6.603391e+001 0.000000e+000
4.881269e+001 -6.599407e+001 0.000000e+000
4.882314e+001 -6.595422e+001 0.000000e+000
4.883360e+001 -6.591438e+001 0.000000e+000
4.884405e+001 -6.587454e+001 0.000000e+000
4.885451e+001 -6.583469e+001 0.000000e+000
4.886496e+001 -6.579485e+001 0.000000e+000
4.887542e+001 -6.575500e+001 0.000000e+000
4.888588e+001 -6.571516e+001 0.000000e+000
4.889633e+001 -6.567532e+001 0.000000e+000
4.890679e+001 -6.563547e+001 0.000000e+000
4.891724e+001 -6.559563e+001 0.000000e+000
4.892770e+001 -6.555579e+001 0.000000e+000
4.893815e+001 -6.551594e+001 0.000000e+000
4.894861e+001 -6.547610e+001 0.000000e+000
4.895906e+001 -6.543625e+001 0.000000e+000
4.896952e+001 -6.539641e+001 0.000000e+000
4.897997e+001 -6.535657e+001 0.000000e+000
4.899043e+001 -6.531672e+001 0.000000e+000
4.900088e+001 -6.527688e+001 0.000000e+000
4.901134e+001 -6.523703e+001 0.000000e+000
4.902179e+001 -6.519719e+001 0.000000e+000
4.903225e+001 -6.515735e+001 0.000000e+000
4.904271e+001 -6.511750e+001 0.000000e+000
4.905316e+001 -6.507766e+001 0.000000e+000
4.906362e+001 -6.503781e+001 0.000000e+000
4.907407e+001 -6.499797e+001 0.000000e+000
4.908453e+001 -6.495813e+001 0.000000e+000
4.909498e+001 -6.491828e+001 0.000000e+000
4.910544e+001 -6.487844e+001 0.000000e+000
4.911589e+001 -6.483859e+001 0.000000e+000
4.912635e+001 -6.479875e+001 0.000000e+000
4.913680e+001 -6.475891e+001 0.000000e+000
4.914726e+001 -6.471906e+001 0.000000e+000
4.915771e+001 -6.467922e+001 0.000000e+000
4.916817e+001 -6.463937e+001 0.000000e+000
4.917862e+001 -6.459953e+001 0.000000e+000
4.918908e+001 -6.455969e+001 0.000000e+000
4.919954e+001 -6.451984e+001 0.000000e+000
4.920999e+001 -6.448000e+001 0.000000e+000
4.922045e+001 -6.444015e+001 0.000000e+000
4.923090e+001 -6.440031e+001 0.000000e+000
4.924136e+001 -6.436047e+001 0.000000e+000
4.925181e+001 -6.432062e+001 0.000000e+000
4.926227e+001 -6.428078e+001 0.000000e+000
4.927272e+001 -6.424093e+001 0.000000e+000
4.928318e+001 -6.420109e+001 0.000000e+000
4.929363e+001 -6.416125e+001 0.000000e+000
4.930409e+001 -6.412140e+001 0.000000e+000
4.931454e+001 -6.408156e+001 0.000000e+000
4.932500e+001 -6.404171e+001 0.000000e+000
4.933546e+001 -6.400187e+001 0.000000e+000
4.934591e+001 -6.396203e+001 0.000000e+000
4.935637e+001 -6.392218e+001 0.000000e+000
4.936682e+001 -6.388234e+001 0.000000e+000
4.937728e+001 -6.384249e+001 0.000000e+000
4.938773e+001 -6.380265e+001 0.000000e+000
4.939819e+001 -6.376281e+001 0.000000e+000
4.940864e+001 -6.372296e+001 0.000000e+000
4.941910e+001 -6.368312e+001 0.000000e+000
4.942955e+001 -6.364327e+001 0.000000e+000
4.944001e+001 -6.360343e+001 0.000000e+000
4.945046e+001 -6.356359e+001 0.000000e+000
4.946092e+001 -6.352374e+001 0.000000e+000
4.947137e+001 -6.348390e+001 0.000000e+000
4.948183e+001 -6.344405e+001 0.000000e+000
4.949229e+001 -6.340421e+001 0.000000e+000
4.950274e+001 -6.336437e+001 0.000000e+000
4.951320e+001 -6.332452e+001 0.000000e+000
4.952365e+001 -6.328468e+001 0.000000e+000
4.953411e+001 -6.324483e+001 0.000000e+000
4.954456e+001 -6.320499e+001 0.000000e+000
4.955502e+001 -6.316515e+001 0.000000e+000
4.956547e+001 -6.312530e+001 0.000000e+000
4.957593e+001 -6.308546e+001 0.000000e+000
4.958638e+001 -6.304561e+001 0.000000e+000
4.959684e+001 -6.300577e+001 0.000000e+000
4.960729e+001 -6.296593e+001 0.000000e+000
4.961775e+001 -6.292608e+001 0.000000e+000
4.962820e+001 -6.288624e+001 0.000000e+000
4.963866e+001 -6.284639e+001 0.000000e+000
4.964912e+001 -6.280655e+001 0.000000e+000
4.965957e+001 -6.276671e+001 0.000000e+000
4.967003e+001 -6.272686e+001 0.000000e+000
4.968048e+001 -6.268702e+001 0.000000e+000
4.969094e+001 -6.264718e+001 0.000000e+000
4.970139e+001 -6.260733e+001 0.000000e+000
4.971185e+001 -6.256749e+001 0.000000e+000
4.972230e+001 -6.252764e+001 0.000000e+000
4.983288e+001 -6.190319e+001 0.000000e+000
4.994345e+001 -6.127874e+001 0.000000e+000
5.005402e+001 -6.065429e+001 0.000000e+000
5.016459e+001 -6.002984e+001 0.000000e+000
5.027517e+001 -5.940539e+001 0.000000e+000
5.038574e+001 -5.878094e+001 0.000000e+000
5.049631e+001 -5.815649e+001 0.000000e+000
5.060688e+001 -5.753204e+001 0.000000e+000
5.071746e+001 -5.690758e+001 0.000000e+000
5.082803e+001 -5.628313e+001 0.000000e+000
5.093860e+001 -5.565868e+001 0.000000e+000
5.104918e+001 -5.503423e+001 0.000000e+000
5.115975e+001 -5.440978e+001 0.000000e+000
5.127032e+001 -5.378533e+001 0.000000e+000
5.138089e+001 -5.316088e+001 0.000000e+000
5.149147e+001 -5.253643e+001 0.000000e+000
5.160204e+001 -5.191198e+001 0.000000e+000
5.171261e+001 -5.128753e+001 0.000000e+000
5.182318e+001 -5.066308e+001 0.000000e+000
5.193376e+001 -5.003862e+001 0.000000e+000
5.204433e+001 -4.941417e+001 0.000000e+000
5.215490e+001 -4.878972e+001 0.000000e+000
5.226547e+001 -4.816527e+001 0.000000e+000
5.237605e+001 -4.754082e+001 0.000000e+000
5.248662e+001 -4.691637e+001 0.000000e+000
5.259719e+001 -4.629192e+001 0.000000e+000
5.270777e+001 -4.566747e+001 0.000000e+000
5.281834e+001 -4.504302e+001 0.000000e+000
5.292891e+001 -4.441857e+001 0.000000e+000
5.303948e+001 -4.379411e+001 0.000000e+000
5.315006e+001 -4.316966e+001 0.000000e+000
5.326063e+001 -4.254521e+001 0.000000e+000
5.337120e+001 -4.192076e+001 0.000000e+000
5.348177e+001 -4.129631e+001 0.000000e+000
5.359235e+001 -4.067186e+001 0.000000e+000
5.370292e+001 -4.004741e+001 0.000000e+000
5.381349e+001 -3.942296e+001 0.000000e+000
5.392407e+001 -3.879851e+001 0.000000e+000
5.403464e+001 -3.817406e+001 0.000000e+000
5.414521e+001 -3.754961e+001 0.000000e+000
5.425578e+001 -3.692515e+001 0.000000e+000
5.436636e+001 -3.630070e+001 0.000000e+000
5.447693e+001 -3.567625e+001 0.000000e+000
5.458750e+001 -3.505180e+001 0.000000e+000
5.469807e+001 -3.442735e+001 0.000000e+000
5.480865e+001 -3.380290e+001 0.000000e+000
5.491922e+001 -3.317845e+001 0.000000e+000
5.502979e+001 -3.255400e+001 0.000000e+000
5.514037e+001 -3.192955e+001 0.000000e+000
5.525094e+001 -3.130510e+001 0.000000e+000
5.536151e+001 -3.068065e+001 0.000000e+000
5.547208e+001 -3.005619e+001 0.000000e+000
5.558266e+001 -2.943174e+001 0.000000e+000
5.569323e+001 -2.880729e+001 0.000000e+000
5.580380e+001 -2.818284e+001 0.000000e+000
5.591437e+001 -2.755839e+001 0.000000e+000
5.602495e+001 -2.693394e+001 0.000000e+000
5.613552e+001 -2.630949e+001 0.000000e+000
5.624609e+001 -2.568504e+001 0.000000e+000
5.635666e+001 -2.506059e+001 0.000000e+000
5.646724e+001 -2.443614e+001 0.000000e+000
5.657781e+001 -2.381168e+001 0.000000e+000
5.668838e+001 -2.318723e+001 0.000000e+000
5.679896e+001 -2.256278e+001 0.000000e+000
5.690953e+001 -2.193833e+001 0.000000e+000
5.702010e+001 -2.131388e+001 0.000000e+000
5.713067e+001 -2.068943e+001 0.000000e+000
5.724125e+001 -2.006498e+001 0.000000e+000
5.735182e+001 -1.944053e+001 0.000000e+000
5.746239e+001 -1.881608e+001 0.000000e+000
5.757296e+001 -1.819163e+001 0.000000e+000
5.768354e+001 -1.756718e+001 0.000000e+000
5.779411e+001 -1.694272e+001 0.000000e+000
5.790468e+001 -1.631827e+001 0.000000e+000
5.801526e+001 -1.569382e+001 0.000000e+000
5.812583e+001 -1.506937e+001 0.000000e+000
5.823640e+001 -1.444492e+001 0.000000e+000
5.834697e+001 -1.382047e+001 0.000000e+000
5.845755e+001 -1.319602e+001 0.000000e+000
5.856812e+001 -1.257157e+001 0.000000e+000
5.867869e+001 -1.194712e+001 0.000000e+000
5.878926e+001 -1.132267e+001 0.000000e+000
5.889984e+001 -1.069822e+001 0.000000e+000
5.901041e+001 -1.007376e+001 0.000000e+000
5.912098e+001 -9.449313e+000 0.000000e+000
5.923155e+001 -8.824862e+000 0.000000e+000
5.934213e+001 -8.200411e+000 0.000000e+000
5.945270e+001 -7.575960e+000 0.000000e+000
5.956327e+001 -6.951509e+000 0.000000e+000
5.967385e+001 -6.327058e+000 0.000000e+000
5.978442e+001 -5.702608e+000 0.000000e+000
5.989499e+001 -5.078157e+000 0.000000e+000
6.000556e+001 -4.453706e+000 0.000000e+000
6.011614e+001 -3.829255e+000 0.000000e+000
6.022671e+001 -3.204804e+000 0.000000e+000
6.033728e+001 -2.580353e+000 0.000000e+000
6.044785e+001 -1.955902e+000 0.000000e+000
6.055843e+001 -1.331451e+000 0.000000e+000
6.066900e+001 -7.070000e-001 0.000000e+000
