0.000000e+000 -1.260000e+002 0.000000e+000
3.269380e-002 -1.259989e+002 0.000000e+000
6.538759e-002 -1.259977e+002 0.000000e+000
9.808139e-002 -1.259966e+002 0.000000e+000
1.307752e-001 -1.259955e+002 0.000000e+000
1.634690e-001 -1.259943e+002 0.000000e+000
1.961628e-001 -1.259932e+002 0.000000e+000
2.288566e-001 -1.259920e+002 0.000000e+000
2.615504e-001 -1.259909e+002 0.000000e+000
2.942442e-001 -1.259898e+002 0.000000e+000
3.269380e-001 -1.259886e+002 0.000000e+000
3.596318e-001 -1.259875e+002 0.000000e+000
3.923256e-001 -1.259864e+002 0.000000e+000
4.250193e-001 -1.259852e+002 0.000000e+000
4.577131e-001 -1.259841e+002 0.000000e+000
4.904069e-001 -1.259829e+002 0.000000e+000
5.231007e-001 -1.259818e+002 0.000000e+000
5.557945e-001 -1.259807e+002 0.000000e+000
5.884883e-001 -1.259795e+002 0.000000e+000
6.211821e-001 -1.259784e+002 0.000000e+000
6.538759e-001 -1.259773e+002 0.000000e+000
6.865697e-001 -1.259761e+002 0.000000e+000
7.192635e-001 -1.259750e+002 0.000000e+000
7.519573e-001 -1.259738e+002 0.000000e+000
7.846511e-001 -1.259727e+002 0.000000e+000
8.173449e-001 -1.259716e+002 0.000000e+000
8.500387e-001 -1.259704e+002 0.000000e+000
8.827325e-001 -1.259693e+002 0.000000e+000
9.154263e-001 -1.259682e+002 0.000000e+000
9.481201e-001 -1.259670e+002 0.000000e+000
9.808139e-001 -1.259659e+002 0.000000e+000
1.013508e+000 -1.259648e+002 0.000000e+000
1.046201e+000 -1.259636e+002 0.000000e+000
1.078895e+000 -1.259625e+002 0.000000e+000
1.111589e+000 -1.259613e+002 0.000000e+000
1.144283e+000 -1.259602e+002 0.000000e+000
1.176977e+000 -1.259591e+002 0.000000e+000
1.209670e+000 -1.259579e+002 0.000000e+000
1.242364e+000 -1.259568e+002 0.000000e+000
1.275058e+000 -1.259557e+002 0.000000e+000
1.307752e+000 -1.259545e+002 0.000000e+000
1.340446e+000 -1.259534e+002 0.000000e+000
1.373139e+000 -1.259522e+002 0.000000e+000
1.405833e+000 -1.259511e+002 0.000000e+000
1.438527e+000 -1.259500e+002 0.000000e+000
1.471221e+000 -1.259488e+002 0.000000e+000
1.503915e+000 -1.259477e+002 0.000000e+000
1.536608e+000 -1.259466e+002 0.000000e+000
1.569302e+000 -1.259454e+002 0.000000e+000
1.601996e+000 -1.259443e+002 0.000000e+000
1.634690e+000 -1.259431e+002 0.000000e+000
1.667384e+000 -1.259420e+002 0.000000e+000
1.700077e+000 -1.259409e+002 0.000000e+000
1.732771e+000 -1.259397e+002 0.000000e+000
1.765465e+000 -1.259386e+002 0.000000e+000
1.798159e+000 -1.259375e+002 0.000000e+000
1.830853e+000 -1.259363e+002 0.000000e+000
1.863546e+000 -1.259352e+002 0.000000e+000
1.896240e+000 -1.259341e+002 0.000000e+000
1.928934e+000 -1.259329e+002 0.000000e+000
1.961628e+000 -1.259318e+002 0.000000e+000
1.994322e+000 -1.259306e+002 0.000000e+000
2.027015e+000 -1.259295e+002 0.000000e+000
2.059709e+000 -1.259284e+002 0.000000e+000
2.092403e+000 -1.259272e+002 0.000000e+000
2.125097e+000 -1.259261e+002 0.000000e+000
2.157791e+000 -1.259250e+002 0.000000e+000
2.190484e+000 -1.259238e+002 0.000000e+000
2.223178e+000 -1.259227e+002 0.000000e+000
2.255872e+000 -1.259215e+002 0.000000e+000
2.288566e+000 -1.259204e+002 0.000000e+000
2.321260e+000 -1.259193e+002 0.000000e+000
2.353953e+000 -1.259181e+002 0.000000e+000
2.386647e+000 -1.259170e+002 0.000000e+000
2.419341e+000 -1.259159e+002 0.000000e+000
2.452035e+000 -1.259147e+002 0.000000e+000
2.484728e+000 -1.259136e+002 0.000000e+000
2.517422e+000 -1.259124e+002 0.000000e+000
2.550116e+000 -1.259113e+002 0.000000e+000
2.582810e+000 -1.259102e+002 0.000000e+000
2.615504e+000 -1.259090e+002 0.000000e+000
2.648197e+000 -1.259079e+002 0.000000e+000
2.680891e+000 -1.259068e+002 0.000000e+000
2.713585e+000 -1.259056e+002 0.000000e+000
2.746279e+000 -1.259045e+002 0.000000e+000
2.778973e+000 -1.259033e+002 0.000000e+000
2.811666e+000 -1.259022e+002 0.000000e+000
2.844360e+000 -1.259011e+002 0.000000e+000
2.877054e+000 -1.258999e+002 0.000000e+000
2.909748e+000 -1.258988e+002 0.000000e+000
2.942442e+000 -1.258977e+002 0.000000e+000
2.975135e+000 -1.258965e+002 0.000000e+000
3.007829e+000 -1.258954e+002 0.000000e+000
3.040523e+000 -1.258943e+002 0.000000e+000
3.073217e+000 -1.258931e+002 0.000000e+000
3.105911e+000 -1.258920e+002 0.000000e+000
3.138604e+000 -1.258908e+002 0.000000e+000
3.171298e+000 -1.258897e+002 0.000000e+000
3.203992e+000 -1.258886e+002 0.000000e+000
3.236686e+000 -1.258874e+002 0.000000e+000
3.269322e+000 -1.258840e+002 0.000000e+000
3.301957e+000 -1.258806e+002 0.000000e+000
3.334593e+000 -1.258772e+002 0.000000e+000
3.367229e+000 -1.258738e+002 0.000000e+000
3.399865e+000 -1.258703e+002 0.000000e+000
3.432500e+000 -1.258669e+002 0.000000e+000
3.465136e+000 -1.258635e+002 0.000000e+000
3.497772e+000 -1.258601e+002 0.000000e+000
3.530408e+000 -1.258566e+002 0.000000e+000
3.563043e+000 -1.258532e+002 0.000000e+000
3.595679e+000 -1.258498e+002 0.000000e+000
3.628315e+000 -1.258464e+002 0.000000e+000
3.660951e+000 -1.258430e+002 0.000000e+000
3.693586e+000 -1.258395e+002 0.000000e+000
3.726222e+000 -1.258361e+002 0.000000e+000
3.758858e+000 -1.258327e+002 0.000000e+000
3.791494e+000 -1.258293e+002 0.000000e+000
3.824130e+000 -1.258259e+002 0.000000e+000
3.856765e+000 -1.258224e+002 0.000000e+000
3.889401e+000 -1.258190e+002 0.000000e+000
3.922037e+000 -1.258156e+002 0.000000e+000
3.954673e+000 -1.258122e+002 0.000000e+000
3.987308e+000 -1.258088e+002 0.000000e+000
4.019944e+000 -1.258053e+002 0.000000e+000
4.052580e+000 -1.258019e+002 0.000000e+000
4.085216e+000 -1.257985e+002 0.000000e+000
4.117851e+000 -1.257951e+002 0.000000e+000
4.150487e+000 -1.257917e+002 0.000000e+000
4.183123e+000 -1.257882e+002 0.000000e+000
4.215759e+000 -1.257848e+002 0.000000e+000
4.248394e+000 -1.257814e+002 0.000000e+000
4.281030e+000 -1.257780e+002 0.000000e+000
4.313666e+000 -1.257746e+002 0.000000e+000
4.346302e+000 -1.257711e+002 0.000000e+000
4.378938e+000 -1.257677e+002 0.000000e+000
4.411573e+000 -1.257643e+002 0.000000e+000
4.444209e+000 -1.257609e+002 0.000000e+000
4.476845e+000 -1.257575e+002 0.000000e+000
4.509481e+000 -1.257540e+002 0.000000e+000
4.542116e+000 -1.257506e+002 0.000000e+000
4.574752e+000 -1.257472e+002 0.000000e+000
4.607388e+000 -1.257438e+002 0.000000e+000
4.640024e+000 -1.257404e+002 0.000000e+000
4.672659e+000 -1.257369e+002 0.000000e+000
4.705295e+000 -1.257335e+002 0.000000e+000
4.737931e+000 -1.257301e+002 0.000000e+000
4.770567e+000 -1.257267e+002 0.000000e+000
4.803202e+000 -1.257233e+002 0.000000e+000
4.835838e+000 -1.257198e+002 0.000000e+000
4.868474e+000 -1.257164e+002 0.000000e+000
4.901110e+000 -1.257130e+002 0.000000e+000
4.933746e+000 -1.257096e+002 0.000000e+000
4.966381e+000 -1.257062e+002 0.000000e+000
4.999017e+000 -1.257027e+002 0.000000e+000
5.031653e+000 -1.256993e+002 0.000000e+000
5.064289e+000 -1.256959e+002 0.000000e+000
5.096924e+000 -1.256925e+002 0.000000e+000
5.129560e+000 -1.256891e+002 0.000000e+000
5.162196e+000 -1.256856e+002 0.000000e+000
5.194832e+000 -1.256822e+002 0.000000e+000
5.227467e+000 -1.256788e+002 0.000000e+000
5.260103e+000 -1.256754e+002 0.000000e+000
5.292739e+000 -1.256720e+002 0.000000e+000
5.325375e+000 -1.256685e+002 0.000000e+000
5.358010e+000 -1.256651e+002 0.000000e+000
5.390646e+000 -1.256617e+002 0.000000e+000
5.423282e+000 -1.256583e+002 0.000000e+000
5.455918e+000 -1.256549e+002 0.000000e+000
5.488554e+000 -1.256514e+002 0.000000e+000
5.521189e+000 -1.256480e+002 0.000000e+000
5.553825e+000 -1.256446e+002 0.000000e+000
5.586461e+000 -1.256412e+002 0.000000e+000
5.619097e+000 -1.256378e+002 0.000000e+000
5.651732e+000 -1.256343e+002 0.000000e+000
5.684368e+000 -1.256309e+002 0.000000e+000
5.717004e+000 -1.256275e+002 0.000000e+000
5.749640e+000 -1.256241e+002 0.000000e+000
5.782275e+000 -1.256207e+002 0.000000e+000
5.814911e+000 -1.256172e+002 0.000000e+000
5.847547e+000 -1.256138e+002 0.000000e+000
5.880183e+000 -1.256104e+002 0.000000e+000
5.912818e+000 -1.256070e+002 0.000000e+000
5.945454e+000 -1.256036e+002 0.000000e+000
5.978090e+000 -1.256001e+002 0.000000e+000
6.010726e+000 -1.255967e+002 0.000000e+000
6.043361e+000 -1.255933e+002 0.000000e+000
6.075997e+000 -1.255899e+002 0.000000e+000
6.108633e+000 -1.255865e+002 0.000000e+000
6.141269e+000 -1.255830e+002 0.000000e+000
6.173905e+000 -1.255796e+002 0.000000e+000
6.206540e+000 -1.255762e+002 0.000000e+000
6.239176e+000 -1.255728e+002 0.000000e+000
6.271812e+000 -1.255694e+002 0.000000e+000
6.304448e+000 -1.255659e+002 0.000000e+000
6.337083e+000 -1.255625e+002 0.000000e+000
6.369719e+000 -1.255591e+002 0.000000e+000
6.402355e+000 -1.255557e+002 0.000000e+000
6.434991e+000 -1.255523e+002 0.000000e+000
6.467626e+000 -1.255488e+002 0.000000e+000
6.499846e+000 -1.255432e+002 0.000000e+000
6.532065e+000 -1.255375e+002 0.000000e+000
6.564284e+000 -1.255318e+002 0.000000e+000
6.596503e+000 -1.255262e+002 0.000000e+000
6.628722e+000 -1.255205e+002 0.000000e+000
6.660942e+000 -1.255148e+002 0.000000e+000
6.693161e+000 -1.255092e+002 0.000000e+000
6.725380e+000 -1.255035e+002 0.000000e+000
6.757599e+000 -1.254978e+002 0.000000e+000
6.789818e+000 -1.254922e+002 0.000000e+000
6.822038e+000 -1.254865e+002 0.000000e+000
6.854257e+000 -1.254808e+002 0.000000e+000
6.886476e+000 -1.254752e+002 0.000000e+000
6.918695e+000 -1.254695e+002 0.000000e+000
6.950914e+000 -1.254638e+002 0.000000e+000
6.983134e+000 -1.254582e+002 0.000000e+000
7.015353e+000 -1.254525e+002 0.000000e+000
7.047572e+000 -1.254468e+002 0.000000e+000
7.079791e+000 -1.254412e+002 0.000000e+000
7.112010e+000 -1.254355e+002 0.000000e+000
7.144230e+000 -1.254299e+002 0.000000e+000
7.176449e+000 -1.254242e+002 0.000000e+000
7.208668e+000 -1.254185e+002 0.000000e+000
7.240887e+000 -1.254129e+002 0.000000e+000
7.273106e+000 -1.254072e+002 0.000000e+000
7.305326e+000 -1.254015e+002 0.000000e+000
7.337545e+000 -1.253959e+002 0.000000e+000
7.369764e+000 -1.253902e+002 0.000000e+000
7.401983e+000 -1.253845e+002 0.000000e+000
7.434202e+000 -1.253789e+002 0.000000e+000
7.466422e+000 -1.253732e+002 0.000000e+000
7.498641e+000 -1.253675e+002 0.000000e+000
7.530860e+000 -1.253619e+002 0.000000e+000
7.563079e+000 -1.253562e+002 0.000000e+000
7.595298e+000 -1.253505e+002 0.000000e+000
7.627517e+000 -1.253449e+002 0.000000e+000
7.659737e+000 -1.253392e+002 0.000000e+000
7.691956e+000 -1.253335e+002 0.000000e+000
7.724175e+000 -1.253279e+002 0.000000e+000
7.756394e+000 -1.253222e+002 0.000000e+000
7.788613e+000 -1.253165e+002 0.000000e+000
7.820833e+000 -1.253109e+002 0.000000e+000
7.853052e+000 -1.253052e+002 0.000000e+000
7.885271e+000 -1.252995e+002 0.000000e+000
7.917490e+000 -1.252939e+002 0.000000e+000
7.949709e+000 -1.252882e+002 0.000000e+000
7.981929e+000 -1.252825e+002 0.000000e+000
8.014148e+000 -1.252769e+002 0.000000e+000
8.046367e+000 -1.252712e+002 0.000000e+000
8.078586e+000 -1.252655e+002 0.000000e+000
8.110805e+000 -1.252599e+002 0.000000e+000
8.143025e+000 -1.252542e+002 0.000000e+000
8.175244e+000 -1.252485e+002 0.000000e+000
8.207463e+000 -1.252429e+002 0.000000e+000
8.239682e+000 -1.252372e+002 0.000000e+000
8.271901e+000 -1.252316e+002 0.000000e+000
8.304121e+000 -1.252259e+002 0.000000e+000
8.336340e+000 -1.252202e+002 0.000000e+000
8.368559e+000 -1.252146e+002 0.000000e+000
8.400778e+000 -1.252089e+002 0.000000e+000
8.432997e+000 -1.252032e+002 0.000000e+000
8.465217e+000 -1.251976e+002 0.000000e+000
8.497436e+000 -1.251919e+002 0.000000e+000
8.529655e+000 -1.251862e+002 0.000000e+000
8.561874e+000 -1.251806e+002 0.000000e+000
8.594093e+000 -1.251749e+002 0.000000e+000
8.626313e+000 -1.251692e+002 0.000000e+000
8.658532e+000 -1.251636e+002 0.000000e+000
8.690751e+000 -1.251579e+002 0.000000e+000
8.722970e+000 -1.251522e+002 0.000000e+000
8.755189e+000 -1.251466e+002 0.000000e+000
8.787409e+000 -1.251409e+002 0.000000e+000
8.819628e+000 -1.251352e+002 0.000000e+000
8.851847e+000 -1.251296e+002 0.000000e+000
8.884066e+000 -1.251239e+002 0.000000e+000
8.916285e+000 -1.251182e+002 0.000000e+000
8.948505e+000 -1.251126e+002 0.000000e+000
8.980724e+000 -1.251069e+002 0.000000e+000
9.012943e+000 -1.251012e+002 0.000000e+000
9.045162e+000 -1.250956e+002 0.000000e+000
9.077381e+000 -1.250899e+002 0.000000e+000
9.109601e+000 -1.250842e+002 0.000000e+000
9.141820e+000 -1.250786e+002 0.000000e+000
9.174039e+000 -1.250729e+002 0.000000e+000
9.206258e+000 -1.250672e+002 0.000000e+000
9.238477e+000 -1.250616e+002 0.000000e+000
9.270696e+000 -1.250559e+002 0.000000e+000
9.302916e+000 -1.250502e+002 0.000000e+000
9.335135e+000 -1.250446e+002 0.000000e+000
9.367354e+000 -1.250389e+002 0.000000e+000
9.399573e+000 -1.250333e+002 0.000000e+000
9.431792e+000 -1.250276e+002 0.000000e+000
9.464012e+000 -1.250219e+002 0.000000e+000
9.496231e+000 -1.250163e+002 0.000000e+000
9.528450e+000 -1.250106e+002 0.000000e+000
9.560669e+000 -1.250049e+002 0.000000e+000
9.592888e+000 -1.249993e+002 0.000000e+000
9.625108e+000 -1.249936e+002 0.000000e+000
9.657327e+000 -1.249879e+002 0.000000e+000
9.689172e+000 -1.249800e+002 0.000000e+000
9.721016e+000 -1.249721e+002 0.000000e+000
9.752861e+000 -1.249642e+002 0.000000e+000
9.784706e+000 -1.249562e+002 0.000000e+000
9.816550e+000 -1.249483e+002 0.000000e+000
9.848395e+000 -1.249404e+002 0.000000e+000
9.880240e+000 -1.249325e+002 0.000000e+000
9.912084e+000 -1.249246e+002 0.000000e+000
9.943929e+000 -1.249167e+002 0.000000e+000
9.975774e+000 -1.249087e+002 0.000000e+000
1.000762e+001 -1.249008e+002 0.000000e+000
1.003946e+001 -1.248929e+002 0.000000e+000
1.007131e+001 -1.248850e+002 0.000000e+000
1.010315e+001 -1.248771e+002 0.000000e+000
1.013500e+001 -1.248691e+002 0.000000e+000
1.016684e+001 -1.248612e+002 0.000000e+000
1.019869e+001 -1.248533e+002 0.000000e+000
1.023053e+001 -1.248454e+002 0.000000e+000
1.026238e+001 -1.248375e+002 0.000000e+000
1.029422e+001 -1.248296e+002 0.000000e+000
1.032607e+001 -1.248216e+002 0.000000e+000
1.035791e+001 -1.248137e+002 0.000000e+000
1.038976e+001 -1.248058e+002 0.000000e+000
1.042160e+001 -1.247979e+002 0.000000e+000
1.045344e+001 -1.247900e+002 0.000000e+000
1.048529e+001 -1.247820e+002 0.000000e+000
1.051713e+001 -1.247741e+002 0.000000e+000
1.054898e+001 -1.247662e+002 0.000000e+000
1.058082e+001 -1.247583e+002 0.000000e+000
1.061267e+001 -1.247504e+002 0.000000e+000
1.064451e+001 -1.247424e+002 0.000000e+000
1.067636e+001 -1.247345e+002 0.000000e+000
1.070820e+001 -1.247266e+002 0.000000e+000
1.074005e+001 -1.247187e+002 0.000000e+000
1.077189e+001 -1.247108e+002 0.000000e+000
1.080374e+001 -1.247029e+002 0.000000e+000
1.083558e+001 -1.246949e+002 0.000000e+000
1.086743e+001 -1.246870e+002 0.000000e+000
1.089927e+001 -1.246791e+002 0.000000e+000
1.093111e+001 -1.246712e+002 0.000000e+000
1.096296e+001 -1.246633e+002 0.000000e+000
1.099480e+001 -1.246553e+002 0.000000e+000
1.102665e+001 -1.246474e+002 0.000000e+000
1.105849e+001 -1.246395e+002 0.000000e+000
1.109034e+001 -1.246316e+002 0.000000e+000
1.112218e+001 -1.246237e+002 0.000000e+000
1.115403e+001 -1.246157e+002 0.000000e+000
1.118587e+001 -1.246078e+002 0.000000e+000
1.121772e+001 -1.245999e+002 0.000000e+000
1.124956e+001 -1.245920e+002 0.000000e+000
1.128141e+001 -1.245841e+002 0.000000e+000
1.131325e+001 -1.245762e+002 0.000000e+000
1.134510e+001 -1.245682e+002 0.000000e+000
1.137694e+001 -1.245603e+002 0.000000e+000
1.140879e+001 -1.245524e+002 0.000000e+000
1.144063e+001 -1.245445e+002 0.000000e+000
1.147247e+001 -1.245366e+002 0.000000e+000
1.150432e+001 -1.245286e+002 0.000000e+000
1.153616e+001 -1.245207e+002 0.000000e+000
1.156801e+001 -1.245128e+002 0.000000e+000
1.159985e+001 -1.245049e+002 0.000000e+000
1.163170e+001 -1.244970e+002 0.000000e+000
1.166354e+001 -1.244890e+002 0.000000e+000
1.169539e+001 -1.244811e+002 0.000000e+000
1.172723e+001 -1.244732e+002 0.000000e+000
1.175908e+001 -1.244653e+002 0.000000e+000
1.179092e+001 -1.244574e+002 0.000000e+000
1.182277e+001 -1.244495e+002 0.000000e+000
1.185461e+001 -1.244415e+002 0.000000e+000
1.188646e+001 -1.244336e+002 0.000000e+000
1.191830e+001 -1.244257e+002 0.000000e+000
1.195015e+001 -1.244178e+002 0.000000e+000
1.198199e+001 -1.244099e+002 0.000000e+000
1.201383e+001 -1.244019e+002 0.000000e+000
1.204568e+001 -1.243940e+002 0.000000e+000
1.207752e+001 -1.243861e+002 0.000000e+000
1.210937e+001 -1.243782e+002 0.000000e+000
1.214121e+001 -1.243703e+002 0.000000e+000
1.217306e+001 -1.243623e+002 0.000000e+000
1.220490e+001 -1.243544e+002 0.000000e+000
1.223675e+001 -1.243465e+002 0.000000e+000
1.226859e+001 -1.243386e+002 0.000000e+000
1.230044e+001 -1.243307e+002 0.000000e+000
1.233228e+001 -1.243228e+002 0.000000e+000
1.236413e+001 -1.243148e+002 0.000000e+000
1.239597e+001 -1.243069e+002 0.000000e+000
1.242782e+001 -1.242990e+002 0.000000e+000
1.245966e+001 -1.242911e+002 0.000000e+000
1.249151e+001 -1.242832e+002 0.000000e+000
1.252335e+001 -1.242752e+002 0.000000e+000
1.255519e+001 -1.242673e+002 0.000000e+000
1.258704e+001 -1.242594e+002 0.000000e+000
1.261888e+001 -1.242515e+002 0.000000e+000
1.265073e+001 -1.242436e+002 0.000000e+000
1.268257e+001 -1.242356e+002 0.000000e+000
1.271442e+001 -1.242277e+002 0.000000e+000
1.274626e+001 -1.242198e+002 0.000000e+000
1.277811e+001 -1.242119e+002 0.000000e+000
1.280995e+001 -1.242040e+002 0.000000e+000
1.284117e+001 -1.241939e+002 0.000000e+000
1.287238e+001 -1.241837e+002 0.000000e+000
1.290360e+001 -1.241736e+002 0.000000e+000
1.293481e+001 -1.241635e+002 0.000000e+000
1.296603e+001 -1.241534e+002 0.000000e+000
1.299724e+001 -1.241433e+002 0.000000e+000
1.302846e+001 -1.241331e+002 0.000000e+000
1.305967e+001 -1.241230e+002 0.000000e+000
1.309089e+001 -1.241129e+002 0.000000e+000
1.312211e+001 -1.241028e+002 0.000000e+000
1.315332e+001 -1.240927e+002 0.000000e+000
1.318454e+001 -1.240825e+002 0.000000e+000
1.321575e+001 -1.240724e+002 0.000000e+000
1.324697e+001 -1.240623e+002 0.000000e+000
1.327818e+001 -1.240522e+002 0.000000e+000
1.330940e+001 -1.240421e+002 0.000000e+000
1.334061e+001 -1.240319e+002 0.000000e+000
1.337183e+001 -1.240218e+002 0.000000e+000
1.340304e+001 -1.240117e+002 0.000000e+000
1.343426e+001 -1.240016e+002 0.000000e+000
1.346547e+001 -1.239915e+002 0.000000e+000
1.349669e+001 -1.239814e+002 0.000000e+000
1.352790e+001 -1.239712e+002 0.000000e+000
1.355912e+001 -1.239611e+002 0.000000e+000
1.359033e+001 -1.239510e+002 0.000000e+000
1.362155e+001 -1.239409e+002 0.000000e+000
1.365277e+001 -1.239308e+002 0.000000e+000
1.368398e+001 -1.239206e+002 0.000000e+000
1.371520e+001 -1.239105e+002 0.000000e+000
1.374641e+001 -1.239004e+002 0.000000e+000
1.377763e+001 -1.238903e+002 0.000000e+000
1.380884e+001 -1.238802e+002 0.000000e+000
1.384006e+001 -1.238700e+002 0.000000e+000
1.387127e+001 -1.238599e+002 0.000000e+000
1.390249e+001 -1.238498e+002 0.000000e+000
1.393370e+001 -1.238397e+002 0.000000e+000
1.396492e+001 -1.238296e+002 0.000000e+000
1.399613e+001 -1.238194e+002 0.000000e+000
1.402735e+001 -1.238093e+002 0.000000e+000
1.405856e+001 -1.237992e+002 0.000000e+000
1.408978e+001 -1.237891e+002 0.000000e+000
1.412099e+001 -1.237790e+002 0.000000e+000
1.415221e+001 -1.237689e+002 0.000000e+000
1.418343e+001 -1.237587e+002 0.000000e+000
1.421464e+001 -1.237486e+002 0.000000e+000
1.424586e+001 -1.237385e+002 0.000000e+000
1.427707e+001 -1.237284e+002 0.000000e+000
1.430829e+001 -1.237183e+002 0.000000e+000
1.433950e+001 -1.237081e+002 0.000000e+000
1.437072e+001 -1.236980e+002 0.000000e+000
1.440193e+001 -1.236879e+002 0.000000e+000
1.443315e+001 -1.236778e+002 0.000000e+000
1.446436e+001 -1.236677e+002 0.000000e+000
1.449558e+001 -1.236575e+002 0.000000e+000
1.452679e+001 -1.236474e+002 0.000000e+000
1.455801e+001 -1.236373e+002 0.000000e+000
1.458922e+001 -1.236272e+002 0.000000e+000
1.462044e+001 -1.236171e+002 0.000000e+000
1.465165e+001 -1.236069e+002 0.000000e+000
1.468287e+001 -1.235968e+002 0.000000e+000
1.471409e+001 -1.235867e+002 0.000000e+000
1.474530e+001 -1.235766e+002 0.000000e+000
1.477652e+001 -1.235665e+002 0.000000e+000
1.480773e+001 -1.235564e+002 0.000000e+000
1.483895e+001 -1.235462e+002 0.000000e+000
1.487016e+001 -1.235361e+002 0.000000e+000
1.490138e+001 -1.235260e+002 0.000000e+000
1.493259e+001 -1.235159e+002 0.000000e+000
1.496381e+001 -1.235058e+002 0.000000e+000
1.499502e+001 -1.234956e+002 0.000000e+000
1.502624e+001 -1.234855e+002 0.000000e+000
1.505745e+001 -1.234754e+002 0.000000e+000
1.508867e+001 -1.234653e+002 0.000000e+000
1.511988e+001 -1.234552e+002 0.000000e+000
1.515110e+001 -1.234450e+002 0.000000e+000
1.518231e+001 -1.234349e+002 0.000000e+000
1.521353e+001 -1.234248e+002 0.000000e+000
1.524475e+001 -1.234147e+002 0.000000e+000
1.527596e+001 -1.234046e+002 0.000000e+000
1.530718e+001 -1.233944e+002 0.000000e+000
1.533839e+001 -1.233843e+002 0.000000e+000
1.536961e+001 -1.233742e+002 0.000000e+000
1.540082e+001 -1.233641e+002 0.000000e+000
1.543204e+001 -1.233540e+002 0.000000e+000
1.546325e+001 -1.233439e+002 0.000000e+000
1.549447e+001 -1.233337e+002 0.000000e+000
1.552568e+001 -1.233236e+002 0.000000e+000
1.555690e+001 -1.233135e+002 0.000000e+000
1.558811e+001 -1.233034e+002 0.000000e+000
1.561933e+001 -1.232933e+002 0.000000e+000
1.565054e+001 -1.232831e+002 0.000000e+000
1.568176e+001 -1.232730e+002 0.000000e+000
1.571297e+001 -1.232629e+002 0.000000e+000
1.574419e+001 -1.232528e+002 0.000000e+000
1.577541e+001 -1.232427e+002 0.000000e+000
1.580662e+001 -1.232325e+002 0.000000e+000
1.583784e+001 -1.232224e+002 0.000000e+000
1.586905e+001 -1.232123e+002 0.000000e+000
1.590027e+001 -1.232022e+002 0.000000e+000
1.593061e+001 -1.231900e+002 0.000000e+000
1.596095e+001 -1.231777e+002 0.000000e+000
1.599129e+001 -1.231655e+002 0.000000e+000
1.602163e+001 -1.231533e+002 0.000000e+000
1.605197e+001 -1.231410e+002 0.000000e+000
1.608232e+001 -1.231288e+002 0.000000e+000
1.611266e+001 -1.231166e+002 0.000000e+000
1.614300e+001 -1.231043e+002 0.000000e+000
1.617334e+001 -1.230921e+002 0.000000e+000
1.620368e+001 -1.230799e+002 0.000000e+000
1.623403e+001 -1.230677e+002 0.000000e+000
1.626437e+001 -1.230554e+002 0.000000e+000
1.629471e+001 -1.230432e+002 0.000000e+000
1.632505e+001 -1.230310e+002 0.000000e+000
1.635539e+001 -1.230187e+002 0.000000e+000
1.638573e+001 -1.230065e+002 0.000000e+000
1.641608e+001 -1.229943e+002 0.000000e+000
1.644642e+001 -1.229821e+002 0.000000e+000
1.647676e+001 -1.229698e+002 0.000000e+000
1.650710e+001 -1.229576e+002 0.000000e+000
1.653744e+001 -1.229454e+002 0.000000e+000
1.656778e+001 -1.229331e+002 0.000000e+000
1.659813e+001 -1.229209e+002 0.000000e+000
1.662847e+001 -1.229087e+002 0.000000e+000
1.665881e+001 -1.228964e+002 0.000000e+000
1.668915e+001 -1.228842e+002 0.000000e+000
1.671949e+001 -1.228720e+002 0.000000e+000
1.674983e+001 -1.228598e+002 0.000000e+000
1.678018e+001 -1.228475e+002 0.000000e+000
1.681052e+001 -1.228353e+002 0.000000e+000
1.684086e+001 -1.228231e+002 0.000000e+000
1.687120e+001 -1.228108e+002 0.000000e+000
1.690154e+001 -1.227986e+002 0.000000e+000
1.693189e+001 -1.227864e+002 0.000000e+000
1.696223e+001 -1.227742e+002 0.000000e+000
1.699257e+001 -1.227619e+002 0.000000e+000
1.702291e+001 -1.227497e+002 0.000000e+000
1.705325e+001 -1.227375e+002 0.000000e+000
1.708359e+001 -1.227252e+002 0.000000e+000
1.711394e+001 -1.227130e+002 0.000000e+000
1.714428e+001 -1.227008e+002 0.000000e+000
1.717462e+001 -1.226886e+002 0.000000e+000
1.720496e+001 -1.226763e+002 0.000000e+000
1.723530e+001 -1.226641e+002 0.000000e+000
1.726564e+001 -1.226519e+002 0.000000e+000
1.729599e+001 -1.226396e+002 0.000000e+000
1.732633e+001 -1.226274e+002 0.000000e+000
1.735667e+001 -1.226152e+002 0.000000e+000
1.738701e+001 -1.226029e+002 0.000000e+000
1.741735e+001 -1.225907e+002 0.000000e+000
1.744770e+001 -1.225785e+002 0.000000e+000
1.747804e+001 -1.225663e+002 0.000000e+000
1.750838e+001 -1.225540e+002 0.000000e+000
1.753872e+001 -1.225418e+002 0.000000e+000
1.756906e+001 -1.225296e+002 0.000000e+000
1.759940e+001 -1.225173e+002 0.000000e+000
1.762975e+001 -1.225051e+002 0.000000e+000
1.766009e+001 -1.224929e+002 0.000000e+000
1.769043e+001 -1.224807e+002 0.000000e+000
1.772077e+001 -1.224684e+002 0.000000e+000
1.775111e+001 -1.224562e+002 0.000000e+000
1.778145e+001 -1.224440e+002 0.000000e+000
1.781180e+001 -1.224317e+002 0.000000e+000
1.784214e+001 -1.224195e+002 0.000000e+000
1.787248e+001 -1.224073e+002 0.000000e+000
1.790282e+001 -1.223950e+002 0.000000e+000
1.793316e+001 -1.223828e+002 0.000000e+000
1.796350e+001 -1.223706e+002 0.000000e+000
1.799385e+001 -1.223584e+002 0.000000e+000
1.802419e+001 -1.223461e+002 0.000000e+000
1.805453e+001 -1.223339e+002 0.000000e+000
1.808487e+001 -1.223217e+002 0.000000e+000
1.811521e+001 -1.223094e+002 0.000000e+000
1.814556e+001 -1.222972e+002 0.000000e+000
1.817590e+001 -1.222850e+002 0.000000e+000
1.820624e+001 -1.222728e+002 0.000000e+000
1.823658e+001 -1.222605e+002 0.000000e+000
1.826692e+001 -1.222483e+002 0.000000e+000
1.829726e+001 -1.222361e+002 0.000000e+000
1.832761e+001 -1.222238e+002 0.000000e+000
1.835795e+001 -1.222116e+002 0.000000e+000
1.838829e+001 -1.221994e+002 0.000000e+000
1.841863e+001 -1.221871e+002 0.000000e+000
1.844897e+001 -1.221749e+002 0.000000e+000
1.847931e+001 -1.221627e+002 0.000000e+000
1.850966e+001 -1.221505e+002 0.000000e+000
1.854000e+001 -1.221382e+002 0.000000e+000
1.857034e+001 -1.221260e+002 0.000000e+000
1.860068e+001 -1.221138e+002 0.000000e+000
1.863102e+001 -1.221015e+002 0.000000e+000
1.866136e+001 -1.220893e+002 0.000000e+000
1.869171e+001 -1.220771e+002 0.000000e+000
1.872205e+001 -1.220649e+002 0.000000e+000
1.875239e+001 -1.220526e+002 0.000000e+000
1.878273e+001 -1.220404e+002 0.000000e+000
1.881307e+001 -1.220282e+002 0.000000e+000
1.884342e+001 -1.220159e+002 0.000000e+000
1.887376e+001 -1.220037e+002 0.000000e+000
1.890410e+001 -1.219915e+002 0.000000e+000
1.893361e+001 -1.219771e+002 0.000000e+000
1.896311e+001 -1.219628e+002 0.000000e+000
1.899262e+001 -1.219484e+002 0.000000e+000
1.902213e+001 -1.219341e+002 0.000000e+000
1.905164e+001 -1.219197e+002 0.000000e+000
1.908115e+001 -1.219053e+002 0.000000e+000
1.911065e+001 -1.218910e+002 0.000000e+000
1.914016e+001 -1.218766e+002 0.000000e+000
1.916967e+001 -1.218623e+002 0.000000e+000
1.919918e+001 -1.218479e+002 0.000000e+000
1.922868e+001 -1.218336e+002 0.000000e+000
1.925819e+001 -1.218192e+002 0.000000e+000
1.928770e+001 -1.218049e+002 0.000000e+000
1.931721e+001 -1.217905e+002 0.000000e+000
1.934672e+001 -1.217761e+002 0.000000e+000
1.937622e+001 -1.217618e+002 0.000000e+000
1.940573e+001 -1.217474e+002 0.000000e+000
1.943524e+001 -1.217331e+002 0.000000e+000
1.946475e+001 -1.217187e+002 0.000000e+000
1.949425e+001 -1.217044e+002 0.000000e+000
1.952376e+001 -1.216900e+002 0.000000e+000
1.955327e+001 -1.216757e+002 0.000000e+000
1.958278e+001 -1.216613e+002 0.000000e+000
1.961229e+001 -1.216469e+002 0.000000e+000
1.964179e+001 -1.216326e+002 0.000000e+000
1.967130e+001 -1.216182e+002 0.000000e+000
1.970081e+001 -1.216039e+002 0.000000e+000
1.973032e+001 -1.215895e+002 0.000000e+000
1.975983e+001 -1.215752e+002 0.000000e+000
1.978933e+001 -1.215608e+002 0.000000e+000
1.981884e+001 -1.215465e+002 0.000000e+000
1.984835e+001 -1.215321e+002 0.000000e+000
1.987786e+001 -1.215178e+002 0.000000e+000
1.990736e+001 -1.215034e+002 0.000000e+000
1.993687e+001 -1.214890e+002 0.000000e+000
1.996638e+001 -1.214747e+002 0.000000e+000
1.999589e+001 -1.214603e+002 0.000000e+000
2.002540e+001 -1.214460e+002 0.000000e+000
2.005490e+001 -1.214316e+002 0.000000e+000
2.008441e+001 -1.214173e+002 0.000000e+000
2.011392e+001 -1.214029e+002 0.000000e+000
2.014343e+001 -1.213886e+002 0.000000e+000
2.017293e+001 -1.213742e+002 0.000000e+000
2.020244e+001 -1.213598e+002 0.000000e+000
2.023195e+001 -1.213455e+002 0.000000e+000
2.026146e+001 -1.213311e+002 0.000000e+000
2.029097e+001 -1.213168e+002 0.000000e+000
2.032047e+001 -1.213024e+002 0.000000e+000
2.034998e+001 -1.212881e+002 0.000000e+000
2.037949e+001 -1.212737e+002 0.000000e+000
2.040900e+001 -1.212594e+002 0.000000e+000
2.043850e+001 -1.212450e+002 0.000000e+000
2.046801e+001 -1.212306e+002 0.000000e+000
2.049752e+001 -1.212163e+002 0.000000e+000
2.052703e+001 -1.212019e+002 0.000000e+000
2.055654e+001 -1.211876e+002 0.000000e+000
2.058604e+001 -1.211732e+002 0.000000e+000
2.061555e+001 -1.211589e+002 0.000000e+000
2.064506e+001 -1.211445e+002 0.000000e+000
2.067457e+001 -1.211302e+002 0.000000e+000
2.070408e+001 -1.211158e+002 0.000000e+000
2.073358e+001 -1.211014e+002 0.000000e+000
2.076309e+001 -1.210871e+002 0.000000e+000
2.079260e+001 -1.210727e+002 0.000000e+000
2.082211e+001 -1.210584e+002 0.000000e+000
2.085161e+001 -1.210440e+002 0.000000e+000
2.088112e+001 -1.210297e+002 0.000000e+000
2.091063e+001 -1.210153e+002 0.000000e+000
2.094014e+001 -1.210010e+002 0.000000e+000
2.096965e+001 -1.209866e+002 0.000000e+000
2.099915e+001 -1.209722e+002 0.000000e+000
2.102866e+001 -1.209579e+002 0.000000e+000
2.105817e+001 -1.209435e+002 0.000000e+000
2.108768e+001 -1.209292e+002 0.000000e+000
2.111718e+001 -1.209148e+002 0.000000e+000
2.114669e+001 -1.209005e+002 0.000000e+000
2.117620e+001 -1.208861e+002 0.000000e+000
2.120571e+001 -1.208718e+002 0.000000e+000
2.123522e+001 -1.208574e+002 0.000000e+000
2.126472e+001 -1.208430e+002 0.000000e+000
2.129423e+001 -1.208287e+002 0.000000e+000
2.132374e+001 -1.208143e+002 0.000000e+000
2.135325e+001 -1.208000e+002 0.000000e+000
2.138275e+001 -1.207856e+002 0.000000e+000
2.141226e+001 -1.207713e+002 0.000000e+000
2.144177e+001 -1.207569e+002 0.000000e+000
2.147128e+001 -1.207426e+002 0.000000e+000
2.150079e+001 -1.207282e+002 0.000000e+000
2.153029e+001 -1.207138e+002 0.000000e+000
2.155980e+001 -1.206995e+002 0.000000e+000
2.158931e+001 -1.206851e+002 0.000000e+000
2.161882e+001 -1.206708e+002 0.000000e+000
2.164833e+001 -1.206564e+002 0.000000e+000
2.167783e+001 -1.206421e+002 0.000000e+000
2.170734e+001 -1.206277e+002 0.000000e+000
2.173685e+001 -1.206134e+002 0.000000e+000
2.176636e+001 -1.205990e+002 0.000000e+000
2.179586e+001 -1.205846e+002 0.000000e+000
2.182537e+001 -1.205703e+002 0.000000e+000
2.185381e+001 -1.205539e+002 0.000000e+000
2.188224e+001 -1.205375e+002 0.000000e+000
2.191068e+001 -1.205212e+002 0.000000e+000
2.193911e+001 -1.205048e+002 0.000000e+000
2.196755e+001 -1.204884e+002 0.000000e+000
2.199598e+001 -1.204720e+002 0.000000e+000
2.202442e+001 -1.204556e+002 0.000000e+000
2.205286e+001 -1.204393e+002 0.000000e+000
2.208129e+001 -1.204229e+002 0.000000e+000
2.210973e+001 -1.204065e+002 0.000000e+000
2.213816e+001 -1.203901e+002 0.000000e+000
2.216660e+001 -1.203738e+002 0.000000e+000
2.219503e+001 -1.203574e+002 0.000000e+000
2.222347e+001 -1.203410e+002 0.000000e+000
2.225190e+001 -1.203246e+002 0.000000e+000
2.228034e+001 -1.203083e+002 0.000000e+000
2.230877e+001 -1.202919e+002 0.000000e+000
2.233721e+001 -1.202755e+002 0.000000e+000
2.236564e+001 -1.202591e+002 0.000000e+000
2.239408e+001 -1.202427e+002 0.000000e+000
2.242252e+001 -1.202264e+002 0.000000e+000
2.245095e+001 -1.202100e+002 0.000000e+000
2.247939e+001 -1.201936e+002 0.000000e+000
2.250782e+001 -1.201772e+002 0.000000e+000
2.253626e+001 -1.201609e+002 0.000000e+000
2.256469e+001 -1.201445e+002 0.000000e+000
2.259313e+001 -1.201281e+002 0.000000e+000
2.262156e+001 -1.201117e+002 0.000000e+000
2.265000e+001 -1.200953e+002 0.000000e+000
2.267843e+001 -1.200790e+002 0.000000e+000
2.270687e+001 -1.200626e+002 0.000000e+000
2.273531e+001 -1.200462e+002 0.000000e+000
2.276374e+001 -1.200298e+002 0.000000e+000
2.279218e+001 -1.200135e+002 0.000000e+000
2.282061e+001 -1.199971e+002 0.000000e+000
2.284905e+001 -1.199807e+002 0.000000e+000
2.287748e+001 -1.199643e+002 0.000000e+000
2.290592e+001 -1.199479e+002 0.000000e+000
2.293435e+001 -1.199316e+002 0.000000e+000
2.296279e+001 -1.199152e+002 0.000000e+000
2.299122e+001 -1.198988e+002 0.000000e+000
2.301966e+001 -1.198824e+002 0.000000e+000
2.304809e+001 -1.198661e+002 0.000000e+000
2.307653e+001 -1.198497e+002 0.000000e+000
2.310497e+001 -1.198333e+002 0.000000e+000
2.313340e+001 -1.198169e+002 0.000000e+000
2.316184e+001 -1.198006e+002 0.000000e+000
2.319027e+001 -1.197842e+002 0.000000e+000
2.321871e+001 -1.197678e+002 0.000000e+000
2.324714e+001 -1.197514e+002 0.000000e+000
2.327558e+001 -1.197350e+002 0.000000e+000
2.330401e+001 -1.197187e+002 0.000000e+000
2.333245e+001 -1.197023e+002 0.000000e+000
2.336088e+001 -1.196859e+002 0.000000e+000
2.338932e+001 -1.196695e+002 0.000000e+000
2.341776e+001 -1.196532e+002 0.000000e+000
2.344619e+001 -1.196368e+002 0.000000e+000
2.347463e+001 -1.196204e+002 0.000000e+000
2.350306e+001 -1.196040e+002 0.000000e+000
2.353150e+001 -1.195876e+002 0.000000e+000
2.355993e+001 -1.195713e+002 0.000000e+000
2.358837e+001 -1.195549e+002 0.000000e+000
2.361680e+001 -1.195385e+002 0.000000e+000
2.364524e+001 -1.195221e+002 0.000000e+000
2.367367e+001 -1.195058e+002 0.000000e+000
2.370211e+001 -1.194894e+002 0.000000e+000
2.373055e+001 -1.194730e+002 0.000000e+000
2.375898e+001 -1.194566e+002 0.000000e+000
2.378742e+001 -1.194403e+002 0.000000e+000
2.381585e+001 -1.194239e+002 0.000000e+000
2.384429e+001 -1.194075e+002 0.000000e+000
2.387272e+001 -1.193911e+002 0.000000e+000
2.390116e+001 -1.193747e+002 0.000000e+000
2.392959e+001 -1.193584e+002 0.000000e+000
2.395803e+001 -1.193420e+002 0.000000e+000
2.398646e+001 -1.193256e+002 0.000000e+000
2.401490e+001 -1.193092e+002 0.000000e+000
2.404333e+001 -1.192929e+002 0.000000e+000
2.407177e+001 -1.192765e+002 0.000000e+000
2.410021e+001 -1.192601e+002 0.000000e+000
2.412864e+001 -1.192437e+002 0.000000e+000
2.415708e+001 -1.192273e+002 0.000000e+000
2.418551e+001 -1.192110e+002 0.000000e+000
2.421395e+001 -1.191946e+002 0.000000e+000
2.424238e+001 -1.191782e+002 0.000000e+000
2.427082e+001 -1.191618e+002 0.000000e+000
2.429925e+001 -1.191455e+002 0.000000e+000
2.432769e+001 -1.191291e+002 0.000000e+000
2.435612e+001 -1.191127e+002 0.000000e+000
2.438456e+001 -1.190963e+002 0.000000e+000
2.441300e+001 -1.190799e+002 0.000000e+000
2.444143e+001 -1.190636e+002 0.000000e+000
2.446987e+001 -1.190472e+002 0.000000e+000
2.449830e+001 -1.190308e+002 0.000000e+000
2.452674e+001 -1.190144e+002 0.000000e+000
2.455517e+001 -1.189981e+002 0.000000e+000
2.458361e+001 -1.189817e+002 0.000000e+000
2.461204e+001 -1.189653e+002 0.000000e+000
2.464048e+001 -1.189489e+002 0.000000e+000
2.466770e+001 -1.189306e+002 0.000000e+000
2.469493e+001 -1.189123e+002 0.000000e+000
2.472215e+001 -1.188940e+002 0.000000e+000
2.474938e+001 -1.188757e+002 0.000000e+000
2.477660e+001 -1.188573e+002 0.000000e+000
2.480383e+001 -1.188390e+002 0.000000e+000
2.483105e+001 -1.188207e+002 0.000000e+000
2.485828e+001 -1.188024e+002 0.000000e+000
2.488550e+001 -1.187841e+002 0.000000e+000
2.491273e+001 -1.187657e+002 0.000000e+000
2.493995e+001 -1.187474e+002 0.000000e+000
2.496717e+001 -1.187291e+002 0.000000e+000
2.499440e+001 -1.187108e+002 0.000000e+000
2.502162e+001 -1.186925e+002 0.000000e+000
2.504885e+001 -1.186741e+002 0.000000e+000
2.507607e+001 -1.186558e+002 0.000000e+000
2.510330e+001 -1.186375e+002 0.000000e+000
2.513052e+001 -1.186192e+002 0.000000e+000
2.515775e+001 -1.186009e+002 0.000000e+000
2.518497e+001 -1.185825e+002 0.000000e+000
2.521220e+001 -1.185642e+002 0.000000e+000
2.523942e+001 -1.185459e+002 0.000000e+000
2.526665e+001 -1.185276e+002 0.000000e+000
2.529387e+001 -1.185093e+002 0.000000e+000
2.532110e+001 -1.184909e+002 0.000000e+000
2.534832e+001 -1.184726e+002 0.000000e+000
2.537555e+001 -1.184543e+002 0.000000e+000
2.540277e+001 -1.184360e+002 0.000000e+000
2.542999e+001 -1.184177e+002 0.000000e+000
2.545722e+001 -1.183993e+002 0.000000e+000
2.548444e+001 -1.183810e+002 0.000000e+000
2.551167e+001 -1.183627e+002 0.000000e+000
2.553889e+001 -1.183444e+002 0.000000e+000
2.556612e+001 -1.183261e+002 0.000000e+000
2.559334e+001 -1.183077e+002 0.000000e+000
2.562057e+001 -1.182894e+002 0.000000e+000
2.564779e+001 -1.182711e+002 0.000000e+000
2.567502e+001 -1.182528e+002 0.000000e+000
2.570224e+001 -1.182345e+002 0.000000e+000
2.572947e+001 -1.182161e+002 0.000000e+000
2.575669e+001 -1.181978e+002 0.000000e+000
2.578392e+001 -1.181795e+002 0.000000e+000
2.581114e+001 -1.181612e+002 0.000000e+000
2.583837e+001 -1.181429e+002 0.000000e+000
2.586559e+001 -1.181246e+002 0.000000e+000
2.589281e+001 -1.181062e+002 0.000000e+000
2.592004e+001 -1.180879e+002 0.000000e+000
2.594726e+001 -1.180696e+002 0.000000e+000
2.597449e+001 -1.180513e+002 0.000000e+000
2.600171e+001 -1.180330e+002 0.000000e+000
2.602894e+001 -1.180146e+002 0.000000e+000
2.605616e+001 -1.179963e+002 0.000000e+000
2.608339e+001 -1.179780e+002 0.000000e+000
2.611061e+001 -1.179597e+002 0.000000e+000
2.613784e+001 -1.179414e+002 0.000000e+000
2.616506e+001 -1.179230e+002 0.000000e+000
2.619229e+001 -1.179047e+002 0.000000e+000
2.621951e+001 -1.178864e+002 0.000000e+000
2.624674e+001 -1.178681e+002 0.000000e+000
2.627396e+001 -1.178498e+002 0.000000e+000
2.630119e+001 -1.178314e+002 0.000000e+000
2.632841e+001 -1.178131e+002 0.000000e+000
2.635563e+001 -1.177948e+002 0.000000e+000
2.638286e+001 -1.177765e+002 0.000000e+000
2.641008e+001 -1.177582e+002 0.000000e+000
2.643731e+001 -1.177398e+002 0.000000e+000
2.646453e+001 -1.177215e+002 0.000000e+000
2.649176e+001 -1.177032e+002 0.000000e+000
2.651898e+001 -1.176849e+002 0.000000e+000
2.654621e+001 -1.176666e+002 0.000000e+000
2.657343e+001 -1.176482e+002 0.000000e+000
2.660066e+001 -1.176299e+002 0.000000e+000
2.662788e+001 -1.176116e+002 0.000000e+000
2.665511e+001 -1.175933e+002 0.000000e+000
2.668233e+001 -1.175750e+002 0.000000e+000
2.670956e+001 -1.175566e+002 0.000000e+000
2.673678e+001 -1.175383e+002 0.000000e+000
2.676401e+001 -1.175200e+002 0.000000e+000
2.679123e+001 -1.175017e+002 0.000000e+000
2.681845e+001 -1.174834e+002 0.000000e+000
2.684568e+001 -1.174650e+002 0.000000e+000
2.687290e+001 -1.174467e+002 0.000000e+000
2.690013e+001 -1.174284e+002 0.000000e+000
2.692735e+001 -1.174101e+002 0.000000e+000
2.695458e+001 -1.173918e+002 0.000000e+000
2.698180e+001 -1.173734e+002 0.000000e+000
2.700903e+001 -1.173551e+002 0.000000e+000
2.703625e+001 -1.173368e+002 0.000000e+000
2.706348e+001 -1.173185e+002 0.000000e+000
2.709070e+001 -1.173002e+002 0.000000e+000
2.711793e+001 -1.172819e+002 0.000000e+000
2.714515e+001 -1.172635e+002 0.000000e+000
2.717238e+001 -1.172452e+002 0.000000e+000
2.719960e+001 -1.172269e+002 0.000000e+000
2.722683e+001 -1.172086e+002 0.000000e+000
2.725405e+001 -1.171903e+002 0.000000e+000
2.728127e+001 -1.171719e+002 0.000000e+000
2.730850e+001 -1.171536e+002 0.000000e+000
2.733572e+001 -1.171353e+002 0.000000e+000
2.736153e+001 -1.171152e+002 0.000000e+000
2.738733e+001 -1.170951e+002 0.000000e+000
2.741314e+001 -1.170750e+002 0.000000e+000
2.743894e+001 -1.170549e+002 0.000000e+000
2.746474e+001 -1.170348e+002 0.000000e+000
2.749055e+001 -1.170146e+002 0.000000e+000
2.751635e+001 -1.169945e+002 0.000000e+000
2.754216e+001 -1.169744e+002 0.000000e+000
2.756796e+001 -1.169543e+002 0.000000e+000
2.759377e+001 -1.169342e+002 0.000000e+000
2.761957e+001 -1.169141e+002 0.000000e+000
2.764537e+001 -1.168940e+002 0.000000e+000
2.767118e+001 -1.168739e+002 0.000000e+000
2.769698e+001 -1.168538e+002 0.000000e+000
2.772279e+001 -1.168337e+002 0.000000e+000
2.774859e+001 -1.168136e+002 0.000000e+000
2.777439e+001 -1.167935e+002 0.000000e+000
2.780020e+001 -1.167734e+002 0.000000e+000
2.782600e+001 -1.167532e+002 0.000000e+000
2.785181e+001 -1.167331e+002 0.000000e+000
2.787761e+001 -1.167130e+002 0.000000e+000
2.790341e+001 -1.166929e+002 0.000000e+000
2.792922e+001 -1.166728e+002 0.000000e+000
2.795502e+001 -1.166527e+002 0.000000e+000
2.798083e+001 -1.166326e+002 0.000000e+000
2.800663e+001 -1.166125e+002 0.000000e+000
2.803243e+001 -1.165924e+002 0.000000e+000
2.805824e+001 -1.165723e+002 0.000000e+000
2.808404e+001 -1.165522e+002 0.000000e+000
2.810985e+001 -1.165321e+002 0.000000e+000
2.813565e+001 -1.165120e+002 0.000000e+000
2.816146e+001 -1.164918e+002 0.000000e+000
2.818726e+001 -1.164717e+002 0.000000e+000
2.821306e+001 -1.164516e+002 0.000000e+000
2.823887e+001 -1.164315e+002 0.000000e+000
2.826467e+001 -1.164114e+002 0.000000e+000
2.829048e+001 -1.163913e+002 0.000000e+000
2.831628e+001 -1.163712e+002 0.000000e+000
2.834208e+001 -1.163511e+002 0.000000e+000
2.836789e+001 -1.163310e+002 0.000000e+000
2.839369e+001 -1.163109e+002 0.000000e+000
2.841950e+001 -1.162908e+002 0.000000e+000
2.844530e+001 -1.162707e+002 0.000000e+000
2.847110e+001 -1.162505e+002 0.000000e+000
2.849691e+001 -1.162304e+002 0.000000e+000
2.852271e+001 -1.162103e+002 0.000000e+000
2.854852e+001 -1.161902e+002 0.000000e+000
2.857432e+001 -1.161701e+002 0.000000e+000
2.860013e+001 -1.161500e+002 0.000000e+000
2.862593e+001 -1.161299e+002 0.000000e+000
2.865173e+001 -1.161098e+002 0.000000e+000
2.867754e+001 -1.160897e+002 0.000000e+000
2.870334e+001 -1.160696e+002 0.000000e+000
2.872915e+001 -1.160495e+002 0.000000e+000
2.875495e+001 -1.160294e+002 0.000000e+000
2.878075e+001 -1.160093e+002 0.000000e+000
2.880656e+001 -1.159891e+002 0.000000e+000
2.883236e+001 -1.159690e+002 0.000000e+000
2.885817e+001 -1.159489e+002 0.000000e+000
2.888397e+001 -1.159288e+002 0.000000e+000
2.890977e+001 -1.159087e+002 0.000000e+000
2.893558e+001 -1.158886e+002 0.000000e+000
2.896138e+001 -1.158685e+002 0.000000e+000
2.898719e+001 -1.158484e+002 0.000000e+000
2.901299e+001 -1.158283e+002 0.000000e+000
2.903880e+001 -1.158082e+002 0.000000e+000
2.906460e+001 -1.157881e+002 0.000000e+000
2.909040e+001 -1.157680e+002 0.000000e+000
2.911621e+001 -1.157479e+002 0.000000e+000
2.914201e+001 -1.157277e+002 0.000000e+000
2.916782e+001 -1.157076e+002 0.000000e+000
2.919362e+001 -1.156875e+002 0.000000e+000
2.921942e+001 -1.156674e+002 0.000000e+000
2.924523e+001 -1.156473e+002 0.000000e+000
2.927103e+001 -1.156272e+002 0.000000e+000
2.929684e+001 -1.156071e+002 0.000000e+000
2.932264e+001 -1.155870e+002 0.000000e+000
2.934844e+001 -1.155669e+002 0.000000e+000
2.937425e+001 -1.155468e+002 0.000000e+000
2.940005e+001 -1.155267e+002 0.000000e+000
2.942586e+001 -1.155066e+002 0.000000e+000
2.945166e+001 -1.154865e+002 0.000000e+000
2.947746e+001 -1.154663e+002 0.000000e+000
2.950327e+001 -1.154462e+002 0.000000e+000
2.952907e+001 -1.154261e+002 0.000000e+000
2.955488e+001 -1.154060e+002 0.000000e+000
2.958068e+001 -1.153859e+002 0.000000e+000
2.960649e+001 -1.153658e+002 0.000000e+000
2.963229e+001 -1.153457e+002 0.000000e+000
2.965809e+001 -1.153256e+002 0.000000e+000
2.968390e+001 -1.153055e+002 0.000000e+000
2.970970e+001 -1.152854e+002 0.000000e+000
2.973551e+001 -1.152653e+002 0.000000e+000
2.976131e+001 -1.152452e+002 0.000000e+000
2.978711e+001 -1.152250e+002 0.000000e+000
2.981292e+001 -1.152049e+002 0.000000e+000
2.983872e+001 -1.151848e+002 0.000000e+000
2.986453e+001 -1.151647e+002 0.000000e+000
2.989033e+001 -1.151446e+002 0.000000e+000
2.991475e+001 -1.151227e+002 0.000000e+000
2.993917e+001 -1.151008e+002 0.000000e+000
2.996358e+001 -1.150789e+002 0.000000e+000
2.998800e+001 -1.150569e+002 0.000000e+000
3.001242e+001 -1.150350e+002 0.000000e+000
3.003683e+001 -1.150131e+002 0.000000e+000
3.006125e+001 -1.149912e+002 0.000000e+000
3.008567e+001 -1.149692e+002 0.000000e+000
3.011009e+001 -1.149473e+002 0.000000e+000
3.013450e+001 -1.149254e+002 0.000000e+000
3.015892e+001 -1.149035e+002 0.000000e+000
3.018334e+001 -1.148815e+002 0.000000e+000
3.020775e+001 -1.148596e+002 0.000000e+000
3.023217e+001 -1.148377e+002 0.000000e+000
3.025659e+001 -1.148158e+002 0.000000e+000
3.028101e+001 -1.147939e+002 0.000000e+000
3.030542e+001 -1.147719e+002 0.000000e+000
3.032984e+001 -1.147500e+002 0.000000e+000
3.035426e+001 -1.147281e+002 0.000000e+000
3.037867e+001 -1.147062e+002 0.000000e+000
3.040309e+001 -1.146842e+002 0.000000e+000
3.042751e+001 -1.146623e+002 0.000000e+000
3.045193e+001 -1.146404e+002 0.000000e+000
3.047634e+001 -1.146185e+002 0.000000e+000
3.050076e+001 -1.145966e+002 0.000000e+000
3.052518e+001 -1.145746e+002 0.000000e+000
3.054960e+001 -1.145527e+002 0.000000e+000
3.057401e+001 -1.145308e+002 0.000000e+000
3.059843e+001 -1.145089e+002 0.000000e+000
3.062285e+001 -1.144869e+002 0.000000e+000
3.064726e+001 -1.144650e+002 0.000000e+000
3.067168e+001 -1.144431e+002 0.000000e+000
3.069610e+001 -1.144212e+002 0.000000e+000
3.072052e+001 -1.143993e+002 0.000000e+000
3.074493e+001 -1.143773e+002 0.000000e+000
3.076935e+001 -1.143554e+002 0.000000e+000
3.079377e+001 -1.143335e+002 0.000000e+000
3.081818e+001 -1.143116e+002 0.000000e+000
3.084260e+001 -1.142896e+002 0.000000e+000
3.086702e+001 -1.142677e+002 0.000000e+000
3.089144e+001 -1.142458e+002 0.000000e+000
3.091585e+001 -1.142239e+002 0.000000e+000
3.094027e+001 -1.142020e+002 0.000000e+000
3.096469e+001 -1.141800e+002 0.000000e+000
3.098911e+001 -1.141581e+002 0.000000e+000
3.101352e+001 -1.141362e+002 0.000000e+000
3.103794e+001 -1.141143e+002 0.000000e+000
3.106236e+001 -1.140923e+002 0.000000e+000
3.108677e+001 -1.140704e+002 0.000000e+000
3.111119e+001 -1.140485e+002 0.000000e+000
3.113561e+001 -1.140266e+002 0.000000e+000
3.116003e+001 -1.140047e+002 0.000000e+000
3.118444e+001 -1.139827e+002 0.000000e+000
3.120886e+001 -1.139608e+002 0.000000e+000
3.123328e+001 -1.139389e+002 0.000000e+000
3.125769e+001 -1.139170e+002 0.000000e+000
3.128211e+001 -1.138950e+002 0.000000e+000
3.130653e+001 -1.138731e+002 0.000000e+000
3.133095e+001 -1.138512e+002 0.000000e+000
3.135536e+001 -1.138293e+002 0.000000e+000
3.137978e+001 -1.138074e+002 0.000000e+000
3.140420e+001 -1.137854e+002 0.000000e+000
3.142861e+001 -1.137635e+002 0.000000e+000
3.145303e+001 -1.137416e+002 0.000000e+000
3.147745e+001 -1.137197e+002 0.000000e+000
3.150187e+001 -1.136977e+002 0.000000e+000
3.152628e+001 -1.136758e+002 0.000000e+000
3.155070e+001 -1.136539e+002 0.000000e+000
3.157512e+001 -1.136320e+002 0.000000e+000
3.159954e+001 -1.136101e+002 0.000000e+000
3.162395e+001 -1.135881e+002 0.000000e+000
3.164837e+001 -1.135662e+002 0.000000e+000
3.167279e+001 -1.135443e+002 0.000000e+000
3.169720e+001 -1.135224e+002 0.000000e+000
3.172162e+001 -1.135004e+002 0.000000e+000
3.174604e+001 -1.134785e+002 0.000000e+000
3.177046e+001 -1.134566e+002 0.000000e+000
3.179487e+001 -1.134347e+002 0.000000e+000
3.181929e+001 -1.134128e+002 0.000000e+000
3.184371e+001 -1.133908e+002 0.000000e+000
3.186812e+001 -1.133689e+002 0.000000e+000
3.189254e+001 -1.133470e+002 0.000000e+000
3.191696e+001 -1.133251e+002 0.000000e+000
3.194138e+001 -1.133031e+002 0.000000e+000
3.196579e+001 -1.132812e+002 0.000000e+000
3.199021e+001 -1.132593e+002 0.000000e+000
3.201463e+001 -1.132374e+002 0.000000e+000
3.203905e+001 -1.132154e+002 0.000000e+000
3.206346e+001 -1.131935e+002 0.000000e+000
3.208788e+001 -1.131716e+002 0.000000e+000
3.211230e+001 -1.131497e+002 0.000000e+000
3.213671e+001 -1.131278e+002 0.000000e+000
3.216113e+001 -1.131058e+002 0.000000e+000
3.218555e+001 -1.130839e+002 0.000000e+000
3.220997e+001 -1.130620e+002 0.000000e+000
3.223438e+001 -1.130401e+002 0.000000e+000
3.225880e+001 -1.130181e+002 0.000000e+000
3.228322e+001 -1.129962e+002 0.000000e+000
3.230763e+001 -1.129743e+002 0.000000e+000
3.233040e+001 -1.129508e+002 0.000000e+000
3.235316e+001 -1.129273e+002 0.000000e+000
3.237592e+001 -1.129038e+002 0.000000e+000
3.239868e+001 -1.128803e+002 0.000000e+000
3.242144e+001 -1.128568e+002 0.000000e+000
3.244421e+001 -1.128333e+002 0.000000e+000
3.246697e+001 -1.128098e+002 0.000000e+000
3.248973e+001 -1.127863e+002 0.000000e+000
3.251249e+001 -1.127628e+002 0.000000e+000
3.253525e+001 -1.127393e+002 0.000000e+000
3.255802e+001 -1.127158e+002 0.000000e+000
3.258078e+001 -1.126923e+002 0.000000e+000
3.260354e+001 -1.126689e+002 0.000000e+000
3.262630e+001 -1.126454e+002 0.000000e+000
3.264907e+001 -1.126219e+002 0.000000e+000
3.267183e+001 -1.125984e+002 0.000000e+000
3.269459e+001 -1.125749e+002 0.000000e+000
3.271735e+001 -1.125514e+002 0.000000e+000
3.274011e+001 -1.125279e+002 0.000000e+000
3.276288e+001 -1.125044e+002 0.000000e+000
3.278564e+001 -1.124809e+002 0.000000e+000
3.280840e+001 -1.124574e+002 0.000000e+000
3.283116e+001 -1.124339e+002 0.000000e+000
3.285392e+001 -1.124104e+002 0.000000e+000
3.287669e+001 -1.123869e+002 0.000000e+000
3.289945e+001 -1.123634e+002 0.000000e+000
3.292221e+001 -1.123399e+002 0.000000e+000
3.294497e+001 -1.123164e+002 0.000000e+000
3.296773e+001 -1.122929e+002 0.000000e+000
3.299050e+001 -1.122694e+002 0.000000e+000
3.301326e+001 -1.122459e+002 0.000000e+000
3.303602e+001 -1.122224e+002 0.000000e+000
3.305878e+001 -1.121989e+002 0.000000e+000
3.308154e+001 -1.121754e+002 0.000000e+000
3.310431e+001 -1.121519e+002 0.000000e+000
3.312707e+001 -1.121284e+002 0.000000e+000
3.314983e+001 -1.121049e+002 0.000000e+000
3.317259e+001 -1.120815e+002 0.000000e+000
3.319535e+001 -1.120580e+002 0.000000e+000
3.321812e+001 -1.120345e+002 0.000000e+000
3.324088e+001 -1.120110e+002 0.000000e+000
3.326364e+001 -1.119875e+002 0.000000e+000
3.328640e+001 -1.119640e+002 0.000000e+000
3.330917e+001 -1.119405e+002 0.000000e+000
3.333193e+001 -1.119170e+002 0.000000e+000
3.335469e+001 -1.118935e+002 0.000000e+000
3.337745e+001 -1.118700e+002 0.000000e+000
3.340021e+001 -1.118465e+002 0.000000e+000
3.342298e+001 -1.118230e+002 0.000000e+000
3.344574e+001 -1.117995e+002 0.000000e+000
3.346850e+001 -1.117760e+002 0.000000e+000
3.349126e+001 -1.117525e+002 0.000000e+000
3.351402e+001 -1.117290e+002 0.000000e+000
3.353679e+001 -1.117055e+002 0.000000e+000
3.355955e+001 -1.116820e+002 0.000000e+000
3.358231e+001 -1.116585e+002 0.000000e+000
3.360507e+001 -1.116350e+002 0.000000e+000
3.362783e+001 -1.116115e+002 0.000000e+000
3.365060e+001 -1.115880e+002 0.000000e+000
3.367336e+001 -1.115645e+002 0.000000e+000
3.369612e+001 -1.115410e+002 0.000000e+000
3.371888e+001 -1.115175e+002 0.000000e+000
3.374164e+001 -1.114940e+002 0.000000e+000
3.376441e+001 -1.114706e+002 0.000000e+000
3.378717e+001 -1.114471e+002 0.000000e+000
3.380993e+001 -1.114236e+002 0.000000e+000
3.383269e+001 -1.114001e+002 0.000000e+000
3.385545e+001 -1.113766e+002 0.000000e+000
3.387822e+001 -1.113531e+002 0.000000e+000
3.390098e+001 -1.113296e+002 0.000000e+000
3.392374e+001 -1.113061e+002 0.000000e+000
3.394650e+001 -1.112826e+002 0.000000e+000
3.396927e+001 -1.112591e+002 0.000000e+000
3.399203e+001 -1.112356e+002 0.000000e+000
3.401479e+001 -1.112121e+002 0.000000e+000
3.403755e+001 -1.111886e+002 0.000000e+000
3.406031e+001 -1.111651e+002 0.000000e+000
3.408308e+001 -1.111416e+002 0.000000e+000
3.410584e+001 -1.111181e+002 0.000000e+000
3.412860e+001 -1.110946e+002 0.000000e+000
3.415136e+001 -1.110711e+002 0.000000e+000
3.417412e+001 -1.110476e+002 0.000000e+000
3.419689e+001 -1.110241e+002 0.000000e+000
3.421965e+001 -1.110006e+002 0.000000e+000
3.424241e+001 -1.109771e+002 0.000000e+000
3.426517e+001 -1.109536e+002 0.000000e+000
3.428793e+001 -1.109301e+002 0.000000e+000
3.431070e+001 -1.109066e+002 0.000000e+000
3.433346e+001 -1.108832e+002 0.000000e+000
3.435622e+001 -1.108597e+002 0.000000e+000
3.437898e+001 -1.108362e+002 0.000000e+000
3.440174e+001 -1.108127e+002 0.000000e+000
3.442451e+001 -1.107892e+002 0.000000e+000
3.444727e+001 -1.107657e+002 0.000000e+000
3.447003e+001 -1.107422e+002 0.000000e+000
3.449279e+001 -1.107187e+002 0.000000e+000
3.451555e+001 -1.106952e+002 0.000000e+000
3.453832e+001 -1.106717e+002 0.000000e+000
3.456108e+001 -1.106482e+002 0.000000e+000
3.458222e+001 -1.106231e+002 0.000000e+000
3.460335e+001 -1.105980e+002 0.000000e+000
3.462449e+001 -1.105729e+002 0.000000e+000
3.464563e+001 -1.105478e+002 0.000000e+000
3.466676e+001 -1.105227e+002 0.000000e+000
3.468790e+001 -1.104976e+002 0.000000e+000
3.470904e+001 -1.104725e+002 0.000000e+000
3.473017e+001 -1.104474e+002 0.000000e+000
3.475131e+001 -1.104223e+002 0.000000e+000
3.477245e+001 -1.103972e+002 0.000000e+000
3.479358e+001 -1.103721e+002 0.000000e+000
3.481472e+001 -1.103470e+002 0.000000e+000
3.483586e+001 -1.103219e+002 0.000000e+000
3.485699e+001 -1.102968e+002 0.000000e+000
3.487813e+001 -1.102717e+002 0.000000e+000
3.489926e+001 -1.102466e+002 0.000000e+000
3.492040e+001 -1.102215e+002 0.000000e+000
3.494154e+001 -1.101964e+002 0.000000e+000
3.496267e+001 -1.101713e+002 0.000000e+000
3.498381e+001 -1.101462e+002 0.000000e+000
3.500495e+001 -1.101211e+002 0.000000e+000
3.502608e+001 -1.100960e+002 0.000000e+000
3.504722e+001 -1.100709e+002 0.000000e+000
3.506836e+001 -1.100458e+002 0.000000e+000
3.508949e+001 -1.100207e+002 0.000000e+000
3.511063e+001 -1.099956e+002 0.000000e+000
3.513177e+001 -1.099705e+002 0.000000e+000
3.515290e+001 -1.099454e+002 0.000000e+000
3.517404e+001 -1.099203e+002 0.000000e+000
3.519518e+001 -1.098952e+002 0.000000e+000
3.521631e+001 -1.098701e+002 0.000000e+000
3.523745e+001 -1.098450e+002 0.000000e+000
3.525859e+001 -1.098199e+002 0.000000e+000
3.527972e+001 -1.097948e+002 0.000000e+000
3.530086e+001 -1.097697e+002 0.000000e+000
3.532200e+001 -1.097446e+002 0.000000e+000
3.534313e+001 -1.097195e+002 0.000000e+000
3.536427e+001 -1.096944e+002 0.000000e+000
3.538541e+001 -1.096693e+002 0.000000e+000
3.540654e+001 -1.096442e+002 0.000000e+000
3.542768e+001 -1.096191e+002 0.000000e+000
3.544882e+001 -1.095940e+002 0.000000e+000
3.546995e+001 -1.095689e+002 0.000000e+000
3.549109e+001 -1.095438e+002 0.000000e+000
3.551223e+001 -1.095187e+002 0.000000e+000
3.553336e+001 -1.094936e+002 0.000000e+000
3.555450e+001 -1.094685e+002 0.000000e+000
3.557564e+001 -1.094434e+002 0.000000e+000
3.559677e+001 -1.094183e+002 0.000000e+000
3.561791e+001 -1.093932e+002 0.000000e+000
3.563905e+001 -1.093681e+002 0.000000e+000
3.566018e+001 -1.093430e+002 0.000000e+000
3.568132e+001 -1.093179e+002 0.000000e+000
3.570246e+001 -1.092928e+002 0.000000e+000
3.572359e+001 -1.092677e+002 0.000000e+000
3.574473e+001 -1.092426e+002 0.000000e+000
3.576587e+001 -1.092175e+002 0.000000e+000
3.578700e+001 -1.091924e+002 0.000000e+000
3.580814e+001 -1.091673e+002 0.000000e+000
3.582928e+001 -1.091422e+002 0.000000e+000
3.585041e+001 -1.091171e+002 0.000000e+000
3.587155e+001 -1.090920e+002 0.000000e+000
3.589269e+001 -1.090669e+002 0.000000e+000
3.591382e+001 -1.090418e+002 0.000000e+000
3.593496e+001 -1.090167e+002 0.000000e+000
3.595610e+001 -1.089916e+002 0.000000e+000
3.597723e+001 -1.089665e+002 0.000000e+000
3.599837e+001 -1.089414e+002 0.000000e+000
3.601951e+001 -1.089163e+002 0.000000e+000
3.604064e+001 -1.088912e+002 0.000000e+000
3.606178e+001 -1.088661e+002 0.000000e+000
3.608292e+001 -1.088410e+002 0.000000e+000
3.610405e+001 -1.088159e+002 0.000000e+000
3.612519e+001 -1.087908e+002 0.000000e+000
3.614633e+001 -1.087657e+002 0.000000e+000
3.616746e+001 -1.087406e+002 0.000000e+000
3.618860e+001 -1.087155e+002 0.000000e+000
3.620974e+001 -1.086904e+002 0.000000e+000
3.623087e+001 -1.086653e+002 0.000000e+000
3.625201e+001 -1.086402e+002 0.000000e+000
3.627315e+001 -1.086151e+002 0.000000e+000
3.629428e+001 -1.085900e+002 0.000000e+000
3.631542e+001 -1.085649e+002 0.000000e+000
3.633656e+001 -1.085398e+002 0.000000e+000
3.635769e+001 -1.085147e+002 0.000000e+000
3.637883e+001 -1.084896e+002 0.000000e+000
3.639997e+001 -1.084645e+002 0.000000e+000
3.642110e+001 -1.084394e+002 0.000000e+000
3.644224e+001 -1.084143e+002 0.000000e+000
3.646338e+001 -1.083891e+002 0.000000e+000
3.648451e+001 -1.083640e+002 0.000000e+000
3.650565e+001 -1.083389e+002 0.000000e+000
3.652679e+001 -1.083138e+002 0.000000e+000
3.654792e+001 -1.082887e+002 0.000000e+000
3.656906e+001 -1.082636e+002 0.000000e+000
3.659020e+001 -1.082385e+002 0.000000e+000
3.661133e+001 -1.082134e+002 0.000000e+000
3.663247e+001 -1.081883e+002 0.000000e+000
3.665361e+001 -1.081632e+002 0.000000e+000
3.667289e+001 -1.081368e+002 0.000000e+000
3.669216e+001 -1.081104e+002 0.000000e+000
3.671144e+001 -1.080840e+002 0.000000e+000
3.673072e+001 -1.080575e+002 0.000000e+000
3.675000e+001 -1.080311e+002 0.000000e+000
3.676928e+001 -1.080047e+002 0.000000e+000
3.678856e+001 -1.079782e+002 0.000000e+000
3.680784e+001 -1.079518e+002 0.000000e+000
3.682712e+001 -1.079254e+002 0.000000e+000
3.684640e+001 -1.078990e+002 0.000000e+000
3.686568e+001 -1.078725e+002 0.000000e+000
3.688495e+001 -1.078461e+002 0.000000e+000
3.690423e+001 -1.078197e+002 0.000000e+000
3.692351e+001 -1.077932e+002 0.000000e+000
3.694279e+001 -1.077668e+002 0.000000e+000
3.696207e+001 -1.077404e+002 0.000000e+000
3.698135e+001 -1.077140e+002 0.000000e+000
3.700063e+001 -1.076875e+002 0.000000e+000
3.701991e+001 -1.076611e+002 0.000000e+000
3.703919e+001 -1.076347e+002 0.000000e+000
3.705847e+001 -1.076082e+002 0.000000e+000
3.707774e+001 -1.075818e+002 0.000000e+000
3.709702e+001 -1.075554e+002 0.000000e+000
3.711630e+001 -1.075289e+002 0.000000e+000
3.713558e+001 -1.075025e+002 0.000000e+000
3.715486e+001 -1.074761e+002 0.000000e+000
3.717414e+001 -1.074497e+002 0.000000e+000
3.719342e+001 -1.074232e+002 0.000000e+000
3.721270e+001 -1.073968e+002 0.000000e+000
3.723198e+001 -1.073704e+002 0.000000e+000
3.725126e+001 -1.073439e+002 0.000000e+000
3.727053e+001 -1.073175e+002 0.000000e+000
3.728981e+001 -1.072911e+002 0.000000e+000
3.730909e+001 -1.072647e+002 0.000000e+000
3.732837e+001 -1.072382e+002 0.000000e+000
3.734765e+001 -1.072118e+002 0.000000e+000
3.736693e+001 -1.071854e+002 0.000000e+000
3.738621e+001 -1.071589e+002 0.000000e+000
3.740549e+001 -1.071325e+002 0.000000e+000
3.742477e+001 -1.071061e+002 0.000000e+000
3.744405e+001 -1.070797e+002 0.000000e+000
3.746333e+001 -1.070532e+002 0.000000e+000
3.748260e+001 -1.070268e+002 0.000000e+000
3.750188e+001 -1.070004e+002 0.000000e+000
3.752116e+001 -1.069739e+002 0.000000e+000
3.754044e+001 -1.069475e+002 0.000000e+000
3.755972e+001 -1.069211e+002 0.000000e+000
3.757900e+001 -1.068946e+002 0.000000e+000
3.759828e+001 -1.068682e+002 0.000000e+000
3.761756e+001 -1.068418e+002 0.000000e+000
3.763684e+001 -1.068154e+002 0.000000e+000
3.765612e+001 -1.067889e+002 0.000000e+000
3.767539e+001 -1.067625e+002 0.000000e+000
3.769467e+001 -1.067361e+002 0.000000e+000
3.771395e+001 -1.067096e+002 0.000000e+000
3.773323e+001 -1.066832e+002 0.000000e+000
3.775251e+001 -1.066568e+002 0.000000e+000
3.777179e+001 -1.066304e+002 0.000000e+000
3.779107e+001 -1.066039e+002 0.000000e+000
3.781035e+001 -1.065775e+002 0.000000e+000
3.782963e+001 -1.065511e+002 0.000000e+000
3.784891e+001 -1.065246e+002 0.000000e+000
3.786818e+001 -1.064982e+002 0.000000e+000
3.788746e+001 -1.064718e+002 0.000000e+000
3.790674e+001 -1.064454e+002 0.000000e+000
3.792602e+001 -1.064189e+002 0.000000e+000
3.794530e+001 -1.063925e+002 0.000000e+000
3.796458e+001 -1.063661e+002 0.000000e+000
3.798386e+001 -1.063396e+002 0.000000e+000
3.800314e+001 -1.063132e+002 0.000000e+000
3.802242e+001 -1.062868e+002 0.000000e+000
3.804170e+001 -1.062604e+002 0.000000e+000
3.806097e+001 -1.062339e+002 0.000000e+000
3.808025e+001 -1.062075e+002 0.000000e+000
3.809953e+001 -1.061811e+002 0.000000e+000
3.811881e+001 -1.061546e+002 0.000000e+000
3.813809e+001 -1.061282e+002 0.000000e+000
3.815737e+001 -1.061018e+002 0.000000e+000
3.817665e+001 -1.060753e+002 0.000000e+000
3.819593e+001 -1.060489e+002 0.000000e+000
3.821521e+001 -1.060225e+002 0.000000e+000
3.823449e+001 -1.059961e+002 0.000000e+000
3.825376e+001 -1.059696e+002 0.000000e+000
3.827304e+001 -1.059432e+002 0.000000e+000
3.829232e+001 -1.059168e+002 0.000000e+000
3.831160e+001 -1.058903e+002 0.000000e+000
3.833088e+001 -1.058639e+002 0.000000e+000
3.835016e+001 -1.058375e+002 0.000000e+000
3.836944e+001 -1.058111e+002 0.000000e+000
3.838872e+001 -1.057846e+002 0.000000e+000
3.840800e+001 -1.057582e+002 0.000000e+000
3.842728e+001 -1.057318e+002 0.000000e+000
3.844655e+001 -1.057053e+002 0.000000e+000
3.846583e+001 -1.056789e+002 0.000000e+000
3.848511e+001 -1.056525e+002 0.000000e+000
3.850439e+001 -1.056261e+002 0.000000e+000
3.852367e+001 -1.055996e+002 0.000000e+000
3.854295e+001 -1.055732e+002 0.000000e+000
3.856223e+001 -1.055468e+002 0.000000e+000
3.857962e+001 -1.055191e+002 0.000000e+000
3.859702e+001 -1.054914e+002 0.000000e+000
3.861442e+001 -1.054637e+002 0.000000e+000
3.863181e+001 -1.054359e+002 0.000000e+000
3.864921e+001 -1.054082e+002 0.000000e+000
3.866660e+001 -1.053805e+002 0.000000e+000
3.868400e+001 -1.053528e+002 0.000000e+000
3.870140e+001 -1.053251e+002 0.000000e+000
3.871879e+001 -1.052974e+002 0.000000e+000
3.873619e+001 -1.052697e+002 0.000000e+000
3.875358e+001 -1.052420e+002 0.000000e+000
3.877098e+001 -1.052143e+002 0.000000e+000
3.878838e+001 -1.051866e+002 0.000000e+000
3.880577e+001 -1.051589e+002 0.000000e+000
3.882317e+001 -1.051312e+002 0.000000e+000
3.884056e+001 -1.051035e+002 0.000000e+000
3.885796e+001 -1.050758e+002 0.000000e+000
3.887535e+001 -1.050481e+002 0.000000e+000
3.889275e+001 -1.050204e+002 0.000000e+000
3.891015e+001 -1.049927e+002 0.000000e+000
3.892754e+001 -1.049650e+002 0.000000e+000
3.894494e+001 -1.049373e+002 0.000000e+000
3.896233e+001 -1.049096e+002 0.000000e+000
3.897973e+001 -1.048818e+002 0.000000e+000
3.899713e+001 -1.048541e+002 0.000000e+000
3.901452e+001 -1.048264e+002 0.000000e+000
3.903192e+001 -1.047987e+002 0.000000e+000
3.904931e+001 -1.047710e+002 0.000000e+000
3.906671e+001 -1.047433e+002 0.000000e+000
3.908411e+001 -1.047156e+002 0.000000e+000
3.910150e+001 -1.046879e+002 0.000000e+000
3.911890e+001 -1.046602e+002 0.000000e+000
3.913629e+001 -1.046325e+002 0.000000e+000
3.915369e+001 -1.046048e+002 0.000000e+000
3.917108e+001 -1.045771e+002 0.000000e+000
3.918848e+001 -1.045494e+002 0.000000e+000
3.920588e+001 -1.045217e+002 0.000000e+000
3.922327e+001 -1.044940e+002 0.000000e+000
3.924067e+001 -1.044663e+002 0.000000e+000
3.925806e+001 -1.044386e+002 0.000000e+000
3.927546e+001 -1.044109e+002 0.000000e+000
3.929286e+001 -1.043832e+002 0.000000e+000
3.931025e+001 -1.043555e+002 0.000000e+000
3.932765e+001 -1.043278e+002 0.000000e+000
3.934504e+001 -1.043000e+002 0.000000e+000
3.936244e+001 -1.042723e+002 0.000000e+000
3.937984e+001 -1.042446e+002 0.000000e+000
3.939723e+001 -1.042169e+002 0.000000e+000
3.941463e+001 -1.041892e+002 0.000000e+000
3.943202e+001 -1.041615e+002 0.000000e+000
3.944942e+001 -1.041338e+002 0.000000e+000
3.946681e+001 -1.041061e+002 0.000000e+000
3.948421e+001 -1.040784e+002 0.000000e+000
3.950161e+001 -1.040507e+002 0.000000e+000
3.951900e+001 -1.040230e+002 0.000000e+000
3.953640e+001 -1.039953e+002 0.000000e+000
3.955379e+001 -1.039676e+002 0.000000e+000
3.957119e+001 -1.039399e+002 0.000000e+000
3.958859e+001 -1.039122e+002 0.000000e+000
3.960598e+001 -1.038845e+002 0.000000e+000
3.962338e+001 -1.038568e+002 0.000000e+000
3.964077e+001 -1.038291e+002 0.000000e+000
3.965817e+001 -1.038014e+002 0.000000e+000
3.967557e+001 -1.037737e+002 0.000000e+000
3.969296e+001 -1.037459e+002 0.000000e+000
3.971036e+001 -1.037182e+002 0.000000e+000
3.972775e+001 -1.036905e+002 0.000000e+000
3.974515e+001 -1.036628e+002 0.000000e+000
3.976254e+001 -1.036351e+002 0.000000e+000
3.977994e+001 -1.036074e+002 0.000000e+000
3.979734e+001 -1.035797e+002 0.000000e+000
3.981473e+001 -1.035520e+002 0.000000e+000
3.983213e+001 -1.035243e+002 0.000000e+000
3.984952e+001 -1.034966e+002 0.000000e+000
3.986692e+001 -1.034689e+002 0.000000e+000
3.988432e+001 -1.034412e+002 0.000000e+000
3.990171e+001 -1.034135e+002 0.000000e+000
3.991911e+001 -1.033858e+002 0.000000e+000
3.993650e+001 -1.033581e+002 0.000000e+000
3.995390e+001 -1.033304e+002 0.000000e+000
3.997130e+001 -1.033027e+002 0.000000e+000
3.998869e+001 -1.032750e+002 0.000000e+000
4.000609e+001 -1.032473e+002 0.000000e+000
4.002348e+001 -1.032196e+002 0.000000e+000
4.004088e+001 -1.031919e+002 0.000000e+000
4.005827e+001 -1.031641e+002 0.000000e+000
4.007567e+001 -1.031364e+002 0.000000e+000
4.009307e+001 -1.031087e+002 0.000000e+000
4.011046e+001 -1.030810e+002 0.000000e+000
4.012786e+001 -1.030533e+002 0.000000e+000
4.014525e+001 -1.030256e+002 0.000000e+000
4.016265e+001 -1.029979e+002 0.000000e+000
4.018005e+001 -1.029702e+002 0.000000e+000
4.019744e+001 -1.029425e+002 0.000000e+000
4.021484e+001 -1.029148e+002 0.000000e+000
4.023223e+001 -1.028871e+002 0.000000e+000
4.024963e+001 -1.028594e+002 0.000000e+000
4.026703e+001 -1.028317e+002 0.000000e+000
4.028442e+001 -1.028040e+002 0.000000e+000
4.029989e+001 -1.027750e+002 0.000000e+000
4.031537e+001 -1.027461e+002 0.000000e+000
4.033084e+001 -1.027172e+002 0.000000e+000
4.034631e+001 -1.026882e+002 0.000000e+000
4.036179e+001 -1.026593e+002 0.000000e+000
4.037726e+001 -1.026304e+002 0.000000e+000
4.039273e+001 -1.026014e+002 0.000000e+000
4.040821e+001 -1.025725e+002 0.000000e+000
4.042368e+001 -1.025435e+002 0.000000e+000
4.043915e+001 -1.025146e+002 0.000000e+000
4.045463e+001 -1.024857e+002 0.000000e+000
4.047010e+001 -1.024567e+002 0.000000e+000
4.048557e+001 -1.024278e+002 0.000000e+000
4.050105e+001 -1.023989e+002 0.000000e+000
4.051652e+001 -1.023699e+002 0.000000e+000
4.053199e+001 -1.023410e+002 0.000000e+000
4.054746e+001 -1.023120e+002 0.000000e+000
4.056294e+001 -1.022831e+002 0.000000e+000
4.057841e+001 -1.022542e+002 0.000000e+000
4.059388e+001 -1.022252e+002 0.000000e+000
4.060936e+001 -1.021963e+002 0.000000e+000
4.062483e+001 -1.021674e+002 0.000000e+000
4.064030e+001 -1.021384e+002 0.000000e+000
4.065578e+001 -1.021095e+002 0.000000e+000
4.067125e+001 -1.020805e+002 0.000000e+000
4.068672e+001 -1.020516e+002 0.000000e+000
4.070220e+001 -1.020227e+002 0.000000e+000
4.071767e+001 -1.019937e+002 0.000000e+000
4.073314e+001 -1.019648e+002 0.000000e+000
4.074862e+001 -1.019359e+002 0.000000e+000
4.076409e+001 -1.019069e+002 0.000000e+000
4.077956e+001 -1.018780e+002 0.000000e+000
4.079503e+001 -1.018490e+002 0.000000e+000
4.081051e+001 -1.018201e+002 0.000000e+000
4.082598e+001 -1.017912e+002 0.000000e+000
4.084145e+001 -1.017622e+002 0.000000e+000
4.085693e+001 -1.017333e+002 0.000000e+000
4.087240e+001 -1.017044e+002 0.000000e+000
4.088787e+001 -1.016754e+002 0.000000e+000
4.090335e+001 -1.016465e+002 0.000000e+000
4.091882e+001 -1.016175e+002 0.000000e+000
4.093429e+001 -1.015886e+002 0.000000e+000
4.094977e+001 -1.015597e+002 0.000000e+000
4.096524e+001 -1.015307e+002 0.000000e+000
4.098071e+001 -1.015018e+002 0.000000e+000
4.099619e+001 -1.014729e+002 0.000000e+000
4.101166e+001 -1.014439e+002 0.000000e+000
4.102713e+001 -1.014150e+002 0.000000e+000
4.104260e+001 -1.013860e+002 0.000000e+000
4.105808e+001 -1.013571e+002 0.000000e+000
4.107355e+001 -1.013282e+002 0.000000e+000
4.108902e+001 -1.012992e+002 0.000000e+000
4.110450e+001 -1.012703e+002 0.000000e+000
4.111997e+001 -1.012414e+002 0.000000e+000
4.113544e+001 -1.012124e+002 0.000000e+000
4.115092e+001 -1.011835e+002 0.000000e+000
4.116639e+001 -1.011546e+002 0.000000e+000
4.118186e+001 -1.011256e+002 0.000000e+000
4.119734e+001 -1.010967e+002 0.000000e+000
4.121281e+001 -1.010677e+002 0.000000e+000
4.122828e+001 -1.010388e+002 0.000000e+000
4.124376e+001 -1.010099e+002 0.000000e+000
4.125923e+001 -1.009809e+002 0.000000e+000
4.127470e+001 -1.009520e+002 0.000000e+000
4.129017e+001 -1.009231e+002 0.000000e+000
4.130565e+001 -1.008941e+002 0.000000e+000
4.132112e+001 -1.008652e+002 0.000000e+000
4.133659e+001 -1.008362e+002 0.000000e+000
4.135207e+001 -1.008073e+002 0.000000e+000
4.136754e+001 -1.007784e+002 0.000000e+000
4.138301e+001 -1.007494e+002 0.000000e+000
4.139849e+001 -1.007205e+002 0.000000e+000
4.141396e+001 -1.006916e+002 0.000000e+000
4.142943e+001 -1.006626e+002 0.000000e+000
4.144491e+001 -1.006337e+002 0.000000e+000
4.146038e+001 -1.006047e+002 0.000000e+000
4.147585e+001 -1.005758e+002 0.000000e+000
4.149133e+001 -1.005469e+002 0.000000e+000
4.150680e+001 -1.005179e+002 0.000000e+000
4.152227e+001 -1.004890e+002 0.000000e+000
4.153775e+001 -1.004601e+002 0.000000e+000
4.155322e+001 -1.004311e+002 0.000000e+000
4.156869e+001 -1.004022e+002 0.000000e+000
4.158416e+001 -1.003732e+002 0.000000e+000
4.159964e+001 -1.003443e+002 0.000000e+000
4.161511e+001 -1.003154e+002 0.000000e+000
4.163058e+001 -1.002864e+002 0.000000e+000
4.164606e+001 -1.002575e+002 0.000000e+000
4.166153e+001 -1.002286e+002 0.000000e+000
4.167700e+001 -1.001996e+002 0.000000e+000
4.169248e+001 -1.001707e+002 0.000000e+000
4.170795e+001 -1.001417e+002 0.000000e+000
4.172342e+001 -1.001128e+002 0.000000e+000
4.173890e+001 -1.000839e+002 0.000000e+000
4.175437e+001 -1.000549e+002 0.000000e+000
4.176984e+001 -1.000260e+002 0.000000e+000
4.178532e+001 -9.999705e+001 0.000000e+000
4.180079e+001 -9.996812e+001 0.000000e+000
4.181626e+001 -9.993918e+001 0.000000e+000
4.182899e+001 -9.991092e+001 0.000000e+000
4.184172e+001 -9.988265e+001 0.000000e+000
4.185445e+001 -9.985439e+001 0.000000e+000
4.186718e+001 -9.982613e+001 0.000000e+000
4.187991e+001 -9.979786e+001 0.000000e+000
4.189264e+001 -9.976960e+001 0.000000e+000
4.190537e+001 -9.974134e+001 0.000000e+000
4.191810e+001 -9.971308e+001 0.000000e+000
4.193083e+001 -9.968481e+001 0.000000e+000
4.194356e+001 -9.965655e+001 0.000000e+000
4.195629e+001 -9.962829e+001 0.000000e+000
4.196902e+001 -9.960002e+001 0.000000e+000
4.198175e+001 -9.957176e+001 0.000000e+000
4.199448e+001 -9.954350e+001 0.000000e+000
4.200721e+001 -9.951523e+001 0.000000e+000
4.201994e+001 -9.948697e+001 0.000000e+000
4.203267e+001 -9.945871e+001 0.000000e+000
4.204540e+001 -9.943044e+001 0.000000e+000
4.205814e+001 -9.940218e+001 0.000000e+000
4.207087e+001 -9.937392e+001 0.000000e+000
4.208360e+001 -9.934566e+001 0.000000e+000
4.209633e+001 -9.931739e+001 0.000000e+000
4.210906e+001 -9.928913e+001 0.000000e+000
4.212179e+001 -9.926087e+001 0.000000e+000
4.213452e+001 -9.923260e+001 0.000000e+000
4.214725e+001 -9.920434e+001 0.000000e+000
4.215998e+001 -9.917608e+001 0.000000e+000
4.217271e+001 -9.914781e+001 0.000000e+000
4.218544e+001 -9.911955e+001 0.000000e+000
4.219817e+001 -9.909129e+001 0.000000e+000
4.221090e+001 -9.906302e+001 0.000000e+000
4.222363e+001 -9.903476e+001 0.000000e+000
4.223636e+001 -9.900650e+001 0.000000e+000
4.224909e+001 -9.897823e+001 0.000000e+000
4.226182e+001 -9.894997e+001 0.000000e+000
4.227455e+001 -9.892171e+001 0.000000e+000
4.228728e+001 -9.889345e+001 0.000000e+000
4.230001e+001 -9.886518e+001 0.000000e+000
4.231274e+001 -9.883692e+001 0.000000e+000
4.232547e+001 -9.880866e+001 0.000000e+000
4.233820e+001 -9.878039e+001 0.000000e+000
4.235093e+001 -9.875213e+001 0.000000e+000
4.236366e+001 -9.872387e+001 0.000000e+000
4.237639e+001 -9.869560e+001 0.000000e+000
4.238912e+001 -9.866734e+001 0.000000e+000
4.240185e+001 -9.863908e+001 0.000000e+000
4.241458e+001 -9.861081e+001 0.000000e+000
4.242731e+001 -9.858255e+001 0.000000e+000
4.244004e+001 -9.855429e+001 0.000000e+000
4.245277e+001 -9.852603e+001 0.000000e+000
4.246550e+001 -9.849776e+001 0.000000e+000
4.247823e+001 -9.846950e+001 0.000000e+000
4.249096e+001 -9.844124e+001 0.000000e+000
4.250369e+001 -9.841297e+001 0.000000e+000
4.251642e+001 -9.838471e+001 0.000000e+000
4.252915e+001 -9.835645e+001 0.000000e+000
4.254188e+001 -9.832818e+001 0.000000e+000
4.255461e+001 -9.829992e+001 0.000000e+000
4.256734e+001 -9.827166e+001 0.000000e+000
4.258007e+001 -9.824339e+001 0.000000e+000
4.259280e+001 -9.821513e+001 0.000000e+000
4.260553e+001 -9.818687e+001 0.000000e+000
4.261826e+001 -9.815861e+001 0.000000e+000
4.263099e+001 -9.813034e+001 0.000000e+000
4.264372e+001 -9.810208e+001 0.000000e+000
4.265645e+001 -9.807382e+001 0.000000e+000
4.266918e+001 -9.804555e+001 0.000000e+000
4.268191e+001 -9.801729e+001 0.000000e+000
4.269464e+001 -9.798903e+001 0.000000e+000
4.270737e+001 -9.796076e+001 0.000000e+000
4.272011e+001 -9.793250e+001 0.000000e+000
4.273284e+001 -9.790424e+001 0.000000e+000
4.274557e+001 -9.787597e+001 0.000000e+000
4.275830e+001 -9.784771e+001 0.000000e+000
4.277103e+001 -9.781945e+001 0.000000e+000
4.278376e+001 -9.779118e+001 0.000000e+000
4.279649e+001 -9.776292e+001 0.000000e+000
4.280922e+001 -9.773466e+001 0.000000e+000
4.282195e+001 -9.770640e+001 0.000000e+000
4.283468e+001 -9.767813e+001 0.000000e+000
4.284741e+001 -9.764987e+001 0.000000e+000
4.286014e+001 -9.762161e+001 0.000000e+000
4.287287e+001 -9.759334e+001 0.000000e+000
4.288560e+001 -9.756508e+001 0.000000e+000
4.289833e+001 -9.753682e+001 0.000000e+000
4.291106e+001 -9.750855e+001 0.000000e+000
4.292379e+001 -9.748029e+001 0.000000e+000
4.293652e+001 -9.745203e+001 0.000000e+000
4.294925e+001 -9.742376e+001 0.000000e+000
4.296198e+001 -9.739550e+001 0.000000e+000
4.297471e+001 -9.736724e+001 0.000000e+000
4.298744e+001 -9.733898e+001 0.000000e+000
4.300017e+001 -9.731071e+001 0.000000e+000
4.301290e+001 -9.728245e+001 0.000000e+000
4.302563e+001 -9.725419e+001 0.000000e+000
4.303836e+001 -9.722592e+001 0.000000e+000
4.305109e+001 -9.719766e+001 0.000000e+000
4.306382e+001 -9.716940e+001 0.000000e+000
4.307655e+001 -9.714113e+001 0.000000e+000
4.308739e+001 -9.711209e+001 0.000000e+000
4.309823e+001 -9.708305e+001 0.000000e+000
4.310907e+001 -9.705401e+001 0.000000e+000
4.311992e+001 -9.702497e+001 0.000000e+000
4.313076e+001 -9.699593e+001 0.000000e+000
4.314160e+001 -9.696689e+001 0.000000e+000
4.315244e+001 -9.693785e+001 0.000000e+000
4.316328e+001 -9.690881e+001 0.000000e+000
4.317412e+001 -9.687977e+001 0.000000e+000
4.318497e+001 -9.685073e+001 0.000000e+000
4.319581e+001 -9.682169e+001 0.000000e+000
4.320665e+001 -9.679265e+001 0.000000e+000
4.321749e+001 -9.676361e+001 0.000000e+000
4.322833e+001 -9.673457e+001 0.000000e+000
4.323917e+001 -9.670553e+001 0.000000e+000
4.325001e+001 -9.667649e+001 0.000000e+000
4.326086e+001 -9.664745e+001 0.000000e+000
4.327170e+001 -9.661841e+001 0.000000e+000
4.328254e+001 -9.658937e+001 0.000000e+000
4.329338e+001 -9.656033e+001 0.000000e+000
4.330422e+001 -9.653129e+001 0.000000e+000
4.331506e+001 -9.650225e+001 0.000000e+000
4.332590e+001 -9.647321e+001 0.000000e+000
4.333675e+001 -9.644417e+001 0.000000e+000
4.334759e+001 -9.641513e+001 0.000000e+000
4.335843e+001 -9.638609e+001 0.000000e+000
4.336927e+001 -9.635705e+001 0.000000e+000
4.338011e+001 -9.632801e+001 0.000000e+000
4.339095e+001 -9.629897e+001 0.000000e+000
4.340179e+001 -9.626993e+001 0.000000e+000
4.341264e+001 -9.624089e+001 0.000000e+000
4.342348e+001 -9.621185e+001 0.000000e+000
4.343432e+001 -9.618281e+001 0.000000e+000
4.344516e+001 -9.615377e+001 0.000000e+000
4.345600e+001 -9.612473e+001 0.000000e+000
4.346684e+001 -9.609569e+001 0.000000e+000
4.347769e+001 -9.606665e+001 0.000000e+000
4.348853e+001 -9.603761e+001 0.000000e+000
4.349937e+001 -9.600857e+001 0.000000e+000
4.351021e+001 -9.597953e+001 0.000000e+000
4.352105e+001 -9.595049e+001 0.000000e+000
4.353189e+001 -9.592145e+001 0.000000e+000
4.354273e+001 -9.589241e+001 0.000000e+000
4.355358e+001 -9.586337e+001 0.000000e+000
4.356442e+001 -9.583433e+001 0.000000e+000
4.357526e+001 -9.580529e+001 0.000000e+000
4.358610e+001 -9.577625e+001 0.000000e+000
4.359694e+001 -9.574721e+001 0.000000e+000
4.360778e+001 -9.571817e+001 0.000000e+000
4.361862e+001 -9.568913e+001 0.000000e+000
4.362947e+001 -9.566009e+001 0.000000e+000
4.364031e+001 -9.563105e+001 0.000000e+000
4.365115e+001 -9.560201e+001 0.000000e+000
4.366199e+001 -9.557297e+001 0.000000e+000
4.367283e+001 -9.554393e+001 0.000000e+000
4.368367e+001 -9.551489e+001 0.000000e+000
4.369451e+001 -9.548585e+001 0.000000e+000
4.370536e+001 -9.545681e+001 0.000000e+000
4.371620e+001 -9.542777e+001 0.000000e+000
4.372704e+001 -9.539873e+001 0.000000e+000
4.373788e+001 -9.536969e+001 0.000000e+000
4.374872e+001 -9.534065e+001 0.000000e+000
4.375956e+001 -9.531161e+001 0.000000e+000
4.377041e+001 -9.528257e+001 0.000000e+000
4.378125e+001 -9.525353e+001 0.000000e+000
4.379209e+001 -9.522449e+001 0.000000e+000
4.380293e+001 -9.519545e+001 0.000000e+000
4.381377e+001 -9.516641e+001 0.000000e+000
4.382461e+001 -9.513737e+001 0.000000e+000
4.383545e+001 -9.510833e+001 0.000000e+000
4.384630e+001 -9.507929e+001 0.000000e+000
4.385714e+001 -9.505025e+001 0.000000e+000
4.386798e+001 -9.502121e+001 0.000000e+000
4.387882e+001 -9.499217e+001 0.000000e+000
4.388966e+001 -9.496313e+001 0.000000e+000
4.390050e+001 -9.493409e+001 0.000000e+000
4.391134e+001 -9.490505e+001 0.000000e+000
4.392219e+001 -9.487601e+001 0.000000e+000
4.393303e+001 -9.484697e+001 0.000000e+000
4.394387e+001 -9.481793e+001 0.000000e+000
4.395471e+001 -9.478889e+001 0.000000e+000
4.396555e+001 -9.475985e+001 0.000000e+000
4.397639e+001 -9.473081e+001 0.000000e+000
4.398723e+001 -9.470177e+001 0.000000e+000
4.399808e+001 -9.467273e+001 0.000000e+000
4.400892e+001 -9.464369e+001 0.000000e+000
4.401976e+001 -9.461465e+001 0.000000e+000
4.403060e+001 -9.458561e+001 0.000000e+000
4.404144e+001 -9.455657e+001 0.000000e+000
4.405228e+001 -9.452753e+001 0.000000e+000
4.406313e+001 -9.449849e+001 0.000000e+000
4.407397e+001 -9.446945e+001 0.000000e+000
4.408481e+001 -9.444041e+001 0.000000e+000
4.409565e+001 -9.441137e+001 0.000000e+000
4.410649e+001 -9.438233e+001 0.000000e+000
4.411733e+001 -9.435329e+001 0.000000e+000
4.412817e+001 -9.432425e+001 0.000000e+000
4.413902e+001 -9.429521e+001 0.000000e+000
4.414986e+001 -9.426617e+001 0.000000e+000
4.415876e+001 -9.423648e+001 0.000000e+000
4.416767e+001 -9.420679e+001 0.000000e+000
4.417657e+001 -9.417710e+001 0.000000e+000
4.418548e+001 -9.414741e+001 0.000000e+000
4.419439e+001 -9.411772e+001 0.000000e+000
4.420329e+001 -9.408803e+001 0.000000e+000
4.421220e+001 -9.405834e+001 0.000000e+000
4.422110e+001 -9.402864e+001 0.000000e+000
4.423001e+001 -9.399895e+001 0.000000e+000
4.423891e+001 -9.396926e+001 0.000000e+000
4.424782e+001 -9.393957e+001 0.000000e+000
4.425673e+001 -9.390988e+001 0.000000e+000
4.426563e+001 -9.388019e+001 0.000000e+000
4.427454e+001 -9.385050e+001 0.000000e+000
4.428344e+001 -9.382081e+001 0.000000e+000
4.429235e+001 -9.379112e+001 0.000000e+000
4.430125e+001 -9.376143e+001 0.000000e+000
4.431016e+001 -9.373174e+001 0.000000e+000
4.431907e+001 -9.370204e+001 0.000000e+000
4.432797e+001 -9.367235e+001 0.000000e+000
4.433688e+001 -9.364266e+001 0.000000e+000
4.434578e+001 -9.361297e+001 0.000000e+000
4.435469e+001 -9.358328e+001 0.000000e+000
4.436359e+001 -9.355359e+001 0.000000e+000
4.437250e+001 -9.352390e+001 0.000000e+000
4.438141e+001 -9.349421e+001 0.000000e+000
4.439031e+001 -9.346452e+001 0.000000e+000
4.439922e+001 -9.343483e+001 0.000000e+000
4.440812e+001 -9.340514e+001 0.000000e+000
4.441703e+001 -9.337544e+001 0.000000e+000
4.442593e+001 -9.334575e+001 0.000000e+000
4.443484e+001 -9.331606e+001 0.000000e+000
4.444375e+001 -9.328637e+001 0.000000e+000
4.445265e+001 -9.325668e+001 0.000000e+000
4.446156e+001 -9.322699e+001 0.000000e+000
4.447046e+001 -9.319730e+001 0.000000e+000
4.447937e+001 -9.316761e+001 0.000000e+000
4.448827e+001 -9.313792e+001 0.000000e+000
4.449718e+001 -9.310823e+001 0.000000e+000
4.450609e+001 -9.307854e+001 0.000000e+000
4.451499e+001 -9.304885e+001 0.000000e+000
4.452390e+001 -9.301915e+001 0.000000e+000
4.453280e+001 -9.298946e+001 0.000000e+000
4.454171e+001 -9.295977e+001 0.000000e+000
4.455061e+001 -9.293008e+001 0.000000e+000
4.455952e+001 -9.290039e+001 0.000000e+000
4.456843e+001 -9.287070e+001 0.000000e+000
4.457733e+001 -9.284101e+001 0.000000e+000
4.458624e+001 -9.281132e+001 0.000000e+000
4.459514e+001 -9.278163e+001 0.000000e+000
4.460405e+001 -9.275194e+001 0.000000e+000
4.461295e+001 -9.272225e+001 0.000000e+000
4.462186e+001 -9.269255e+001 0.000000e+000
4.463077e+001 -9.266286e+001 0.000000e+000
4.463967e+001 -9.263317e+001 0.000000e+000
4.464858e+001 -9.260348e+001 0.000000e+000
4.465748e+001 -9.257379e+001 0.000000e+000
4.466639e+001 -9.254410e+001 0.000000e+000
4.467529e+001 -9.251441e+001 0.000000e+000
4.468420e+001 -9.248472e+001 0.000000e+000
4.469311e+001 -9.245503e+001 0.000000e+000
4.470201e+001 -9.242534e+001 0.000000e+000
4.471092e+001 -9.239565e+001 0.000000e+000
4.471982e+001 -9.236595e+001 0.000000e+000
4.472873e+001 -9.233626e+001 0.000000e+000
4.473763e+001 -9.230657e+001 0.000000e+000
4.474654e+001 -9.227688e+001 0.000000e+000
4.475545e+001 -9.224719e+001 0.000000e+000
4.476435e+001 -9.221750e+001 0.000000e+000
4.477326e+001 -9.218781e+001 0.000000e+000
4.478216e+001 -9.215812e+001 0.000000e+000
4.479107e+001 -9.212843e+001 0.000000e+000
4.479997e+001 -9.209874e+001 0.000000e+000
4.480888e+001 -9.206905e+001 0.000000e+000
4.481778e+001 -9.203935e+001 0.000000e+000
4.482669e+001 -9.200966e+001 0.000000e+000
4.483560e+001 -9.197997e+001 0.000000e+000
4.484450e+001 -9.195028e+001 0.000000e+000
4.485341e+001 -9.192059e+001 0.000000e+000
4.486231e+001 -9.189090e+001 0.000000e+000
4.487122e+001 -9.186121e+001 0.000000e+000
4.488012e+001 -9.183152e+001 0.000000e+000
4.488903e+001 -9.180183e+001 0.000000e+000
4.489794e+001 -9.177214e+001 0.000000e+000
4.490684e+001 -9.174245e+001 0.000000e+000
4.491575e+001 -9.171276e+001 0.000000e+000
4.492465e+001 -9.168306e+001 0.000000e+000
4.493356e+001 -9.165337e+001 0.000000e+000
4.494246e+001 -9.162368e+001 0.000000e+000
4.495137e+001 -9.159399e+001 0.000000e+000
4.496028e+001 -9.156430e+001 0.000000e+000
4.496918e+001 -9.153461e+001 0.000000e+000
4.497809e+001 -9.150492e+001 0.000000e+000
4.498699e+001 -9.147523e+001 0.000000e+000
4.499590e+001 -9.144554e+001 0.000000e+000
4.500480e+001 -9.141585e+001 0.000000e+000
4.501371e+001 -9.138616e+001 0.000000e+000
4.502262e+001 -9.135646e+001 0.000000e+000
4.503152e+001 -9.132677e+001 0.000000e+000
4.503843e+001 -9.129666e+001 0.000000e+000
4.504535e+001 -9.126655e+001 0.000000e+000
4.505226e+001 -9.123643e+001 0.000000e+000
4.505917e+001 -9.120632e+001 0.000000e+000
4.506608e+001 -9.117620e+001 0.000000e+000
4.507299e+001 -9.114609e+001 0.000000e+000
4.507991e+001 -9.111598e+001 0.000000e+000
4.508682e+001 -9.108586e+001 0.000000e+000
4.509373e+001 -9.105575e+001 0.000000e+000
4.510064e+001 -9.102564e+001 0.000000e+000
4.510755e+001 -9.099552e+001 0.000000e+000
4.511447e+001 -9.096541e+001 0.000000e+000
4.512138e+001 -9.093529e+001 0.000000e+000
4.512829e+001 -9.090518e+001 0.000000e+000
4.513520e+001 -9.087507e+001 0.000000e+000
4.514211e+001 -9.084495e+001 0.000000e+000
4.514902e+001 -9.081484e+001 0.000000e+000
4.515594e+001 -9.078473e+001 0.000000e+000
4.516285e+001 -9.075461e+001 0.000000e+000
4.516976e+001 -9.072450e+001 0.000000e+000
4.517667e+001 -9.069438e+001 0.000000e+000
4.518358e+001 -9.066427e+001 0.000000e+000
4.519050e+001 -9.063416e+001 0.000000e+000
4.519741e+001 -9.060404e+001 0.000000e+000
4.520432e+001 -9.057393e+001 0.000000e+000
4.521123e+001 -9.054382e+001 0.000000e+000
4.521814e+001 -9.051370e+001 0.000000e+000
4.522506e+001 -9.048359e+001 0.000000e+000
4.523197e+001 -9.045347e+001 0.000000e+000
4.523888e+001 -9.042336e+001 0.000000e+000
4.524579e+001 -9.039325e+001 0.000000e+000
4.525270e+001 -9.036313e+001 0.000000e+000
4.525962e+001 -9.033302e+001 0.000000e+000
4.526653e+001 -9.030291e+001 0.000000e+000
4.527344e+001 -9.027279e+001 0.000000e+000
4.528035e+001 -9.024268e+001 0.000000e+000
4.528726e+001 -9.021256e+001 0.000000e+000
4.529418e+001 -9.018245e+001 0.000000e+000
4.530109e+001 -9.015234e+001 0.000000e+000
4.530800e+001 -9.012222e+001 0.000000e+000
4.531491e+001 -9.009211e+001 0.000000e+000
4.532182e+001 -9.006200e+001 0.000000e+000
4.532874e+001 -9.003188e+001 0.000000e+000
4.533565e+001 -9.000177e+001 0.000000e+000
4.534256e+001 -8.997165e+001 0.000000e+000
4.534947e+001 -8.994154e+001 0.000000e+000
4.535638e+001 -8.991143e+001 0.000000e+000
4.536330e+001 -8.988131e+001 0.000000e+000
4.537021e+001 -8.985120e+001 0.000000e+000
4.537712e+001 -8.982109e+001 0.000000e+000
4.538403e+001 -8.979097e+001 0.000000e+000
4.539094e+001 -8.976086e+001 0.000000e+000
4.539785e+001 -8.973074e+001 0.000000e+000
4.540477e+001 -8.970063e+001 0.000000e+000
4.541168e+001 -8.967052e+001 0.000000e+000
4.541859e+001 -8.964040e+001 0.000000e+000
4.542550e+001 -8.961029e+001 0.000000e+000
4.543241e+001 -8.958018e+001 0.000000e+000
4.543933e+001 -8.955006e+001 0.000000e+000
4.544624e+001 -8.951995e+001 0.000000e+000
4.545315e+001 -8.948983e+001 0.000000e+000
4.546006e+001 -8.945972e+001 0.000000e+000
4.546697e+001 -8.942961e+001 0.000000e+000
4.547389e+001 -8.939949e+001 0.000000e+000
4.548080e+001 -8.936938e+001 0.000000e+000
4.548771e+001 -8.933927e+001 0.000000e+000
4.549462e+001 -8.930915e+001 0.000000e+000
4.550153e+001 -8.927904e+001 0.000000e+000
4.550845e+001 -8.924892e+001 0.000000e+000
4.551536e+001 -8.921881e+001 0.000000e+000
4.552227e+001 -8.918870e+001 0.000000e+000
4.552918e+001 -8.915858e+001 0.000000e+000
4.553609e+001 -8.912847e+001 0.000000e+000
4.554301e+001 -8.909836e+001 0.000000e+000
4.554992e+001 -8.906824e+001 0.000000e+000
4.555683e+001 -8.903813e+001 0.000000e+000
4.556374e+001 -8.900801e+001 0.000000e+000
4.557065e+001 -8.897790e+001 0.000000e+000
4.557757e+001 -8.894779e+001 0.000000e+000
4.558448e+001 -8.891767e+001 0.000000e+000
4.559139e+001 -8.888756e+001 0.000000e+000
4.559830e+001 -8.885745e+001 0.000000e+000
4.560521e+001 -8.882733e+001 0.000000e+000
4.561212e+001 -8.879722e+001 0.000000e+000
4.561904e+001 -8.876710e+001 0.000000e+000
4.562595e+001 -8.873699e+001 0.000000e+000
4.563286e+001 -8.870688e+001 0.000000e+000
4.563977e+001 -8.867676e+001 0.000000e+000
4.564668e+001 -8.864665e+001 0.000000e+000
4.565360e+001 -8.861654e+001 0.000000e+000
4.566051e+001 -8.858642e+001 0.000000e+000
4.566742e+001 -8.855631e+001 0.000000e+000
4.567433e+001 -8.852619e+001 0.000000e+000
4.568124e+001 -8.849608e+001 0.000000e+000
4.568816e+001 -8.846597e+001 0.000000e+000
4.569507e+001 -8.843585e+001 0.000000e+000
4.570198e+001 -8.840574e+001 0.000000e+000
4.570889e+001 -8.837563e+001 0.000000e+000
4.571580e+001 -8.834551e+001 0.000000e+000
4.587019e+001 -8.747038e+001 0.000000e+000
4.602458e+001 -8.659524e+001 0.000000e+000
4.617896e+001 -8.572010e+001 0.000000e+000
4.633335e+001 -8.484497e+001 0.000000e+000
4.648773e+001 -8.396983e+001 0.000000e+000
4.664212e+001 -8.309469e+001 0.000000e+000
4.679650e+001 -8.221956e+001 0.000000e+000
4.695089e+001 -8.134442e+001 0.000000e+000
4.710528e+001 -8.046928e+001 0.000000e+000
4.725966e+001 -7.959415e+001 0.000000e+000
4.741405e+001 -7.871901e+001 0.000000e+000
4.756843e+001 -7.784387e+001 0.000000e+000
4.772282e+001 -7.696874e+001 0.000000e+000
4.787721e+001 -7.609360e+001 0.000000e+000
4.803159e+001 -7.521846e+001 0.000000e+000
4.818598e+001 -7.434333e+001 0.000000e+000
4.834036e+001 -7.346819e+001 0.000000e+000
4.849475e+001 -7.259306e+001 0.000000e+000
4.864913e+001 -7.171792e+001 0.000000e+000
4.880352e+001 -7.084278e+001 0.000000e+000
4.895791e+001 -6.996765e+001 0.000000e+000
4.911229e+001 -6.909251e+001 0.000000e+000
4.926668e+001 -6.821737e+001 0.000000e+000
4.942106e+001 -6.734224e+001 0.000000e+000
4.957545e+001 -6.646710e+001 0.000000e+000
4.972984e+001 -6.559196e+001 0.000000e+000
4.988422e+001 -6.471683e+001 0.000000e+000
5.003861e+001 -6.384169e+001 0.000000e+000
5.019299e+001 -6.296655e+001 0.000000e+000
5.034738e+001 -6.209142e+001 0.000000e+000
5.050176e+001 -6.121628e+001 0.000000e+000
5.065615e+001 -6.034114e+001 0.000000e+000
5.081054e+001 -5.946601e+001 0.000000e+000
5.096492e+001 -5.859087e+001 0.000000e+000
5.111931e+001 -5.771573e+001 0.000000e+000
5.127369e+001 -5.684060e+001 0.000000e+000
5.142808e+001 -5.596546e+001 0.000000e+000
5.158247e+001 -5.509033e+001 0.000000e+000
5.173685e+001 -5.421519e+001 0.000000e+000
5.189124e+001 -5.334005e+001 0.000000e+000
5.204562e+001 -5.246492e+001 0.000000e+000
5.220001e+001 -5.158978e+001 0.000000e+000
5.235439e+001 -5.071464e+001 0.000000e+000
5.250878e+001 -4.983951e+001 0.000000e+000
5.266317e+001 -4.896437e+001 0.000000e+000
5.281755e+001 -4.808923e+001 0.000000e+000
5.297194e+001 -4.721410e+001 0.000000e+000
5.312632e+001 -4.633896e+001 0.000000e+000
5.328071e+001 -4.546382e+001 0.000000e+000
5.343509e+001 -4.458869e+001 0.000000e+000
5.358948e+001 -4.371355e+001 0.000000e+000
5.374387e+001 -4.283841e+001 0.000000e+000
5.389825e+001 -4.196328e+001 0.000000e+000
5.405264e+001 -4.108814e+001 0.000000e+000
5.420702e+001 -4.021301e+001 0.000000e+000
5.436141e+001 -3.933787e+001 0.000000e+000
5.451580e+001 -3.846273e+001 0.000000e+000
5.467018e+001 -3.758760e+001 0.000000e+000
5.482457e+001 -3.671246e+001 0.000000e+000
5.497895e+001 -3.583732e+001 0.000000e+000
5.513334e+001 -3.496219e+001 0.000000e+000
5.528772e+001 -3.408705e+001 0.000000e+000
5.544211e+001 -3.321191e+001 0.000000e+000
5.559650e+001 -3.233678e+001 0.000000e+000
5.575088e+001 -3.146164e+001 0.000000e+000
5.590527e+001 -3.058650e+001 0.000000e+000
5.605965e+001 -2.971137e+001 0.000000e+000
5.621404e+001 -2.883623e+001 0.000000e+000
5.636843e+001 -2.796109e+001 0.000000e+000
5.652281e+001 -2.708596e+001 0.000000e+000
5.667720e+001 -2.621082e+001 0.000000e+000
5.683158e+001 -2.533569e+001 0.000000e+000
5.698597e+001 -2.446055e+001 0.000000e+000
5.714035e+001 -2.358541e+001 0.000000e+000
5.729474e+001 -2.271028e+001 0.000000e+000
5.744913e+001 -2.183514e+001 0.000000e+000
5.760351e+001 -2.096000e+001 0.000000e+000
5.775790e+001 -2.008487e+001 0.000000e+000
5.791228e+001 -1.920973e+001 0.000000e+000
5.806667e+001 -1.833459e+001 0.000000e+000
5.822106e+001 -1.745946e+001 0.000000e+000
5.837544e+001 -1.658432e+001 0.000000e+000
5.852983e+001 -1.570918e+001 0.000000e+000
5.868421e+001 -1.483405e+001 0.000000e+000
5.883860e+001 -1.395891e+001 0.000000e+000
5.899298e+001 -1.308377e+001 0.000000e+000
5.914737e+001 -1.220864e+001 0.000000e+000
5.930176e+001 -1.133350e+001 0.000000e+000
5.945614e+001 -1.045836e+001 0.000000e+000
5.961053e+001 -9.583228e+000 0.000000e+000
5.976491e+001 -8.708092e+000 0.000000e+000
5.991930e+001 -7.832955e+000 0.000000e+000
6.007369e+001 -6.957819e+000 0.000000e+000
6.022807e+001 -6.082682e+000 0.000000e+000
6.038246e+001 -5.207546e+000 0.000000e+000
6.053684e+001 -4.332409e+000 0.000000e+000
6.069123e+001 -3.457273e+000 0.000000e+000
6.084561e+001 -2.582136e+000 0.000000e+000
6.100000e+001 -1.707000e+000 0.000000e+000
