0.000000e+000 -1.130000e+002 0.000000e+000
3.329915e-002 -1.129989e+002 0.000000e+000
6.659831e-002 -1.129978e+002 0.000000e+000
9.989746e-002 -1.129967e+002 0.000000e+000
1.331966e-001 -1.129955e+002 0.000000e+000
1.664958e-001 -1.129944e+002 0.000000e+000
1.997949e-001 -1.129933e+002 0.000000e+000
2.330941e-001 -1.129922e+002 0.000000e+000
2.663932e-001 -1.129911e+002 0.000000e+000
2.996924e-001 -1.129900e+002 0.000000e+000
3.329915e-001 -1.129889e+002 0.000000e+000
3.662907e-001 -1.129877e+002 0.000000e+000
3.995898e-001 -1.129866e+002 0.000000e+000
4.328890e-001 -1.129855e+002 0.000000e+000
4.661881e-001 -1.129844e+002 0.000000e+000
4.994873e-001 -1.129833e+002 0.000000e+000
5.327864e-001 -1.129822e+002 0.000000e+000
5.660856e-001 -1.129811e+002 0.000000e+000
5.993847e-001 -1.129800e+002 0.000000e+000
6.326839e-001 -1.129788e+002 0.000000e+000
6.659831e-001 -1.129777e+002 0.000000e+000
6.992822e-001 -1.129766e+002 0.000000e+000
7.325814e-001 -1.129755e+002 0.000000e+000
7.658805e-001 -1.129744e+002 0.000000e+000
7.991797e-001 -1.129733e+002 0.000000e+000
8.324788e-001 -1.129722e+002 0.000000e+000
8.657780e-001 -1.129710e+002 0.000000e+000
8.990771e-001 -1.129699e+002 0.000000e+000
9.323763e-001 -1.129688e+002 0.000000e+000
9.656754e-001 -1.129677e+002 0.000000e+000
9.989746e-001 -1.129666e+002 0.000000e+000
1.032274e+000 -1.129655e+002 0.000000e+000
1.065573e+000 -1.129644e+002 0.000000e+000
1.098872e+000 -1.129632e+002 0.000000e+000
1.132171e+000 -1.129621e+002 0.000000e+000
1.165470e+000 -1.129610e+002 0.000000e+000
1.198769e+000 -1.129599e+002 0.000000e+000
1.232069e+000 -1.129588e+002 0.000000e+000
1.265368e+000 -1.129577e+002 0.000000e+000
1.298667e+000 -1.129566e+002 0.000000e+000
1.331966e+000 -1.129555e+002 0.000000e+000
1.365265e+000 -1.129543e+002 0.000000e+000
1.398564e+000 -1.129532e+002 0.000000e+000
1.431864e+000 -1.129521e+002 0.000000e+000
1.465163e+000 -1.129510e+002 0.000000e+000
1.498462e+000 -1.129499e+002 0.000000e+000
1.531761e+000 -1.129488e+002 0.000000e+000
1.565060e+000 -1.129477e+002 0.000000e+000
1.598359e+000 -1.129465e+002 0.000000e+000
1.631658e+000 -1.129454e+002 0.000000e+000
1.664958e+000 -1.129443e+002 0.000000e+000
1.698257e+000 -1.129432e+002 0.000000e+000
1.731556e+000 -1.129421e+002 0.000000e+000
1.764855e+000 -1.129410e+002 0.000000e+000
1.798154e+000 -1.129399e+002 0.000000e+000
1.831453e+000 -1.129387e+002 0.000000e+000
1.864753e+000 -1.129376e+002 0.000000e+000
1.898052e+000 -1.129365e+002 0.000000e+000
1.931351e+000 -1.129354e+002 0.000000e+000
1.964650e+000 -1.129343e+002 0.000000e+000
1.997949e+000 -1.129332e+002 0.000000e+000
2.031248e+000 -1.129321e+002 0.000000e+000
2.064547e+000 -1.129309e+002 0.000000e+000
2.097847e+000 -1.129298e+002 0.000000e+000
2.131146e+000 -1.129287e+002 0.000000e+000
2.164445e+000 -1.129276e+002 0.000000e+000
2.197744e+000 -1.129265e+002 0.000000e+000
2.231043e+000 -1.129254e+002 0.000000e+000
2.264342e+000 -1.129243e+002 0.000000e+000
2.297642e+000 -1.129232e+002 0.000000e+000
2.330941e+000 -1.129220e+002 0.000000e+000
2.364240e+000 -1.129209e+002 0.000000e+000
2.397539e+000 -1.129198e+002 0.000000e+000
2.430838e+000 -1.129187e+002 0.000000e+000
2.464137e+000 -1.129176e+002 0.000000e+000
2.497436e+000 -1.129165e+002 0.000000e+000
2.530736e+000 -1.129154e+002 0.000000e+000
2.564035e+000 -1.129142e+002 0.000000e+000
2.597334e+000 -1.129131e+002 0.000000e+000
2.630633e+000 -1.129120e+002 0.000000e+000
2.663932e+000 -1.129109e+002 0.000000e+000
2.697231e+000 -1.129098e+002 0.000000e+000
2.730531e+000 -1.129087e+002 0.000000e+000
2.763830e+000 -1.129076e+002 0.000000e+000
2.797129e+000 -1.129064e+002 0.000000e+000
2.830428e+000 -1.129053e+002 0.000000e+000
2.863727e+000 -1.129042e+002 0.000000e+000
2.897026e+000 -1.129031e+002 0.000000e+000
2.930325e+000 -1.129020e+002 0.000000e+000
2.963625e+000 -1.129009e+002 0.000000e+000
2.996924e+000 -1.128998e+002 0.000000e+000
3.030223e+000 -1.128987e+002 0.000000e+000
3.063522e+000 -1.128975e+002 0.000000e+000
3.096821e+000 -1.128964e+002 0.000000e+000
3.130120e+000 -1.128953e+002 0.000000e+000
3.163420e+000 -1.128942e+002 0.000000e+000
3.196719e+000 -1.128931e+002 0.000000e+000
3.230018e+000 -1.128920e+002 0.000000e+000
3.263317e+000 -1.128909e+002 0.000000e+000
3.296616e+000 -1.128897e+002 0.000000e+000
3.329666e+000 -1.128864e+002 0.000000e+000
3.362716e+000 -1.128831e+002 0.000000e+000
3.395766e+000 -1.128798e+002 0.000000e+000
3.428817e+000 -1.128764e+002 0.000000e+000
3.461867e+000 -1.128731e+002 0.000000e+000
3.494917e+000 -1.128698e+002 0.000000e+000
3.527967e+000 -1.128665e+002 0.000000e+000
3.561017e+000 -1.128631e+002 0.000000e+000
3.594067e+000 -1.128598e+002 0.000000e+000
3.627117e+000 -1.128565e+002 0.000000e+000
3.660167e+000 -1.128532e+002 0.000000e+000
3.693217e+000 -1.128499e+002 0.000000e+000
3.726268e+000 -1.128465e+002 0.000000e+000
3.759318e+000 -1.128432e+002 0.000000e+000
3.792368e+000 -1.128399e+002 0.000000e+000
3.825418e+000 -1.128366e+002 0.000000e+000
3.858468e+000 -1.128332e+002 0.000000e+000
3.891518e+000 -1.128299e+002 0.000000e+000
3.924568e+000 -1.128266e+002 0.000000e+000
3.957618e+000 -1.128233e+002 0.000000e+000
3.990668e+000 -1.128199e+002 0.000000e+000
4.023719e+000 -1.128166e+002 0.000000e+000
4.056769e+000 -1.128133e+002 0.000000e+000
4.089819e+000 -1.128100e+002 0.000000e+000
4.122869e+000 -1.128066e+002 0.000000e+000
4.155919e+000 -1.128033e+002 0.000000e+000
4.188969e+000 -1.128000e+002 0.000000e+000
4.222019e+000 -1.127967e+002 0.000000e+000
4.255069e+000 -1.127933e+002 0.000000e+000
4.288119e+000 -1.127900e+002 0.000000e+000
4.321170e+000 -1.127867e+002 0.000000e+000
4.354220e+000 -1.127834e+002 0.000000e+000
4.387270e+000 -1.127800e+002 0.000000e+000
4.420320e+000 -1.127767e+002 0.000000e+000
4.453370e+000 -1.127734e+002 0.000000e+000
4.486420e+000 -1.127701e+002 0.000000e+000
4.519470e+000 -1.127668e+002 0.000000e+000
4.552520e+000 -1.127634e+002 0.000000e+000
4.585570e+000 -1.127601e+002 0.000000e+000
4.618620e+000 -1.127568e+002 0.000000e+000
4.651671e+000 -1.127535e+002 0.000000e+000
4.684721e+000 -1.127501e+002 0.000000e+000
4.717771e+000 -1.127468e+002 0.000000e+000
4.750821e+000 -1.127435e+002 0.000000e+000
4.783871e+000 -1.127402e+002 0.000000e+000
4.816921e+000 -1.127368e+002 0.000000e+000
4.849971e+000 -1.127335e+002 0.000000e+000
4.883021e+000 -1.127302e+002 0.000000e+000
4.916071e+000 -1.127269e+002 0.000000e+000
4.949122e+000 -1.127235e+002 0.000000e+000
4.982172e+000 -1.127202e+002 0.000000e+000
5.015222e+000 -1.127169e+002 0.000000e+000
5.048272e+000 -1.127136e+002 0.000000e+000
5.081322e+000 -1.127102e+002 0.000000e+000
5.114372e+000 -1.127069e+002 0.000000e+000
5.147422e+000 -1.127036e+002 0.000000e+000
5.180472e+000 -1.127003e+002 0.000000e+000
5.213522e+000 -1.126969e+002 0.000000e+000
5.246573e+000 -1.126936e+002 0.000000e+000
5.279623e+000 -1.126903e+002 0.000000e+000
5.312673e+000 -1.126870e+002 0.000000e+000
5.345723e+000 -1.126837e+002 0.000000e+000
5.378773e+000 -1.126803e+002 0.000000e+000
5.411823e+000 -1.126770e+002 0.000000e+000
5.444873e+000 -1.126737e+002 0.000000e+000
5.477923e+000 -1.126704e+002 0.000000e+000
5.510973e+000 -1.126670e+002 0.000000e+000
5.544024e+000 -1.126637e+002 0.000000e+000
5.577074e+000 -1.126604e+002 0.000000e+000
5.610124e+000 -1.126571e+002 0.000000e+000
5.643174e+000 -1.126537e+002 0.000000e+000
5.676224e+000 -1.126504e+002 0.000000e+000
5.709274e+000 -1.126471e+002 0.000000e+000
5.742324e+000 -1.126438e+002 0.000000e+000
5.775374e+000 -1.126404e+002 0.000000e+000
5.808424e+000 -1.126371e+002 0.000000e+000
5.841475e+000 -1.126338e+002 0.000000e+000
5.874525e+000 -1.126305e+002 0.000000e+000
5.907575e+000 -1.126271e+002 0.000000e+000
5.940625e+000 -1.126238e+002 0.000000e+000
5.973675e+000 -1.126205e+002 0.000000e+000
6.006725e+000 -1.126172e+002 0.000000e+000
6.039775e+000 -1.126138e+002 0.000000e+000
6.072825e+000 -1.126105e+002 0.000000e+000
6.105875e+000 -1.126072e+002 0.000000e+000
6.138926e+000 -1.126039e+002 0.000000e+000
6.171976e+000 -1.126006e+002 0.000000e+000
6.205026e+000 -1.125972e+002 0.000000e+000
6.238076e+000 -1.125939e+002 0.000000e+000
6.271126e+000 -1.125906e+002 0.000000e+000
6.304176e+000 -1.125873e+002 0.000000e+000
6.337226e+000 -1.125839e+002 0.000000e+000
6.370276e+000 -1.125806e+002 0.000000e+000
6.403326e+000 -1.125773e+002 0.000000e+000
6.436377e+000 -1.125740e+002 0.000000e+000
6.469427e+000 -1.125706e+002 0.000000e+000
6.502477e+000 -1.125673e+002 0.000000e+000
6.535527e+000 -1.125640e+002 0.000000e+000
6.568577e+000 -1.125607e+002 0.000000e+000
6.601431e+000 -1.125551e+002 0.000000e+000
6.634285e+000 -1.125496e+002 0.000000e+000
6.667139e+000 -1.125440e+002 0.000000e+000
6.699993e+000 -1.125385e+002 0.000000e+000
6.732847e+000 -1.125330e+002 0.000000e+000
6.765701e+000 -1.125274e+002 0.000000e+000
6.798555e+000 -1.125219e+002 0.000000e+000
6.831409e+000 -1.125163e+002 0.000000e+000
6.864263e+000 -1.125108e+002 0.000000e+000
6.897117e+000 -1.125053e+002 0.000000e+000
6.929971e+000 -1.124997e+002 0.000000e+000
6.962825e+000 -1.124942e+002 0.000000e+000
6.995679e+000 -1.124886e+002 0.000000e+000
7.028533e+000 -1.124831e+002 0.000000e+000
7.061387e+000 -1.124776e+002 0.000000e+000
7.094241e+000 -1.124720e+002 0.000000e+000
7.127095e+000 -1.124665e+002 0.000000e+000
7.159949e+000 -1.124609e+002 0.000000e+000
7.192803e+000 -1.124554e+002 0.000000e+000
7.225657e+000 -1.124499e+002 0.000000e+000
7.258511e+000 -1.124443e+002 0.000000e+000
7.291365e+000 -1.124388e+002 0.000000e+000
7.324219e+000 -1.124332e+002 0.000000e+000
7.357073e+000 -1.124277e+002 0.000000e+000
7.389927e+000 -1.124222e+002 0.000000e+000
7.422781e+000 -1.124166e+002 0.000000e+000
7.455635e+000 -1.124111e+002 0.000000e+000
7.488489e+000 -1.124056e+002 0.000000e+000
7.521343e+000 -1.124000e+002 0.000000e+000
7.554197e+000 -1.123945e+002 0.000000e+000
7.587051e+000 -1.123889e+002 0.000000e+000
7.619905e+000 -1.123834e+002 0.000000e+000
7.652759e+000 -1.123779e+002 0.000000e+000
7.685613e+000 -1.123723e+002 0.000000e+000
7.718467e+000 -1.123668e+002 0.000000e+000
7.751321e+000 -1.123612e+002 0.000000e+000
7.784175e+000 -1.123557e+002 0.000000e+000
7.817029e+000 -1.123502e+002 0.000000e+000
7.849883e+000 -1.123446e+002 0.000000e+000
7.882737e+000 -1.123391e+002 0.000000e+000
7.915591e+000 -1.123335e+002 0.000000e+000
7.948445e+000 -1.123280e+002 0.000000e+000
7.981299e+000 -1.123225e+002 0.000000e+000
8.014153e+000 -1.123169e+002 0.000000e+000
8.047007e+000 -1.123114e+002 0.000000e+000
8.079861e+000 -1.123058e+002 0.000000e+000
8.112715e+000 -1.123003e+002 0.000000e+000
8.145569e+000 -1.122948e+002 0.000000e+000
8.178423e+000 -1.122892e+002 0.000000e+000
8.211277e+000 -1.122837e+002 0.000000e+000
8.244132e+000 -1.122781e+002 0.000000e+000
8.276986e+000 -1.122726e+002 0.000000e+000
8.309840e+000 -1.122671e+002 0.000000e+000
8.342694e+000 -1.122615e+002 0.000000e+000
8.375548e+000 -1.122560e+002 0.000000e+000
8.408402e+000 -1.122504e+002 0.000000e+000
8.441256e+000 -1.122449e+002 0.000000e+000
8.474110e+000 -1.122394e+002 0.000000e+000
8.506964e+000 -1.122338e+002 0.000000e+000
8.539818e+000 -1.122283e+002 0.000000e+000
8.572672e+000 -1.122227e+002 0.000000e+000
8.605526e+000 -1.122172e+002 0.000000e+000
8.638380e+000 -1.122117e+002 0.000000e+000
8.671234e+000 -1.122061e+002 0.000000e+000
8.704088e+000 -1.122006e+002 0.000000e+000
8.736942e+000 -1.121950e+002 0.000000e+000
8.769796e+000 -1.121895e+002 0.000000e+000
8.802650e+000 -1.121840e+002 0.000000e+000
8.835504e+000 -1.121784e+002 0.000000e+000
8.868358e+000 -1.121729e+002 0.000000e+000
8.901212e+000 -1.121673e+002 0.000000e+000
8.934066e+000 -1.121618e+002 0.000000e+000
8.966920e+000 -1.121563e+002 0.000000e+000
8.999774e+000 -1.121507e+002 0.000000e+000
9.032628e+000 -1.121452e+002 0.000000e+000
9.065482e+000 -1.121396e+002 0.000000e+000
9.098336e+000 -1.121341e+002 0.000000e+000
9.131190e+000 -1.121286e+002 0.000000e+000
9.164044e+000 -1.121230e+002 0.000000e+000
9.196898e+000 -1.121175e+002 0.000000e+000
9.229752e+000 -1.121119e+002 0.000000e+000
9.262606e+000 -1.121064e+002 0.000000e+000
9.295460e+000 -1.121009e+002 0.000000e+000
9.328314e+000 -1.120953e+002 0.000000e+000
9.361168e+000 -1.120898e+002 0.000000e+000
9.394022e+000 -1.120843e+002 0.000000e+000
9.426876e+000 -1.120787e+002 0.000000e+000
9.459730e+000 -1.120732e+002 0.000000e+000
9.492584e+000 -1.120676e+002 0.000000e+000
9.525438e+000 -1.120621e+002 0.000000e+000
9.558292e+000 -1.120566e+002 0.000000e+000
9.591146e+000 -1.120510e+002 0.000000e+000
9.624000e+000 -1.120455e+002 0.000000e+000
9.656854e+000 -1.120399e+002 0.000000e+000
9.689708e+000 -1.120344e+002 0.000000e+000
9.722562e+000 -1.120289e+002 0.000000e+000
9.755416e+000 -1.120233e+002 0.000000e+000
9.788270e+000 -1.120178e+002 0.000000e+000
9.821124e+000 -1.120122e+002 0.000000e+000
9.853534e+000 -1.120045e+002 0.000000e+000
9.885944e+000 -1.119968e+002 0.000000e+000
9.918354e+000 -1.119891e+002 0.000000e+000
9.950765e+000 -1.119813e+002 0.000000e+000
9.983175e+000 -1.119736e+002 0.000000e+000
1.001558e+001 -1.119659e+002 0.000000e+000
1.004800e+001 -1.119582e+002 0.000000e+000
1.008041e+001 -1.119504e+002 0.000000e+000
1.011282e+001 -1.119427e+002 0.000000e+000
1.014523e+001 -1.119350e+002 0.000000e+000
1.017764e+001 -1.119273e+002 0.000000e+000
1.021005e+001 -1.119195e+002 0.000000e+000
1.024246e+001 -1.119118e+002 0.000000e+000
1.027487e+001 -1.119041e+002 0.000000e+000
1.030728e+001 -1.118964e+002 0.000000e+000
1.033969e+001 -1.118887e+002 0.000000e+000
1.037210e+001 -1.118809e+002 0.000000e+000
1.040451e+001 -1.118732e+002 0.000000e+000
1.043692e+001 -1.118655e+002 0.000000e+000
1.046933e+001 -1.118578e+002 0.000000e+000
1.050174e+001 -1.118500e+002 0.000000e+000
1.053415e+001 -1.118423e+002 0.000000e+000
1.056656e+001 -1.118346e+002 0.000000e+000
1.059897e+001 -1.118269e+002 0.000000e+000
1.063138e+001 -1.118191e+002 0.000000e+000
1.066379e+001 -1.118114e+002 0.000000e+000
1.069620e+001 -1.118037e+002 0.000000e+000
1.072861e+001 -1.117960e+002 0.000000e+000
1.076102e+001 -1.117882e+002 0.000000e+000
1.079343e+001 -1.117805e+002 0.000000e+000
1.082584e+001 -1.117728e+002 0.000000e+000
1.085825e+001 -1.117651e+002 0.000000e+000
1.089066e+001 -1.117574e+002 0.000000e+000
1.092307e+001 -1.117496e+002 0.000000e+000
1.095548e+001 -1.117419e+002 0.000000e+000
1.098789e+001 -1.117342e+002 0.000000e+000
1.102030e+001 -1.117265e+002 0.000000e+000
1.105271e+001 -1.117187e+002 0.000000e+000
1.108512e+001 -1.117110e+002 0.000000e+000
1.111753e+001 -1.117033e+002 0.000000e+000
1.114994e+001 -1.116956e+002 0.000000e+000
1.118235e+001 -1.116878e+002 0.000000e+000
1.121476e+001 -1.116801e+002 0.000000e+000
1.124717e+001 -1.116724e+002 0.000000e+000
1.127958e+001 -1.116647e+002 0.000000e+000
1.131199e+001 -1.116569e+002 0.000000e+000
1.134440e+001 -1.116492e+002 0.000000e+000
1.137681e+001 -1.116415e+002 0.000000e+000
1.140922e+001 -1.116338e+002 0.000000e+000
1.144163e+001 -1.116260e+002 0.000000e+000
1.147404e+001 -1.116183e+002 0.000000e+000
1.150645e+001 -1.116106e+002 0.000000e+000
1.153886e+001 -1.116029e+002 0.000000e+000
1.157127e+001 -1.115952e+002 0.000000e+000
1.160368e+001 -1.115874e+002 0.000000e+000
1.163609e+001 -1.115797e+002 0.000000e+000
1.166850e+001 -1.115720e+002 0.000000e+000
1.170091e+001 -1.115643e+002 0.000000e+000
1.173332e+001 -1.115565e+002 0.000000e+000
1.176573e+001 -1.115488e+002 0.000000e+000
1.179814e+001 -1.115411e+002 0.000000e+000
1.183055e+001 -1.115334e+002 0.000000e+000
1.186296e+001 -1.115256e+002 0.000000e+000
1.189537e+001 -1.115179e+002 0.000000e+000
1.192778e+001 -1.115102e+002 0.000000e+000
1.196019e+001 -1.115025e+002 0.000000e+000
1.199260e+001 -1.114947e+002 0.000000e+000
1.202501e+001 -1.114870e+002 0.000000e+000
1.205742e+001 -1.114793e+002 0.000000e+000
1.208983e+001 -1.114716e+002 0.000000e+000
1.212224e+001 -1.114638e+002 0.000000e+000
1.215465e+001 -1.114561e+002 0.000000e+000
1.218706e+001 -1.114484e+002 0.000000e+000
1.221947e+001 -1.114407e+002 0.000000e+000
1.225188e+001 -1.114330e+002 0.000000e+000
1.228429e+001 -1.114252e+002 0.000000e+000
1.231670e+001 -1.114175e+002 0.000000e+000
1.234912e+001 -1.114098e+002 0.000000e+000
1.238153e+001 -1.114021e+002 0.000000e+000
1.241394e+001 -1.113943e+002 0.000000e+000
1.244635e+001 -1.113866e+002 0.000000e+000
1.247876e+001 -1.113789e+002 0.000000e+000
1.251117e+001 -1.113712e+002 0.000000e+000
1.254358e+001 -1.113634e+002 0.000000e+000
1.257599e+001 -1.113557e+002 0.000000e+000
1.260840e+001 -1.113480e+002 0.000000e+000
1.264081e+001 -1.113403e+002 0.000000e+000
1.267322e+001 -1.113325e+002 0.000000e+000
1.270563e+001 -1.113248e+002 0.000000e+000
1.273804e+001 -1.113171e+002 0.000000e+000
1.277045e+001 -1.113094e+002 0.000000e+000
1.280286e+001 -1.113016e+002 0.000000e+000
1.283527e+001 -1.112939e+002 0.000000e+000
1.286768e+001 -1.112862e+002 0.000000e+000
1.290009e+001 -1.112785e+002 0.000000e+000
1.293250e+001 -1.112708e+002 0.000000e+000
1.296491e+001 -1.112630e+002 0.000000e+000
1.299732e+001 -1.112553e+002 0.000000e+000
1.302973e+001 -1.112476e+002 0.000000e+000
1.306145e+001 -1.112377e+002 0.000000e+000
1.309318e+001 -1.112279e+002 0.000000e+000
1.312491e+001 -1.112181e+002 0.000000e+000
1.315663e+001 -1.112082e+002 0.000000e+000
1.318836e+001 -1.111984e+002 0.000000e+000
1.322008e+001 -1.111885e+002 0.000000e+000
1.325181e+001 -1.111787e+002 0.000000e+000
1.328353e+001 -1.111689e+002 0.000000e+000
1.331526e+001 -1.111590e+002 0.000000e+000
1.334699e+001 -1.111492e+002 0.000000e+000
1.337871e+001 -1.111393e+002 0.000000e+000
1.341044e+001 -1.111295e+002 0.000000e+000
1.344216e+001 -1.111197e+002 0.000000e+000
1.347389e+001 -1.111098e+002 0.000000e+000
1.350562e+001 -1.111000e+002 0.000000e+000
1.353734e+001 -1.110901e+002 0.000000e+000
1.356907e+001 -1.110803e+002 0.000000e+000
1.360079e+001 -1.110705e+002 0.000000e+000
1.363252e+001 -1.110606e+002 0.000000e+000
1.366425e+001 -1.110508e+002 0.000000e+000
1.369597e+001 -1.110409e+002 0.000000e+000
1.372770e+001 -1.110311e+002 0.000000e+000
1.375942e+001 -1.110213e+002 0.000000e+000
1.379115e+001 -1.110114e+002 0.000000e+000
1.382287e+001 -1.110016e+002 0.000000e+000
1.385460e+001 -1.109917e+002 0.000000e+000
1.388633e+001 -1.109819e+002 0.000000e+000
1.391805e+001 -1.109721e+002 0.000000e+000
1.394978e+001 -1.109622e+002 0.000000e+000
1.398150e+001 -1.109524e+002 0.000000e+000
1.401323e+001 -1.109425e+002 0.000000e+000
1.404496e+001 -1.109327e+002 0.000000e+000
1.407668e+001 -1.109229e+002 0.000000e+000
1.410841e+001 -1.109130e+002 0.000000e+000
1.414013e+001 -1.109032e+002 0.000000e+000
1.417186e+001 -1.108933e+002 0.000000e+000
1.420358e+001 -1.108835e+002 0.000000e+000
1.423531e+001 -1.108737e+002 0.000000e+000
1.426704e+001 -1.108638e+002 0.000000e+000
1.429876e+001 -1.108540e+002 0.000000e+000
1.433049e+001 -1.108441e+002 0.000000e+000
1.436221e+001 -1.108343e+002 0.000000e+000
1.439394e+001 -1.108245e+002 0.000000e+000
1.442567e+001 -1.108146e+002 0.000000e+000
1.445739e+001 -1.108048e+002 0.000000e+000
1.448912e+001 -1.107949e+002 0.000000e+000
1.452084e+001 -1.107851e+002 0.000000e+000
1.455257e+001 -1.107753e+002 0.000000e+000
1.458429e+001 -1.107654e+002 0.000000e+000
1.461602e+001 -1.107556e+002 0.000000e+000
1.464775e+001 -1.107457e+002 0.000000e+000
1.467947e+001 -1.107359e+002 0.000000e+000
1.471120e+001 -1.107261e+002 0.000000e+000
1.474292e+001 -1.107162e+002 0.000000e+000
1.477465e+001 -1.107064e+002 0.000000e+000
1.480638e+001 -1.106965e+002 0.000000e+000
1.483810e+001 -1.106867e+002 0.000000e+000
1.486983e+001 -1.106769e+002 0.000000e+000
1.490155e+001 -1.106670e+002 0.000000e+000
1.493328e+001 -1.106572e+002 0.000000e+000
1.496500e+001 -1.106473e+002 0.000000e+000
1.499673e+001 -1.106375e+002 0.000000e+000
1.502846e+001 -1.106276e+002 0.000000e+000
1.506018e+001 -1.106178e+002 0.000000e+000
1.509191e+001 -1.106080e+002 0.000000e+000
1.512363e+001 -1.105981e+002 0.000000e+000
1.515536e+001 -1.105883e+002 0.000000e+000
1.518709e+001 -1.105784e+002 0.000000e+000
1.521881e+001 -1.105686e+002 0.000000e+000
1.525054e+001 -1.105588e+002 0.000000e+000
1.528226e+001 -1.105489e+002 0.000000e+000
1.531399e+001 -1.105391e+002 0.000000e+000
1.534572e+001 -1.105292e+002 0.000000e+000
1.537744e+001 -1.105194e+002 0.000000e+000
1.540917e+001 -1.105096e+002 0.000000e+000
1.544089e+001 -1.104997e+002 0.000000e+000
1.547262e+001 -1.104899e+002 0.000000e+000
1.550434e+001 -1.104800e+002 0.000000e+000
1.553607e+001 -1.104702e+002 0.000000e+000
1.556780e+001 -1.104604e+002 0.000000e+000
1.559952e+001 -1.104505e+002 0.000000e+000
1.563125e+001 -1.104407e+002 0.000000e+000
1.566297e+001 -1.104308e+002 0.000000e+000
1.569470e+001 -1.104210e+002 0.000000e+000
1.572643e+001 -1.104112e+002 0.000000e+000
1.575815e+001 -1.104013e+002 0.000000e+000
1.578988e+001 -1.103915e+002 0.000000e+000
1.582160e+001 -1.103816e+002 0.000000e+000
1.585333e+001 -1.103718e+002 0.000000e+000
1.588505e+001 -1.103620e+002 0.000000e+000
1.591678e+001 -1.103521e+002 0.000000e+000
1.594851e+001 -1.103423e+002 0.000000e+000
1.598023e+001 -1.103324e+002 0.000000e+000
1.601196e+001 -1.103226e+002 0.000000e+000
1.604368e+001 -1.103128e+002 0.000000e+000
1.607541e+001 -1.103029e+002 0.000000e+000
1.610714e+001 -1.102931e+002 0.000000e+000
1.613886e+001 -1.102832e+002 0.000000e+000
1.617059e+001 -1.102734e+002 0.000000e+000
1.620168e+001 -1.102614e+002 0.000000e+000
1.623277e+001 -1.102495e+002 0.000000e+000
1.626386e+001 -1.102375e+002 0.000000e+000
1.629496e+001 -1.102255e+002 0.000000e+000
1.632605e+001 -1.102135e+002 0.000000e+000
1.635714e+001 -1.102016e+002 0.000000e+000
1.638823e+001 -1.101896e+002 0.000000e+000
1.641933e+001 -1.101776e+002 0.000000e+000
1.645042e+001 -1.101657e+002 0.000000e+000
1.648151e+001 -1.101537e+002 0.000000e+000
1.651260e+001 -1.101417e+002 0.000000e+000
1.654370e+001 -1.101297e+002 0.000000e+000
1.657479e+001 -1.101178e+002 0.000000e+000
1.660588e+001 -1.101058e+002 0.000000e+000
1.663697e+001 -1.100938e+002 0.000000e+000
1.666807e+001 -1.100818e+002 0.000000e+000
1.669916e+001 -1.100699e+002 0.000000e+000
1.673025e+001 -1.100579e+002 0.000000e+000
1.676134e+001 -1.100459e+002 0.000000e+000
1.679243e+001 -1.100340e+002 0.000000e+000
1.682353e+001 -1.100220e+002 0.000000e+000
1.685462e+001 -1.100100e+002 0.000000e+000
1.688571e+001 -1.099980e+002 0.000000e+000
1.691680e+001 -1.099861e+002 0.000000e+000
1.694790e+001 -1.099741e+002 0.000000e+000
1.697899e+001 -1.099621e+002 0.000000e+000
1.701008e+001 -1.099501e+002 0.000000e+000
1.704117e+001 -1.099382e+002 0.000000e+000
1.707227e+001 -1.099262e+002 0.000000e+000
1.710336e+001 -1.099142e+002 0.000000e+000
1.713445e+001 -1.099023e+002 0.000000e+000
1.716554e+001 -1.098903e+002 0.000000e+000
1.719664e+001 -1.098783e+002 0.000000e+000
1.722773e+001 -1.098663e+002 0.000000e+000
1.725882e+001 -1.098544e+002 0.000000e+000
1.728991e+001 -1.098424e+002 0.000000e+000
1.732101e+001 -1.098304e+002 0.000000e+000
1.735210e+001 -1.098185e+002 0.000000e+000
1.738319e+001 -1.098065e+002 0.000000e+000
1.741428e+001 -1.097945e+002 0.000000e+000
1.744537e+001 -1.097825e+002 0.000000e+000
1.747647e+001 -1.097706e+002 0.000000e+000
1.750756e+001 -1.097586e+002 0.000000e+000
1.753865e+001 -1.097466e+002 0.000000e+000
1.756974e+001 -1.097346e+002 0.000000e+000
1.760084e+001 -1.097227e+002 0.000000e+000
1.763193e+001 -1.097107e+002 0.000000e+000
1.766302e+001 -1.096987e+002 0.000000e+000
1.769411e+001 -1.096868e+002 0.000000e+000
1.772521e+001 -1.096748e+002 0.000000e+000
1.775630e+001 -1.096628e+002 0.000000e+000
1.778739e+001 -1.096508e+002 0.000000e+000
1.781848e+001 -1.096389e+002 0.000000e+000
1.784958e+001 -1.096269e+002 0.000000e+000
1.788067e+001 -1.096149e+002 0.000000e+000
1.791176e+001 -1.096029e+002 0.000000e+000
1.794285e+001 -1.095910e+002 0.000000e+000
1.797395e+001 -1.095790e+002 0.000000e+000
1.800504e+001 -1.095670e+002 0.000000e+000
1.803613e+001 -1.095551e+002 0.000000e+000
1.806722e+001 -1.095431e+002 0.000000e+000
1.809831e+001 -1.095311e+002 0.000000e+000
1.812941e+001 -1.095191e+002 0.000000e+000
1.816050e+001 -1.095072e+002 0.000000e+000
1.819159e+001 -1.094952e+002 0.000000e+000
1.822268e+001 -1.094832e+002 0.000000e+000
1.825378e+001 -1.094713e+002 0.000000e+000
1.828487e+001 -1.094593e+002 0.000000e+000
1.831596e+001 -1.094473e+002 0.000000e+000
1.834705e+001 -1.094353e+002 0.000000e+000
1.837815e+001 -1.094234e+002 0.000000e+000
1.840924e+001 -1.094114e+002 0.000000e+000
1.844033e+001 -1.093994e+002 0.000000e+000
1.847142e+001 -1.093874e+002 0.000000e+000
1.850252e+001 -1.093755e+002 0.000000e+000
1.853361e+001 -1.093635e+002 0.000000e+000
1.856470e+001 -1.093515e+002 0.000000e+000
1.859579e+001 -1.093396e+002 0.000000e+000
1.862689e+001 -1.093276e+002 0.000000e+000
1.865798e+001 -1.093156e+002 0.000000e+000
1.868907e+001 -1.093036e+002 0.000000e+000
1.872016e+001 -1.092917e+002 0.000000e+000
1.875125e+001 -1.092797e+002 0.000000e+000
1.878235e+001 -1.092677e+002 0.000000e+000
1.881344e+001 -1.092558e+002 0.000000e+000
1.884453e+001 -1.092438e+002 0.000000e+000
1.887562e+001 -1.092318e+002 0.000000e+000
1.890672e+001 -1.092198e+002 0.000000e+000
1.893781e+001 -1.092079e+002 0.000000e+000
1.896890e+001 -1.091959e+002 0.000000e+000
1.899999e+001 -1.091839e+002 0.000000e+000
1.903109e+001 -1.091719e+002 0.000000e+000
1.906218e+001 -1.091600e+002 0.000000e+000
1.909327e+001 -1.091480e+002 0.000000e+000
1.912436e+001 -1.091360e+002 0.000000e+000
1.915546e+001 -1.091241e+002 0.000000e+000
1.918655e+001 -1.091121e+002 0.000000e+000
1.921764e+001 -1.091001e+002 0.000000e+000
1.924873e+001 -1.090881e+002 0.000000e+000
1.927896e+001 -1.090741e+002 0.000000e+000
1.930918e+001 -1.090601e+002 0.000000e+000
1.933940e+001 -1.090461e+002 0.000000e+000
1.936962e+001 -1.090320e+002 0.000000e+000
1.939984e+001 -1.090180e+002 0.000000e+000
1.943007e+001 -1.090040e+002 0.000000e+000
1.946029e+001 -1.089900e+002 0.000000e+000
1.949051e+001 -1.089759e+002 0.000000e+000
1.952073e+001 -1.089619e+002 0.000000e+000
1.955096e+001 -1.089479e+002 0.000000e+000
1.958118e+001 -1.089339e+002 0.000000e+000
1.961140e+001 -1.089198e+002 0.000000e+000
1.964162e+001 -1.089058e+002 0.000000e+000
1.967185e+001 -1.088918e+002 0.000000e+000
1.970207e+001 -1.088778e+002 0.000000e+000
1.973229e+001 -1.088637e+002 0.000000e+000
1.976251e+001 -1.088497e+002 0.000000e+000
1.979274e+001 -1.088357e+002 0.000000e+000
1.982296e+001 -1.088217e+002 0.000000e+000
1.985318e+001 -1.088077e+002 0.000000e+000
1.988340e+001 -1.087936e+002 0.000000e+000
1.991363e+001 -1.087796e+002 0.000000e+000
1.994385e+001 -1.087656e+002 0.000000e+000
1.997407e+001 -1.087516e+002 0.000000e+000
2.000429e+001 -1.087375e+002 0.000000e+000
2.003451e+001 -1.087235e+002 0.000000e+000
2.006474e+001 -1.087095e+002 0.000000e+000
2.009496e+001 -1.086955e+002 0.000000e+000
2.012518e+001 -1.086814e+002 0.000000e+000
2.015540e+001 -1.086674e+002 0.000000e+000
2.018563e+001 -1.086534e+002 0.000000e+000
2.021585e+001 -1.086394e+002 0.000000e+000
2.024607e+001 -1.086253e+002 0.000000e+000
2.027629e+001 -1.086113e+002 0.000000e+000
2.030652e+001 -1.085973e+002 0.000000e+000
2.033674e+001 -1.085833e+002 0.000000e+000
2.036696e+001 -1.085692e+002 0.000000e+000
2.039718e+001 -1.085552e+002 0.000000e+000
2.042741e+001 -1.085412e+002 0.000000e+000
2.045763e+001 -1.085272e+002 0.000000e+000
2.048785e+001 -1.085131e+002 0.000000e+000
2.051807e+001 -1.084991e+002 0.000000e+000
2.054830e+001 -1.084851e+002 0.000000e+000
2.057852e+001 -1.084711e+002 0.000000e+000
2.060874e+001 -1.084570e+002 0.000000e+000
2.063896e+001 -1.084430e+002 0.000000e+000
2.066918e+001 -1.084290e+002 0.000000e+000
2.069941e+001 -1.084150e+002 0.000000e+000
2.072963e+001 -1.084009e+002 0.000000e+000
2.075985e+001 -1.083869e+002 0.000000e+000
2.079007e+001 -1.083729e+002 0.000000e+000
2.082030e+001 -1.083589e+002 0.000000e+000
2.085052e+001 -1.083448e+002 0.000000e+000
2.088074e+001 -1.083308e+002 0.000000e+000
2.091096e+001 -1.083168e+002 0.000000e+000
2.094119e+001 -1.083028e+002 0.000000e+000
2.097141e+001 -1.082888e+002 0.000000e+000
2.100163e+001 -1.082747e+002 0.000000e+000
2.103185e+001 -1.082607e+002 0.000000e+000
2.106208e+001 -1.082467e+002 0.000000e+000
2.109230e+001 -1.082327e+002 0.000000e+000
2.112252e+001 -1.082186e+002 0.000000e+000
2.115274e+001 -1.082046e+002 0.000000e+000
2.118297e+001 -1.081906e+002 0.000000e+000
2.121319e+001 -1.081766e+002 0.000000e+000
2.124341e+001 -1.081625e+002 0.000000e+000
2.127363e+001 -1.081485e+002 0.000000e+000
2.130385e+001 -1.081345e+002 0.000000e+000
2.133408e+001 -1.081205e+002 0.000000e+000
2.136430e+001 -1.081064e+002 0.000000e+000
2.139452e+001 -1.080924e+002 0.000000e+000
2.142474e+001 -1.080784e+002 0.000000e+000
2.145497e+001 -1.080644e+002 0.000000e+000
2.148519e+001 -1.080503e+002 0.000000e+000
2.151541e+001 -1.080363e+002 0.000000e+000
2.154563e+001 -1.080223e+002 0.000000e+000
2.157586e+001 -1.080083e+002 0.000000e+000
2.160608e+001 -1.079942e+002 0.000000e+000
2.163630e+001 -1.079802e+002 0.000000e+000
2.166652e+001 -1.079662e+002 0.000000e+000
2.169675e+001 -1.079522e+002 0.000000e+000
2.172697e+001 -1.079381e+002 0.000000e+000
2.175719e+001 -1.079241e+002 0.000000e+000
2.178741e+001 -1.079101e+002 0.000000e+000
2.181764e+001 -1.078961e+002 0.000000e+000
2.184786e+001 -1.078820e+002 0.000000e+000
2.187808e+001 -1.078680e+002 0.000000e+000
2.190830e+001 -1.078540e+002 0.000000e+000
2.193853e+001 -1.078400e+002 0.000000e+000
2.196875e+001 -1.078259e+002 0.000000e+000
2.199897e+001 -1.078119e+002 0.000000e+000
2.202919e+001 -1.077979e+002 0.000000e+000
2.205941e+001 -1.077839e+002 0.000000e+000
2.208964e+001 -1.077699e+002 0.000000e+000
2.211986e+001 -1.077558e+002 0.000000e+000
2.215008e+001 -1.077418e+002 0.000000e+000
2.218030e+001 -1.077278e+002 0.000000e+000
2.221053e+001 -1.077138e+002 0.000000e+000
2.224075e+001 -1.076997e+002 0.000000e+000
2.226997e+001 -1.076837e+002 0.000000e+000
2.229918e+001 -1.076677e+002 0.000000e+000
2.232840e+001 -1.076517e+002 0.000000e+000
2.235762e+001 -1.076357e+002 0.000000e+000
2.238683e+001 -1.076197e+002 0.000000e+000
2.241605e+001 -1.076036e+002 0.000000e+000
2.244527e+001 -1.075876e+002 0.000000e+000
2.247449e+001 -1.075716e+002 0.000000e+000
2.250370e+001 -1.075556e+002 0.000000e+000
2.253292e+001 -1.075396e+002 0.000000e+000
2.256214e+001 -1.075236e+002 0.000000e+000
2.259135e+001 -1.075076e+002 0.000000e+000
2.262057e+001 -1.074916e+002 0.000000e+000
2.264979e+001 -1.074755e+002 0.000000e+000
2.267901e+001 -1.074595e+002 0.000000e+000
2.270822e+001 -1.074435e+002 0.000000e+000
2.273744e+001 -1.074275e+002 0.000000e+000
2.276666e+001 -1.074115e+002 0.000000e+000
2.279587e+001 -1.073955e+002 0.000000e+000
2.282509e+001 -1.073795e+002 0.000000e+000
2.285431e+001 -1.073634e+002 0.000000e+000
2.288353e+001 -1.073474e+002 0.000000e+000
2.291274e+001 -1.073314e+002 0.000000e+000
2.294196e+001 -1.073154e+002 0.000000e+000
2.297118e+001 -1.072994e+002 0.000000e+000
2.300039e+001 -1.072834e+002 0.000000e+000
2.302961e+001 -1.072674e+002 0.000000e+000
2.305883e+001 -1.072514e+002 0.000000e+000
2.308805e+001 -1.072353e+002 0.000000e+000
2.311726e+001 -1.072193e+002 0.000000e+000
2.314648e+001 -1.072033e+002 0.000000e+000
2.317570e+001 -1.071873e+002 0.000000e+000
2.320491e+001 -1.071713e+002 0.000000e+000
2.323413e+001 -1.071553e+002 0.000000e+000
2.326335e+001 -1.071393e+002 0.000000e+000
2.329257e+001 -1.071232e+002 0.000000e+000
2.332178e+001 -1.071072e+002 0.000000e+000
2.335100e+001 -1.070912e+002 0.000000e+000
2.338022e+001 -1.070752e+002 0.000000e+000
2.340943e+001 -1.070592e+002 0.000000e+000
2.343865e+001 -1.070432e+002 0.000000e+000
2.346787e+001 -1.070272e+002 0.000000e+000
2.349709e+001 -1.070111e+002 0.000000e+000
2.352630e+001 -1.069951e+002 0.000000e+000
2.355552e+001 -1.069791e+002 0.000000e+000
2.358474e+001 -1.069631e+002 0.000000e+000
2.361395e+001 -1.069471e+002 0.000000e+000
2.364317e+001 -1.069311e+002 0.000000e+000
2.367239e+001 -1.069151e+002 0.000000e+000
2.370161e+001 -1.068991e+002 0.000000e+000
2.373082e+001 -1.068830e+002 0.000000e+000
2.376004e+001 -1.068670e+002 0.000000e+000
2.378926e+001 -1.068510e+002 0.000000e+000
2.381847e+001 -1.068350e+002 0.000000e+000
2.384769e+001 -1.068190e+002 0.000000e+000
2.387691e+001 -1.068030e+002 0.000000e+000
2.390613e+001 -1.067870e+002 0.000000e+000
2.393534e+001 -1.067709e+002 0.000000e+000
2.396456e+001 -1.067549e+002 0.000000e+000
2.399378e+001 -1.067389e+002 0.000000e+000
2.402300e+001 -1.067229e+002 0.000000e+000
2.405221e+001 -1.067069e+002 0.000000e+000
2.408143e+001 -1.066909e+002 0.000000e+000
2.411065e+001 -1.066749e+002 0.000000e+000
2.413986e+001 -1.066589e+002 0.000000e+000
2.416908e+001 -1.066428e+002 0.000000e+000
2.419830e+001 -1.066268e+002 0.000000e+000
2.422752e+001 -1.066108e+002 0.000000e+000
2.425673e+001 -1.065948e+002 0.000000e+000
2.428595e+001 -1.065788e+002 0.000000e+000
2.431517e+001 -1.065628e+002 0.000000e+000
2.434438e+001 -1.065468e+002 0.000000e+000
2.437360e+001 -1.065307e+002 0.000000e+000
2.440282e+001 -1.065147e+002 0.000000e+000
2.443204e+001 -1.064987e+002 0.000000e+000
2.446125e+001 -1.064827e+002 0.000000e+000
2.449047e+001 -1.064667e+002 0.000000e+000
2.451969e+001 -1.064507e+002 0.000000e+000
2.454890e+001 -1.064347e+002 0.000000e+000
2.457812e+001 -1.064186e+002 0.000000e+000
2.460734e+001 -1.064026e+002 0.000000e+000
2.463656e+001 -1.063866e+002 0.000000e+000
2.466577e+001 -1.063706e+002 0.000000e+000
2.469499e+001 -1.063546e+002 0.000000e+000
2.472421e+001 -1.063386e+002 0.000000e+000
2.475342e+001 -1.063226e+002 0.000000e+000
2.478264e+001 -1.063066e+002 0.000000e+000
2.481186e+001 -1.062905e+002 0.000000e+000
2.484108e+001 -1.062745e+002 0.000000e+000
2.487029e+001 -1.062585e+002 0.000000e+000
2.489951e+001 -1.062425e+002 0.000000e+000
2.492873e+001 -1.062265e+002 0.000000e+000
2.495794e+001 -1.062105e+002 0.000000e+000
2.498716e+001 -1.061945e+002 0.000000e+000
2.501638e+001 -1.061784e+002 0.000000e+000
2.504560e+001 -1.061624e+002 0.000000e+000
2.507481e+001 -1.061464e+002 0.000000e+000
2.510403e+001 -1.061304e+002 0.000000e+000
2.513325e+001 -1.061144e+002 0.000000e+000
2.516133e+001 -1.060965e+002 0.000000e+000
2.518941e+001 -1.060785e+002 0.000000e+000
2.521749e+001 -1.060606e+002 0.000000e+000
2.524557e+001 -1.060427e+002 0.000000e+000
2.527365e+001 -1.060247e+002 0.000000e+000
2.530173e+001 -1.060068e+002 0.000000e+000
2.532981e+001 -1.059889e+002 0.000000e+000
2.535790e+001 -1.059709e+002 0.000000e+000
2.538598e+001 -1.059530e+002 0.000000e+000
2.541406e+001 -1.059351e+002 0.000000e+000
2.544214e+001 -1.059172e+002 0.000000e+000
2.547022e+001 -1.058992e+002 0.000000e+000
2.549830e+001 -1.058813e+002 0.000000e+000
2.552638e+001 -1.058634e+002 0.000000e+000
2.555446e+001 -1.058454e+002 0.000000e+000
2.558255e+001 -1.058275e+002 0.000000e+000
2.561063e+001 -1.058096e+002 0.000000e+000
2.563871e+001 -1.057916e+002 0.000000e+000
2.566679e+001 -1.057737e+002 0.000000e+000
2.569487e+001 -1.057558e+002 0.000000e+000
2.572295e+001 -1.057378e+002 0.000000e+000
2.575103e+001 -1.057199e+002 0.000000e+000
2.577911e+001 -1.057020e+002 0.000000e+000
2.580719e+001 -1.056840e+002 0.000000e+000
2.583528e+001 -1.056661e+002 0.000000e+000
2.586336e+001 -1.056482e+002 0.000000e+000
2.589144e+001 -1.056303e+002 0.000000e+000
2.591952e+001 -1.056123e+002 0.000000e+000
2.594760e+001 -1.055944e+002 0.000000e+000
2.597568e+001 -1.055765e+002 0.000000e+000
2.600376e+001 -1.055585e+002 0.000000e+000
2.603184e+001 -1.055406e+002 0.000000e+000
2.605993e+001 -1.055227e+002 0.000000e+000
2.608801e+001 -1.055047e+002 0.000000e+000
2.611609e+001 -1.054868e+002 0.000000e+000
2.614417e+001 -1.054689e+002 0.000000e+000
2.617225e+001 -1.054509e+002 0.000000e+000
2.620033e+001 -1.054330e+002 0.000000e+000
2.622841e+001 -1.054151e+002 0.000000e+000
2.625649e+001 -1.053972e+002 0.000000e+000
2.628457e+001 -1.053792e+002 0.000000e+000
2.631266e+001 -1.053613e+002 0.000000e+000
2.634074e+001 -1.053434e+002 0.000000e+000
2.636882e+001 -1.053254e+002 0.000000e+000
2.639690e+001 -1.053075e+002 0.000000e+000
2.642498e+001 -1.052896e+002 0.000000e+000
2.645306e+001 -1.052716e+002 0.000000e+000
2.648114e+001 -1.052537e+002 0.000000e+000
2.650922e+001 -1.052358e+002 0.000000e+000
2.653731e+001 -1.052178e+002 0.000000e+000
2.656539e+001 -1.051999e+002 0.000000e+000
2.659347e+001 -1.051820e+002 0.000000e+000
2.662155e+001 -1.051640e+002 0.000000e+000
2.664963e+001 -1.051461e+002 0.000000e+000
2.667771e+001 -1.051282e+002 0.000000e+000
2.670579e+001 -1.051103e+002 0.000000e+000
2.673387e+001 -1.050923e+002 0.000000e+000
2.676195e+001 -1.050744e+002 0.000000e+000
2.679004e+001 -1.050565e+002 0.000000e+000
2.681812e+001 -1.050385e+002 0.000000e+000
2.684620e+001 -1.050206e+002 0.000000e+000
2.687428e+001 -1.050027e+002 0.000000e+000
2.690236e+001 -1.049847e+002 0.000000e+000
2.693044e+001 -1.049668e+002 0.000000e+000
2.695852e+001 -1.049489e+002 0.000000e+000
2.698660e+001 -1.049309e+002 0.000000e+000
2.701469e+001 -1.049130e+002 0.000000e+000
2.704277e+001 -1.048951e+002 0.000000e+000
2.707085e+001 -1.048772e+002 0.000000e+000
2.709893e+001 -1.048592e+002 0.000000e+000
2.712701e+001 -1.048413e+002 0.000000e+000
2.715509e+001 -1.048234e+002 0.000000e+000
2.718317e+001 -1.048054e+002 0.000000e+000
2.721125e+001 -1.047875e+002 0.000000e+000
2.723933e+001 -1.047696e+002 0.000000e+000
2.726742e+001 -1.047516e+002 0.000000e+000
2.729550e+001 -1.047337e+002 0.000000e+000
2.732358e+001 -1.047158e+002 0.000000e+000
2.735166e+001 -1.046978e+002 0.000000e+000
2.737974e+001 -1.046799e+002 0.000000e+000
2.740782e+001 -1.046620e+002 0.000000e+000
2.743590e+001 -1.046440e+002 0.000000e+000
2.746398e+001 -1.046261e+002 0.000000e+000
2.749207e+001 -1.046082e+002 0.000000e+000
2.752015e+001 -1.045903e+002 0.000000e+000
2.754823e+001 -1.045723e+002 0.000000e+000
2.757631e+001 -1.045544e+002 0.000000e+000
2.760439e+001 -1.045365e+002 0.000000e+000
2.763247e+001 -1.045185e+002 0.000000e+000
2.766055e+001 -1.045006e+002 0.000000e+000
2.768863e+001 -1.044827e+002 0.000000e+000
2.771671e+001 -1.044647e+002 0.000000e+000
2.774480e+001 -1.044468e+002 0.000000e+000
2.777288e+001 -1.044289e+002 0.000000e+000
2.780096e+001 -1.044109e+002 0.000000e+000
2.782904e+001 -1.043930e+002 0.000000e+000
2.785712e+001 -1.043751e+002 0.000000e+000
2.788520e+001 -1.043572e+002 0.000000e+000
2.791328e+001 -1.043392e+002 0.000000e+000
2.794002e+001 -1.043195e+002 0.000000e+000
2.796676e+001 -1.042998e+002 0.000000e+000
2.799350e+001 -1.042801e+002 0.000000e+000
2.802024e+001 -1.042604e+002 0.000000e+000
2.804698e+001 -1.042407e+002 0.000000e+000
2.807372e+001 -1.042210e+002 0.000000e+000
2.810047e+001 -1.042013e+002 0.000000e+000
2.812721e+001 -1.041816e+002 0.000000e+000
2.815395e+001 -1.041619e+002 0.000000e+000
2.818069e+001 -1.041422e+002 0.000000e+000
2.820743e+001 -1.041225e+002 0.000000e+000
2.823417e+001 -1.041028e+002 0.000000e+000
2.826091e+001 -1.040830e+002 0.000000e+000
2.828765e+001 -1.040633e+002 0.000000e+000
2.831439e+001 -1.040436e+002 0.000000e+000
2.834113e+001 -1.040239e+002 0.000000e+000
2.836787e+001 -1.040042e+002 0.000000e+000
2.839461e+001 -1.039845e+002 0.000000e+000
2.842135e+001 -1.039648e+002 0.000000e+000
2.844809e+001 -1.039451e+002 0.000000e+000
2.847483e+001 -1.039254e+002 0.000000e+000
2.850157e+001 -1.039057e+002 0.000000e+000
2.852831e+001 -1.038860e+002 0.000000e+000
2.855505e+001 -1.038663e+002 0.000000e+000
2.858179e+001 -1.038466e+002 0.000000e+000
2.860853e+001 -1.038269e+002 0.000000e+000
2.863527e+001 -1.038072e+002 0.000000e+000
2.866201e+001 -1.037875e+002 0.000000e+000
2.868875e+001 -1.037678e+002 0.000000e+000
2.871549e+001 -1.037481e+002 0.000000e+000
2.874223e+001 -1.037283e+002 0.000000e+000
2.876897e+001 -1.037086e+002 0.000000e+000
2.879571e+001 -1.036889e+002 0.000000e+000
2.882245e+001 -1.036692e+002 0.000000e+000
2.884919e+001 -1.036495e+002 0.000000e+000
2.887593e+001 -1.036298e+002 0.000000e+000
2.890267e+001 -1.036101e+002 0.000000e+000
2.892941e+001 -1.035904e+002 0.000000e+000
2.895615e+001 -1.035707e+002 0.000000e+000
2.898290e+001 -1.035510e+002 0.000000e+000
2.900964e+001 -1.035313e+002 0.000000e+000
2.903638e+001 -1.035116e+002 0.000000e+000
2.906312e+001 -1.034919e+002 0.000000e+000
2.908986e+001 -1.034722e+002 0.000000e+000
2.911660e+001 -1.034525e+002 0.000000e+000
2.914334e+001 -1.034328e+002 0.000000e+000
2.917008e+001 -1.034131e+002 0.000000e+000
2.919682e+001 -1.033933e+002 0.000000e+000
2.922356e+001 -1.033736e+002 0.000000e+000
2.925030e+001 -1.033539e+002 0.000000e+000
2.927704e+001 -1.033342e+002 0.000000e+000
2.930378e+001 -1.033145e+002 0.000000e+000
2.933052e+001 -1.032948e+002 0.000000e+000
2.935726e+001 -1.032751e+002 0.000000e+000
2.938400e+001 -1.032554e+002 0.000000e+000
2.941074e+001 -1.032357e+002 0.000000e+000
2.943748e+001 -1.032160e+002 0.000000e+000
2.946422e+001 -1.031963e+002 0.000000e+000
2.949096e+001 -1.031766e+002 0.000000e+000
2.951770e+001 -1.031569e+002 0.000000e+000
2.954444e+001 -1.031372e+002 0.000000e+000
2.957118e+001 -1.031175e+002 0.000000e+000
2.959792e+001 -1.030978e+002 0.000000e+000
2.962466e+001 -1.030781e+002 0.000000e+000
2.965140e+001 -1.030584e+002 0.000000e+000
2.967814e+001 -1.030386e+002 0.000000e+000
2.970488e+001 -1.030189e+002 0.000000e+000
2.973162e+001 -1.029992e+002 0.000000e+000
2.975836e+001 -1.029795e+002 0.000000e+000
2.978510e+001 -1.029598e+002 0.000000e+000
2.981184e+001 -1.029401e+002 0.000000e+000
2.983858e+001 -1.029204e+002 0.000000e+000
2.986532e+001 -1.029007e+002 0.000000e+000
2.989207e+001 -1.028810e+002 0.000000e+000
2.991881e+001 -1.028613e+002 0.000000e+000
2.994555e+001 -1.028416e+002 0.000000e+000
2.997229e+001 -1.028219e+002 0.000000e+000
2.999903e+001 -1.028022e+002 0.000000e+000
3.002577e+001 -1.027825e+002 0.000000e+000
3.005251e+001 -1.027628e+002 0.000000e+000
3.007925e+001 -1.027431e+002 0.000000e+000
3.010599e+001 -1.027234e+002 0.000000e+000
3.013273e+001 -1.027036e+002 0.000000e+000
3.015947e+001 -1.026839e+002 0.000000e+000
3.018621e+001 -1.026642e+002 0.000000e+000
3.021295e+001 -1.026445e+002 0.000000e+000
3.023969e+001 -1.026248e+002 0.000000e+000
3.026643e+001 -1.026051e+002 0.000000e+000
3.029317e+001 -1.025854e+002 0.000000e+000
3.031991e+001 -1.025657e+002 0.000000e+000
3.034665e+001 -1.025460e+002 0.000000e+000
3.037339e+001 -1.025263e+002 0.000000e+000
3.040013e+001 -1.025066e+002 0.000000e+000
3.042687e+001 -1.024869e+002 0.000000e+000
3.045361e+001 -1.024672e+002 0.000000e+000
3.048035e+001 -1.024475e+002 0.000000e+000
3.050709e+001 -1.024278e+002 0.000000e+000
3.053383e+001 -1.024081e+002 0.000000e+000
3.056057e+001 -1.023884e+002 0.000000e+000
3.058601e+001 -1.023668e+002 0.000000e+000
3.061146e+001 -1.023453e+002 0.000000e+000
3.063690e+001 -1.023238e+002 0.000000e+000
3.066234e+001 -1.023023e+002 0.000000e+000
3.068778e+001 -1.022808e+002 0.000000e+000
3.071323e+001 -1.022593e+002 0.000000e+000
3.073867e+001 -1.022378e+002 0.000000e+000
3.076411e+001 -1.022163e+002 0.000000e+000
3.078955e+001 -1.021947e+002 0.000000e+000
3.081500e+001 -1.021732e+002 0.000000e+000
3.084044e+001 -1.021517e+002 0.000000e+000
3.086588e+001 -1.021302e+002 0.000000e+000
3.089132e+001 -1.021087e+002 0.000000e+000
3.091676e+001 -1.020872e+002 0.000000e+000
3.094221e+001 -1.020657e+002 0.000000e+000
3.096765e+001 -1.020442e+002 0.000000e+000
3.099309e+001 -1.020227e+002 0.000000e+000
3.101853e+001 -1.020011e+002 0.000000e+000
3.104398e+001 -1.019796e+002 0.000000e+000
3.106942e+001 -1.019581e+002 0.000000e+000
3.109486e+001 -1.019366e+002 0.000000e+000
3.112030e+001 -1.019151e+002 0.000000e+000
3.114574e+001 -1.018936e+002 0.000000e+000
3.117119e+001 -1.018721e+002 0.000000e+000
3.119663e+001 -1.018506e+002 0.000000e+000
3.122207e+001 -1.018290e+002 0.000000e+000
3.124751e+001 -1.018075e+002 0.000000e+000
3.127296e+001 -1.017860e+002 0.000000e+000
3.129840e+001 -1.017645e+002 0.000000e+000
3.132384e+001 -1.017430e+002 0.000000e+000
3.134928e+001 -1.017215e+002 0.000000e+000
3.137473e+001 -1.017000e+002 0.000000e+000
3.140017e+001 -1.016785e+002 0.000000e+000
3.142561e+001 -1.016569e+002 0.000000e+000
3.145105e+001 -1.016354e+002 0.000000e+000
3.147649e+001 -1.016139e+002 0.000000e+000
3.150194e+001 -1.015924e+002 0.000000e+000
3.152738e+001 -1.015709e+002 0.000000e+000
3.155282e+001 -1.015494e+002 0.000000e+000
3.157826e+001 -1.015279e+002 0.000000e+000
3.160371e+001 -1.015064e+002 0.000000e+000
3.162915e+001 -1.014849e+002 0.000000e+000
3.165459e+001 -1.014633e+002 0.000000e+000
3.168003e+001 -1.014418e+002 0.000000e+000
3.170547e+001 -1.014203e+002 0.000000e+000
3.173092e+001 -1.013988e+002 0.000000e+000
3.175636e+001 -1.013773e+002 0.000000e+000
3.178180e+001 -1.013558e+002 0.000000e+000
3.180724e+001 -1.013343e+002 0.000000e+000
3.183269e+001 -1.013128e+002 0.000000e+000
3.185813e+001 -1.012912e+002 0.000000e+000
3.188357e+001 -1.012697e+002 0.000000e+000
3.190901e+001 -1.012482e+002 0.000000e+000
3.193445e+001 -1.012267e+002 0.000000e+000
3.195990e+001 -1.012052e+002 0.000000e+000
3.198534e+001 -1.011837e+002 0.000000e+000
3.201078e+001 -1.011622e+002 0.000000e+000
3.203622e+001 -1.011407e+002 0.000000e+000
3.206167e+001 -1.011191e+002 0.000000e+000
3.208711e+001 -1.010976e+002 0.000000e+000
3.211255e+001 -1.010761e+002 0.000000e+000
3.213799e+001 -1.010546e+002 0.000000e+000
3.216344e+001 -1.010331e+002 0.000000e+000
3.218888e+001 -1.010116e+002 0.000000e+000
3.221432e+001 -1.009901e+002 0.000000e+000
3.223976e+001 -1.009686e+002 0.000000e+000
3.226520e+001 -1.009471e+002 0.000000e+000
3.229065e+001 -1.009255e+002 0.000000e+000
3.231609e+001 -1.009040e+002 0.000000e+000
3.234153e+001 -1.008825e+002 0.000000e+000
3.236697e+001 -1.008610e+002 0.000000e+000
3.239242e+001 -1.008395e+002 0.000000e+000
3.241786e+001 -1.008180e+002 0.000000e+000
3.244330e+001 -1.007965e+002 0.000000e+000
3.246874e+001 -1.007750e+002 0.000000e+000
3.249418e+001 -1.007534e+002 0.000000e+000
3.251963e+001 -1.007319e+002 0.000000e+000
3.254507e+001 -1.007104e+002 0.000000e+000
3.257051e+001 -1.006889e+002 0.000000e+000
3.259595e+001 -1.006674e+002 0.000000e+000
3.262140e+001 -1.006459e+002 0.000000e+000
3.264684e+001 -1.006244e+002 0.000000e+000
3.267228e+001 -1.006029e+002 0.000000e+000
3.269772e+001 -1.005813e+002 0.000000e+000
3.272316e+001 -1.005598e+002 0.000000e+000
3.274861e+001 -1.005383e+002 0.000000e+000
3.277405e+001 -1.005168e+002 0.000000e+000
3.279949e+001 -1.004953e+002 0.000000e+000
3.282493e+001 -1.004738e+002 0.000000e+000
3.285038e+001 -1.004523e+002 0.000000e+000
3.287582e+001 -1.004308e+002 0.000000e+000
3.290126e+001 -1.004093e+002 0.000000e+000
3.292670e+001 -1.003877e+002 0.000000e+000
3.295215e+001 -1.003662e+002 0.000000e+000
3.297759e+001 -1.003447e+002 0.000000e+000
3.300303e+001 -1.003232e+002 0.000000e+000
3.302847e+001 -1.003017e+002 0.000000e+000
3.305391e+001 -1.002802e+002 0.000000e+000
3.307936e+001 -1.002587e+002 0.000000e+000
3.310330e+001 -1.002355e+002 0.000000e+000
3.312725e+001 -1.002123e+002 0.000000e+000
3.315120e+001 -1.001892e+002 0.000000e+000
3.317515e+001 -1.001660e+002 0.000000e+000
3.319909e+001 -1.001428e+002 0.000000e+000
3.322304e+001 -1.001197e+002 0.000000e+000
3.324699e+001 -1.000965e+002 0.000000e+000
3.327093e+001 -1.000734e+002 0.000000e+000
3.329488e+001 -1.000502e+002 0.000000e+000
3.331883e+001 -1.000270e+002 0.000000e+000
3.334277e+001 -1.000039e+002 0.000000e+000
3.336672e+001 -9.998069e+001 0.000000e+000
3.339067e+001 -9.995753e+001 0.000000e+000
3.341462e+001 -9.993436e+001 0.000000e+000
3.343856e+001 -9.991120e+001 0.000000e+000
3.346251e+001 -9.988803e+001 0.000000e+000
3.348646e+001 -9.986487e+001 0.000000e+000
3.351040e+001 -9.984170e+001 0.000000e+000
3.353435e+001 -9.981854e+001 0.000000e+000
3.355830e+001 -9.979537e+001 0.000000e+000
3.358225e+001 -9.977221e+001 0.000000e+000
3.360619e+001 -9.974904e+001 0.000000e+000
3.363014e+001 -9.972588e+001 0.000000e+000
3.365409e+001 -9.970271e+001 0.000000e+000
3.367803e+001 -9.967955e+001 0.000000e+000
3.370198e+001 -9.965638e+001 0.000000e+000
3.372593e+001 -9.963322e+001 0.000000e+000
3.374988e+001 -9.961005e+001 0.000000e+000
3.377382e+001 -9.958689e+001 0.000000e+000
3.379777e+001 -9.956373e+001 0.000000e+000
3.382172e+001 -9.954056e+001 0.000000e+000
3.384566e+001 -9.951740e+001 0.000000e+000
3.386961e+001 -9.949423e+001 0.000000e+000
3.389356e+001 -9.947107e+001 0.000000e+000
3.391751e+001 -9.944790e+001 0.000000e+000
3.394145e+001 -9.942474e+001 0.000000e+000
3.396540e+001 -9.940157e+001 0.000000e+000
3.398935e+001 -9.937841e+001 0.000000e+000
3.401329e+001 -9.935524e+001 0.000000e+000
3.403724e+001 -9.933208e+001 0.000000e+000
3.406119e+001 -9.930891e+001 0.000000e+000
3.408514e+001 -9.928575e+001 0.000000e+000
3.410908e+001 -9.926258e+001 0.000000e+000
3.413303e+001 -9.923942e+001 0.000000e+000
3.415698e+001 -9.921625e+001 0.000000e+000
3.418092e+001 -9.919309e+001 0.000000e+000
3.420487e+001 -9.916992e+001 0.000000e+000
3.422882e+001 -9.914676e+001 0.000000e+000
3.425277e+001 -9.912359e+001 0.000000e+000
3.427671e+001 -9.910043e+001 0.000000e+000
3.430066e+001 -9.907726e+001 0.000000e+000
3.432461e+001 -9.905410e+001 0.000000e+000
3.434855e+001 -9.903093e+001 0.000000e+000
3.437250e+001 -9.900777e+001 0.000000e+000
3.439645e+001 -9.898460e+001 0.000000e+000
3.442040e+001 -9.896144e+001 0.000000e+000
3.444434e+001 -9.893827e+001 0.000000e+000
3.446829e+001 -9.891511e+001 0.000000e+000
3.449224e+001 -9.889195e+001 0.000000e+000
3.451618e+001 -9.886878e+001 0.000000e+000
3.454013e+001 -9.884562e+001 0.000000e+000
3.456408e+001 -9.882245e+001 0.000000e+000
3.458803e+001 -9.879929e+001 0.000000e+000
3.461197e+001 -9.877612e+001 0.000000e+000
3.463592e+001 -9.875296e+001 0.000000e+000
3.465987e+001 -9.872979e+001 0.000000e+000
3.468381e+001 -9.870663e+001 0.000000e+000
3.470776e+001 -9.868346e+001 0.000000e+000
3.473171e+001 -9.866030e+001 0.000000e+000
3.475566e+001 -9.863713e+001 0.000000e+000
3.477960e+001 -9.861397e+001 0.000000e+000
3.480355e+001 -9.859080e+001 0.000000e+000
3.482750e+001 -9.856764e+001 0.000000e+000
3.485144e+001 -9.854447e+001 0.000000e+000
3.487539e+001 -9.852131e+001 0.000000e+000
3.489934e+001 -9.849814e+001 0.000000e+000
3.492329e+001 -9.847498e+001 0.000000e+000
3.494723e+001 -9.845181e+001 0.000000e+000
3.497118e+001 -9.842865e+001 0.000000e+000
3.499513e+001 -9.840548e+001 0.000000e+000
3.501907e+001 -9.838232e+001 0.000000e+000
3.504302e+001 -9.835915e+001 0.000000e+000
3.506697e+001 -9.833599e+001 0.000000e+000
3.509091e+001 -9.831282e+001 0.000000e+000
3.511486e+001 -9.828966e+001 0.000000e+000
3.513881e+001 -9.826649e+001 0.000000e+000
3.516276e+001 -9.824333e+001 0.000000e+000
3.518670e+001 -9.822017e+001 0.000000e+000
3.521065e+001 -9.819700e+001 0.000000e+000
3.523460e+001 -9.817384e+001 0.000000e+000
3.525854e+001 -9.815067e+001 0.000000e+000
3.528249e+001 -9.812751e+001 0.000000e+000
3.530644e+001 -9.810434e+001 0.000000e+000
3.533039e+001 -9.808118e+001 0.000000e+000
3.535433e+001 -9.805801e+001 0.000000e+000
3.537828e+001 -9.803485e+001 0.000000e+000
3.540223e+001 -9.801168e+001 0.000000e+000
3.542617e+001 -9.798852e+001 0.000000e+000
3.545012e+001 -9.796535e+001 0.000000e+000
3.547247e+001 -9.794064e+001 0.000000e+000
3.549481e+001 -9.791592e+001 0.000000e+000
3.551716e+001 -9.789121e+001 0.000000e+000
3.553950e+001 -9.786650e+001 0.000000e+000
3.556185e+001 -9.784178e+001 0.000000e+000
3.558419e+001 -9.781707e+001 0.000000e+000
3.560654e+001 -9.779235e+001 0.000000e+000
3.562888e+001 -9.776764e+001 0.000000e+000
3.565123e+001 -9.774293e+001 0.000000e+000
3.567357e+001 -9.771821e+001 0.000000e+000
3.569591e+001 -9.769350e+001 0.000000e+000
3.571826e+001 -9.766878e+001 0.000000e+000
3.574060e+001 -9.764407e+001 0.000000e+000
3.576295e+001 -9.761936e+001 0.000000e+000
3.578529e+001 -9.759464e+001 0.000000e+000
3.580764e+001 -9.756993e+001 0.000000e+000
3.582998e+001 -9.754521e+001 0.000000e+000
3.585233e+001 -9.752050e+001 0.000000e+000
3.587467e+001 -9.749579e+001 0.000000e+000
3.589702e+001 -9.747107e+001 0.000000e+000
3.591936e+001 -9.744636e+001 0.000000e+000
3.594171e+001 -9.742164e+001 0.000000e+000
3.596405e+001 -9.739693e+001 0.000000e+000
3.598640e+001 -9.737222e+001 0.000000e+000
3.600874e+001 -9.734750e+001 0.000000e+000
3.603109e+001 -9.732279e+001 0.000000e+000
3.605343e+001 -9.729807e+001 0.000000e+000
3.607578e+001 -9.727336e+001 0.000000e+000
3.609812e+001 -9.724865e+001 0.000000e+000
3.612047e+001 -9.722393e+001 0.000000e+000
3.614281e+001 -9.719922e+001 0.000000e+000
3.616516e+001 -9.717450e+001 0.000000e+000
3.618750e+001 -9.714979e+001 0.000000e+000
3.620985e+001 -9.712508e+001 0.000000e+000
3.623219e+001 -9.710036e+001 0.000000e+000
3.625454e+001 -9.707565e+001 0.000000e+000
3.627688e+001 -9.705093e+001 0.000000e+000
3.629923e+001 -9.702622e+001 0.000000e+000
3.632157e+001 -9.700151e+001 0.000000e+000
3.634391e+001 -9.697679e+001 0.000000e+000
3.636626e+001 -9.695208e+001 0.000000e+000
3.638860e+001 -9.692736e+001 0.000000e+000
3.641095e+001 -9.690265e+001 0.000000e+000
3.643329e+001 -9.687794e+001 0.000000e+000
3.645564e+001 -9.685322e+001 0.000000e+000
3.647798e+001 -9.682851e+001 0.000000e+000
3.650033e+001 -9.680379e+001 0.000000e+000
3.652267e+001 -9.677908e+001 0.000000e+000
3.654502e+001 -9.675437e+001 0.000000e+000
3.656736e+001 -9.672965e+001 0.000000e+000
3.658971e+001 -9.670494e+001 0.000000e+000
3.661205e+001 -9.668022e+001 0.000000e+000
3.663440e+001 -9.665551e+001 0.000000e+000
3.665674e+001 -9.663080e+001 0.000000e+000
3.667909e+001 -9.660608e+001 0.000000e+000
3.670143e+001 -9.658137e+001 0.000000e+000
3.672378e+001 -9.655665e+001 0.000000e+000
3.674612e+001 -9.653194e+001 0.000000e+000
3.676847e+001 -9.650723e+001 0.000000e+000
3.679081e+001 -9.648251e+001 0.000000e+000
3.681316e+001 -9.645780e+001 0.000000e+000
3.683550e+001 -9.643308e+001 0.000000e+000
3.685785e+001 -9.640837e+001 0.000000e+000
3.688019e+001 -9.638366e+001 0.000000e+000
3.690254e+001 -9.635894e+001 0.000000e+000
3.692488e+001 -9.633423e+001 0.000000e+000
3.694723e+001 -9.630951e+001 0.000000e+000
3.696957e+001 -9.628480e+001 0.000000e+000
3.699191e+001 -9.626008e+001 0.000000e+000
3.701426e+001 -9.623537e+001 0.000000e+000
3.703660e+001 -9.621066e+001 0.000000e+000
3.705895e+001 -9.618594e+001 0.000000e+000
3.708129e+001 -9.616123e+001 0.000000e+000
3.710364e+001 -9.613651e+001 0.000000e+000
3.712598e+001 -9.611180e+001 0.000000e+000
3.714833e+001 -9.608709e+001 0.000000e+000
3.717067e+001 -9.606237e+001 0.000000e+000
3.719302e+001 -9.603766e+001 0.000000e+000
3.721536e+001 -9.601294e+001 0.000000e+000
3.723771e+001 -9.598823e+001 0.000000e+000
3.726005e+001 -9.596352e+001 0.000000e+000
3.728240e+001 -9.593880e+001 0.000000e+000
3.730474e+001 -9.591409e+001 0.000000e+000
3.732709e+001 -9.588937e+001 0.000000e+000
3.734943e+001 -9.586466e+001 0.000000e+000
3.737178e+001 -9.583995e+001 0.000000e+000
3.739412e+001 -9.581523e+001 0.000000e+000
3.741647e+001 -9.579052e+001 0.000000e+000
3.743881e+001 -9.576580e+001 0.000000e+000
3.746116e+001 -9.574109e+001 0.000000e+000
3.748350e+001 -9.571638e+001 0.000000e+000
3.750585e+001 -9.569166e+001 0.000000e+000
3.752819e+001 -9.566695e+001 0.000000e+000
3.755054e+001 -9.564223e+001 0.000000e+000
3.757288e+001 -9.561752e+001 0.000000e+000
3.759523e+001 -9.559281e+001 0.000000e+000
3.761757e+001 -9.556809e+001 0.000000e+000
3.763991e+001 -9.554338e+001 0.000000e+000
3.766226e+001 -9.551866e+001 0.000000e+000
3.768284e+001 -9.549259e+001 0.000000e+000
3.770343e+001 -9.546652e+001 0.000000e+000
3.772401e+001 -9.544045e+001 0.000000e+000
3.774459e+001 -9.541438e+001 0.000000e+000
3.776517e+001 -9.538831e+001 0.000000e+000
3.778576e+001 -9.536224e+001 0.000000e+000
3.780634e+001 -9.533617e+001 0.000000e+000
3.782692e+001 -9.531009e+001 0.000000e+000
3.784750e+001 -9.528402e+001 0.000000e+000
3.786809e+001 -9.525795e+001 0.000000e+000
3.788867e+001 -9.523188e+001 0.000000e+000
3.790925e+001 -9.520581e+001 0.000000e+000
3.792983e+001 -9.517974e+001 0.000000e+000
3.795042e+001 -9.515367e+001 0.000000e+000
3.797100e+001 -9.512759e+001 0.000000e+000
3.799158e+001 -9.510152e+001 0.000000e+000
3.801216e+001 -9.507545e+001 0.000000e+000
3.803275e+001 -9.504938e+001 0.000000e+000
3.805333e+001 -9.502331e+001 0.000000e+000
3.807391e+001 -9.499724e+001 0.000000e+000
3.809450e+001 -9.497117e+001 0.000000e+000
3.811508e+001 -9.494510e+001 0.000000e+000
3.813566e+001 -9.491902e+001 0.000000e+000
3.815624e+001 -9.489295e+001 0.000000e+000
3.817683e+001 -9.486688e+001 0.000000e+000
3.819741e+001 -9.484081e+001 0.000000e+000
3.821799e+001 -9.481474e+001 0.000000e+000
3.823857e+001 -9.478867e+001 0.000000e+000
3.825916e+001 -9.476260e+001 0.000000e+000
3.827974e+001 -9.473653e+001 0.000000e+000
3.830032e+001 -9.471045e+001 0.000000e+000
3.832090e+001 -9.468438e+001 0.000000e+000
3.834149e+001 -9.465831e+001 0.000000e+000
3.836207e+001 -9.463224e+001 0.000000e+000
3.838265e+001 -9.460617e+001 0.000000e+000
3.840324e+001 -9.458010e+001 0.000000e+000
3.842382e+001 -9.455403e+001 0.000000e+000
3.844440e+001 -9.452795e+001 0.000000e+000
3.846498e+001 -9.450188e+001 0.000000e+000
3.848557e+001 -9.447581e+001 0.000000e+000
3.850615e+001 -9.444974e+001 0.000000e+000
3.852673e+001 -9.442367e+001 0.000000e+000
3.854731e+001 -9.439760e+001 0.000000e+000
3.856790e+001 -9.437153e+001 0.000000e+000
3.858848e+001 -9.434546e+001 0.000000e+000
3.860906e+001 -9.431938e+001 0.000000e+000
3.862964e+001 -9.429331e+001 0.000000e+000
3.865023e+001 -9.426724e+001 0.000000e+000
3.867081e+001 -9.424117e+001 0.000000e+000
3.869139e+001 -9.421510e+001 0.000000e+000
3.871198e+001 -9.418903e+001 0.000000e+000
3.873256e+001 -9.416296e+001 0.000000e+000
3.875314e+001 -9.413689e+001 0.000000e+000
3.877372e+001 -9.411081e+001 0.000000e+000
3.879431e+001 -9.408474e+001 0.000000e+000
3.881489e+001 -9.405867e+001 0.000000e+000
3.883547e+001 -9.403260e+001 0.000000e+000
3.885605e+001 -9.400653e+001 0.000000e+000
3.887664e+001 -9.398046e+001 0.000000e+000
3.889722e+001 -9.395439e+001 0.000000e+000
3.891780e+001 -9.392831e+001 0.000000e+000
3.893838e+001 -9.390224e+001 0.000000e+000
3.895897e+001 -9.387617e+001 0.000000e+000
3.897955e+001 -9.385010e+001 0.000000e+000
3.900013e+001 -9.382403e+001 0.000000e+000
3.902072e+001 -9.379796e+001 0.000000e+000
3.904130e+001 -9.377189e+001 0.000000e+000
3.906188e+001 -9.374582e+001 0.000000e+000
3.908246e+001 -9.371974e+001 0.000000e+000
3.910305e+001 -9.369367e+001 0.000000e+000
3.912363e+001 -9.366760e+001 0.000000e+000
3.914421e+001 -9.364153e+001 0.000000e+000
3.916479e+001 -9.361546e+001 0.000000e+000
3.918538e+001 -9.358939e+001 0.000000e+000
3.920596e+001 -9.356332e+001 0.000000e+000
3.922654e+001 -9.353724e+001 0.000000e+000
3.924712e+001 -9.351117e+001 0.000000e+000
3.926771e+001 -9.348510e+001 0.000000e+000
3.928829e+001 -9.345903e+001 0.000000e+000
3.930887e+001 -9.343296e+001 0.000000e+000
3.932945e+001 -9.340689e+001 0.000000e+000
3.935004e+001 -9.338082e+001 0.000000e+000
3.937062e+001 -9.335475e+001 0.000000e+000
3.939120e+001 -9.332867e+001 0.000000e+000
3.941179e+001 -9.330260e+001 0.000000e+000
3.943237e+001 -9.327653e+001 0.000000e+000
3.945295e+001 -9.325046e+001 0.000000e+000
3.947353e+001 -9.322439e+001 0.000000e+000
3.949412e+001 -9.319832e+001 0.000000e+000
3.951470e+001 -9.317225e+001 0.000000e+000
3.953528e+001 -9.314618e+001 0.000000e+000
3.955586e+001 -9.312010e+001 0.000000e+000
3.957645e+001 -9.309403e+001 0.000000e+000
3.959703e+001 -9.306796e+001 0.000000e+000
3.961761e+001 -9.304189e+001 0.000000e+000
3.963819e+001 -9.301582e+001 0.000000e+000
3.965878e+001 -9.298975e+001 0.000000e+000
3.967936e+001 -9.296368e+001 0.000000e+000
3.969994e+001 -9.293760e+001 0.000000e+000
3.971880e+001 -9.291013e+001 0.000000e+000
3.973765e+001 -9.288266e+001 0.000000e+000
3.975650e+001 -9.285519e+001 0.000000e+000
3.977536e+001 -9.282772e+001 0.000000e+000
3.979421e+001 -9.280025e+001 0.000000e+000
3.981306e+001 -9.277278e+001 0.000000e+000
3.983192e+001 -9.274531e+001 0.000000e+000
3.985077e+001 -9.271784e+001 0.000000e+000
3.986962e+001 -9.269037e+001 0.000000e+000
3.988848e+001 -9.266290e+001 0.000000e+000
3.990733e+001 -9.263543e+001 0.000000e+000
3.992618e+001 -9.260796e+001 0.000000e+000
3.994504e+001 -9.258049e+001 0.000000e+000
3.996389e+001 -9.255302e+001 0.000000e+000
3.998274e+001 -9.252555e+001 0.000000e+000
4.000160e+001 -9.249808e+001 0.000000e+000
4.002045e+001 -9.247061e+001 0.000000e+000
4.003930e+001 -9.244314e+001 0.000000e+000
4.005816e+001 -9.241567e+001 0.000000e+000
4.007701e+001 -9.238820e+001 0.000000e+000
4.009587e+001 -9.236073e+001 0.000000e+000
4.011472e+001 -9.233326e+001 0.000000e+000
4.013357e+001 -9.230579e+001 0.000000e+000
4.015243e+001 -9.227832e+001 0.000000e+000
4.017128e+001 -9.225085e+001 0.000000e+000
4.019013e+001 -9.222338e+001 0.000000e+000
4.020899e+001 -9.219590e+001 0.000000e+000
4.022784e+001 -9.216843e+001 0.000000e+000
4.024669e+001 -9.214096e+001 0.000000e+000
4.026555e+001 -9.211349e+001 0.000000e+000
4.028440e+001 -9.208602e+001 0.000000e+000
4.030325e+001 -9.205855e+001 0.000000e+000
4.032211e+001 -9.203108e+001 0.000000e+000
4.034096e+001 -9.200361e+001 0.000000e+000
4.035981e+001 -9.197614e+001 0.000000e+000
4.037867e+001 -9.194867e+001 0.000000e+000
4.039752e+001 -9.192120e+001 0.000000e+000
4.041637e+001 -9.189373e+001 0.000000e+000
4.043523e+001 -9.186626e+001 0.000000e+000
4.045408e+001 -9.183879e+001 0.000000e+000
4.047293e+001 -9.181132e+001 0.000000e+000
4.049179e+001 -9.178385e+001 0.000000e+000
4.051064e+001 -9.175638e+001 0.000000e+000
4.052949e+001 -9.172891e+001 0.000000e+000
4.054835e+001 -9.170144e+001 0.000000e+000
4.056720e+001 -9.167397e+001 0.000000e+000
4.058606e+001 -9.164650e+001 0.000000e+000
4.060491e+001 -9.161903e+001 0.000000e+000
4.062376e+001 -9.159156e+001 0.000000e+000
4.064262e+001 -9.156409e+001 0.000000e+000
4.066147e+001 -9.153662e+001 0.000000e+000
4.068032e+001 -9.150915e+001 0.000000e+000
4.069918e+001 -9.148168e+001 0.000000e+000
4.071803e+001 -9.145420e+001 0.000000e+000
4.073688e+001 -9.142673e+001 0.000000e+000
4.075574e+001 -9.139926e+001 0.000000e+000
4.077459e+001 -9.137179e+001 0.000000e+000
4.079344e+001 -9.134432e+001 0.000000e+000
4.081230e+001 -9.131685e+001 0.000000e+000
4.083115e+001 -9.128938e+001 0.000000e+000
4.085000e+001 -9.126191e+001 0.000000e+000
4.086886e+001 -9.123444e+001 0.000000e+000
4.088771e+001 -9.120697e+001 0.000000e+000
4.090656e+001 -9.117950e+001 0.000000e+000
4.092542e+001 -9.115203e+001 0.000000e+000
4.094427e+001 -9.112456e+001 0.000000e+000
4.096312e+001 -9.109709e+001 0.000000e+000
4.098198e+001 -9.106962e+001 0.000000e+000
4.100083e+001 -9.104215e+001 0.000000e+000
4.101968e+001 -9.101468e+001 0.000000e+000
4.103854e+001 -9.098721e+001 0.000000e+000
4.105739e+001 -9.095974e+001 0.000000e+000
4.107625e+001 -9.093227e+001 0.000000e+000
4.109510e+001 -9.090480e+001 0.000000e+000
4.111395e+001 -9.087733e+001 0.000000e+000
4.113281e+001 -9.084986e+001 0.000000e+000
4.115166e+001 -9.082239e+001 0.000000e+000
4.117051e+001 -9.079492e+001 0.000000e+000
4.118937e+001 -9.076745e+001 0.000000e+000
4.120822e+001 -9.073998e+001 0.000000e+000
4.122707e+001 -9.071251e+001 0.000000e+000
4.124593e+001 -9.068503e+001 0.000000e+000
4.126478e+001 -9.065756e+001 0.000000e+000
4.128363e+001 -9.063009e+001 0.000000e+000
4.130249e+001 -9.060262e+001 0.000000e+000
4.132134e+001 -9.057515e+001 0.000000e+000
4.134019e+001 -9.054768e+001 0.000000e+000
4.135905e+001 -9.052021e+001 0.000000e+000
4.137790e+001 -9.049274e+001 0.000000e+000
4.139675e+001 -9.046527e+001 0.000000e+000
4.141561e+001 -9.043780e+001 0.000000e+000
4.143446e+001 -9.041033e+001 0.000000e+000
4.145331e+001 -9.038286e+001 0.000000e+000
4.147217e+001 -9.035539e+001 0.000000e+000
4.149102e+001 -9.032792e+001 0.000000e+000
4.150987e+001 -9.030045e+001 0.000000e+000
4.152873e+001 -9.027298e+001 0.000000e+000
4.154758e+001 -9.024551e+001 0.000000e+000
4.156644e+001 -9.021804e+001 0.000000e+000
4.158336e+001 -9.018946e+001 0.000000e+000
4.160029e+001 -9.016088e+001 0.000000e+000
4.161721e+001 -9.013230e+001 0.000000e+000
4.163414e+001 -9.010372e+001 0.000000e+000
4.165107e+001 -9.007513e+001 0.000000e+000
4.166799e+001 -9.004655e+001 0.000000e+000
4.168492e+001 -9.001797e+001 0.000000e+000
4.170184e+001 -8.998939e+001 0.000000e+000
4.171877e+001 -8.996081e+001 0.000000e+000
4.173570e+001 -8.993223e+001 0.000000e+000
4.175262e+001 -8.990365e+001 0.000000e+000
4.176955e+001 -8.987507e+001 0.000000e+000
4.178648e+001 -8.984649e+001 0.000000e+000
4.180340e+001 -8.981791e+001 0.000000e+000
4.182033e+001 -8.978933e+001 0.000000e+000
4.183725e+001 -8.976075e+001 0.000000e+000
4.185418e+001 -8.973216e+001 0.000000e+000
4.187111e+001 -8.970358e+001 0.000000e+000
4.188803e+001 -8.967500e+001 0.000000e+000
4.190496e+001 -8.964642e+001 0.000000e+000
4.192188e+001 -8.961784e+001 0.000000e+000
4.193881e+001 -8.958926e+001 0.000000e+000
4.195574e+001 -8.956068e+001 0.000000e+000
4.197266e+001 -8.953210e+001 0.000000e+000
4.198959e+001 -8.950352e+001 0.000000e+000
4.200652e+001 -8.947494e+001 0.000000e+000
4.202344e+001 -8.944636e+001 0.000000e+000
4.204037e+001 -8.941778e+001 0.000000e+000
4.205729e+001 -8.938919e+001 0.000000e+000
4.207422e+001 -8.936061e+001 0.000000e+000
4.209115e+001 -8.933203e+001 0.000000e+000
4.210807e+001 -8.930345e+001 0.000000e+000
4.212500e+001 -8.927487e+001 0.000000e+000
4.214193e+001 -8.924629e+001 0.000000e+000
4.215885e+001 -8.921771e+001 0.000000e+000
4.217578e+001 -8.918913e+001 0.000000e+000
4.219270e+001 -8.916055e+001 0.000000e+000
4.220963e+001 -8.913197e+001 0.000000e+000
4.222656e+001 -8.910339e+001 0.000000e+000
4.224348e+001 -8.907481e+001 0.000000e+000
4.226041e+001 -8.904622e+001 0.000000e+000
4.227733e+001 -8.901764e+001 0.000000e+000
4.229426e+001 -8.898906e+001 0.000000e+000
4.231119e+001 -8.896048e+001 0.000000e+000
4.232811e+001 -8.893190e+001 0.000000e+000
4.234504e+001 -8.890332e+001 0.000000e+000
4.236197e+001 -8.887474e+001 0.000000e+000
4.237889e+001 -8.884616e+001 0.000000e+000
4.239582e+001 -8.881758e+001 0.000000e+000
4.241274e+001 -8.878900e+001 0.000000e+000
4.242967e+001 -8.876042e+001 0.000000e+000
4.244660e+001 -8.873184e+001 0.000000e+000
4.246352e+001 -8.870326e+001 0.000000e+000
4.248045e+001 -8.867467e+001 0.000000e+000
4.249738e+001 -8.864609e+001 0.000000e+000
4.251430e+001 -8.861751e+001 0.000000e+000
4.253123e+001 -8.858893e+001 0.000000e+000
4.254815e+001 -8.856035e+001 0.000000e+000
4.256508e+001 -8.853177e+001 0.000000e+000
4.258201e+001 -8.850319e+001 0.000000e+000
4.259893e+001 -8.847461e+001 0.000000e+000
4.261586e+001 -8.844603e+001 0.000000e+000
4.263278e+001 -8.841745e+001 0.000000e+000
4.264971e+001 -8.838887e+001 0.000000e+000
4.266664e+001 -8.836029e+001 0.000000e+000
4.268356e+001 -8.833170e+001 0.000000e+000
4.270049e+001 -8.830312e+001 0.000000e+000
4.271742e+001 -8.827454e+001 0.000000e+000
4.273434e+001 -8.824596e+001 0.000000e+000
4.275127e+001 -8.821738e+001 0.000000e+000
4.276819e+001 -8.818880e+001 0.000000e+000
4.278512e+001 -8.816022e+001 0.000000e+000
4.280205e+001 -8.813164e+001 0.000000e+000
4.281897e+001 -8.810306e+001 0.000000e+000
4.283590e+001 -8.807448e+001 0.000000e+000
4.285282e+001 -8.804590e+001 0.000000e+000
4.286975e+001 -8.801732e+001 0.000000e+000
4.288668e+001 -8.798873e+001 0.000000e+000
4.290360e+001 -8.796015e+001 0.000000e+000
4.292053e+001 -8.793157e+001 0.000000e+000
4.293746e+001 -8.790299e+001 0.000000e+000
4.295438e+001 -8.787441e+001 0.000000e+000
4.297131e+001 -8.784583e+001 0.000000e+000
4.298823e+001 -8.781725e+001 0.000000e+000
4.300516e+001 -8.778867e+001 0.000000e+000
4.302209e+001 -8.776009e+001 0.000000e+000
4.303901e+001 -8.773151e+001 0.000000e+000
4.305594e+001 -8.770293e+001 0.000000e+000
4.307287e+001 -8.767435e+001 0.000000e+000
4.308979e+001 -8.764576e+001 0.000000e+000
4.310672e+001 -8.761718e+001 0.000000e+000
4.312364e+001 -8.758860e+001 0.000000e+000
4.314057e+001 -8.756002e+001 0.000000e+000
4.315750e+001 -8.753144e+001 0.000000e+000
4.317442e+001 -8.750286e+001 0.000000e+000
4.319135e+001 -8.747428e+001 0.000000e+000
4.320827e+001 -8.744570e+001 0.000000e+000
4.322520e+001 -8.741712e+001 0.000000e+000
4.324213e+001 -8.738854e+001 0.000000e+000
4.325871e+001 -8.735541e+001 0.000000e+000
4.327530e+001 -8.732227e+001 0.000000e+000
4.329188e+001 -8.728914e+001 0.000000e+000
4.330847e+001 -8.725601e+001 0.000000e+000
4.332506e+001 -8.722288e+001 0.000000e+000
4.334164e+001 -8.718974e+001 0.000000e+000
4.335823e+001 -8.715661e+001 0.000000e+000
4.337481e+001 -8.712348e+001 0.000000e+000
4.339140e+001 -8.709035e+001 0.000000e+000
4.340799e+001 -8.705722e+001 0.000000e+000
4.342457e+001 -8.702408e+001 0.000000e+000
4.344116e+001 -8.699095e+001 0.000000e+000
4.345774e+001 -8.695782e+001 0.000000e+000
4.347433e+001 -8.692469e+001 0.000000e+000
4.349092e+001 -8.689155e+001 0.000000e+000
4.350750e+001 -8.685842e+001 0.000000e+000
4.352409e+001 -8.682529e+001 0.000000e+000
4.354067e+001 -8.679216e+001 0.000000e+000
4.355726e+001 -8.675903e+001 0.000000e+000
4.357384e+001 -8.672589e+001 0.000000e+000
4.359043e+001 -8.669276e+001 0.000000e+000
4.360702e+001 -8.665963e+001 0.000000e+000
4.362360e+001 -8.662650e+001 0.000000e+000
4.364019e+001 -8.659336e+001 0.000000e+000
4.365677e+001 -8.656023e+001 0.000000e+000
4.367336e+001 -8.652710e+001 0.000000e+000
4.368995e+001 -8.649397e+001 0.000000e+000
4.370653e+001 -8.646084e+001 0.000000e+000
4.372312e+001 -8.642770e+001 0.000000e+000
4.373970e+001 -8.639457e+001 0.000000e+000
4.375629e+001 -8.636144e+001 0.000000e+000
4.377287e+001 -8.632831e+001 0.000000e+000
4.378946e+001 -8.629517e+001 0.000000e+000
4.380605e+001 -8.626204e+001 0.000000e+000
4.382263e+001 -8.622891e+001 0.000000e+000
4.383922e+001 -8.619578e+001 0.000000e+000
4.385580e+001 -8.616265e+001 0.000000e+000
4.387239e+001 -8.612951e+001 0.000000e+000
4.388898e+001 -8.609638e+001 0.000000e+000
4.390556e+001 -8.606325e+001 0.000000e+000
4.392215e+001 -8.603012e+001 0.000000e+000
4.393873e+001 -8.599699e+001 0.000000e+000
4.395532e+001 -8.596385e+001 0.000000e+000
4.397191e+001 -8.593072e+001 0.000000e+000
4.398849e+001 -8.589759e+001 0.000000e+000
4.400508e+001 -8.586446e+001 0.000000e+000
4.402166e+001 -8.583132e+001 0.000000e+000
4.403825e+001 -8.579819e+001 0.000000e+000
4.405483e+001 -8.576506e+001 0.000000e+000
4.407142e+001 -8.573193e+001 0.000000e+000
4.408801e+001 -8.569880e+001 0.000000e+000
4.410459e+001 -8.566566e+001 0.000000e+000
4.412118e+001 -8.563253e+001 0.000000e+000
4.413776e+001 -8.559940e+001 0.000000e+000
4.415435e+001 -8.556627e+001 0.000000e+000
4.417094e+001 -8.553313e+001 0.000000e+000
4.418752e+001 -8.550000e+001 0.000000e+000
4.420411e+001 -8.546687e+001 0.000000e+000
4.422069e+001 -8.543374e+001 0.000000e+000
4.423728e+001 -8.540061e+001 0.000000e+000
4.425387e+001 -8.536747e+001 0.000000e+000
4.427045e+001 -8.533434e+001 0.000000e+000
4.428704e+001 -8.530121e+001 0.000000e+000
4.430362e+001 -8.526808e+001 0.000000e+000
4.432021e+001 -8.523494e+001 0.000000e+000
4.433679e+001 -8.520181e+001 0.000000e+000
4.435338e+001 -8.516868e+001 0.000000e+000
4.436997e+001 -8.513555e+001 0.000000e+000
4.438655e+001 -8.510242e+001 0.000000e+000
4.440314e+001 -8.506928e+001 0.000000e+000
4.441972e+001 -8.503615e+001 0.000000e+000
4.443631e+001 -8.500302e+001 0.000000e+000
4.445290e+001 -8.496989e+001 0.000000e+000
4.446948e+001 -8.493675e+001 0.000000e+000
4.448607e+001 -8.490362e+001 0.000000e+000
4.450265e+001 -8.487049e+001 0.000000e+000
4.451924e+001 -8.483736e+001 0.000000e+000
4.453582e+001 -8.480423e+001 0.000000e+000
4.455241e+001 -8.477109e+001 0.000000e+000
4.456900e+001 -8.473796e+001 0.000000e+000
4.458558e+001 -8.470483e+001 0.000000e+000
4.460217e+001 -8.467170e+001 0.000000e+000
4.461875e+001 -8.463857e+001 0.000000e+000
4.463534e+001 -8.460543e+001 0.000000e+000
4.465193e+001 -8.457230e+001 0.000000e+000
4.466851e+001 -8.453917e+001 0.000000e+000
4.468510e+001 -8.450604e+001 0.000000e+000
4.470168e+001 -8.447290e+001 0.000000e+000
4.471827e+001 -8.443977e+001 0.000000e+000
4.473486e+001 -8.440664e+001 0.000000e+000
4.475144e+001 -8.437351e+001 0.000000e+000
4.476803e+001 -8.434038e+001 0.000000e+000
4.478461e+001 -8.430724e+001 0.000000e+000
4.480120e+001 -8.427411e+001 0.000000e+000
4.481778e+001 -8.424098e+001 0.000000e+000
4.483437e+001 -8.420785e+001 0.000000e+000
4.485096e+001 -8.417471e+001 0.000000e+000
4.486754e+001 -8.414158e+001 0.000000e+000
4.488413e+001 -8.410845e+001 0.000000e+000
4.489817e+001 -8.407427e+001 0.000000e+000
4.491221e+001 -8.404009e+001 0.000000e+000
4.492625e+001 -8.400591e+001 0.000000e+000
4.494030e+001 -8.397174e+001 0.000000e+000
4.495434e+001 -8.393756e+001 0.000000e+000
4.496838e+001 -8.390338e+001 0.000000e+000
4.498242e+001 -8.386920e+001 0.000000e+000
4.499646e+001 -8.383502e+001 0.000000e+000
4.501051e+001 -8.380084e+001 0.000000e+000
4.502455e+001 -8.376666e+001 0.000000e+000
4.503859e+001 -8.373248e+001 0.000000e+000
4.505263e+001 -8.369831e+001 0.000000e+000
4.506668e+001 -8.366413e+001 0.000000e+000
4.508072e+001 -8.362995e+001 0.000000e+000
4.509476e+001 -8.359577e+001 0.000000e+000
4.510880e+001 -8.356159e+001 0.000000e+000
4.512284e+001 -8.352741e+001 0.000000e+000
4.513689e+001 -8.349323e+001 0.000000e+000
4.515093e+001 -8.345905e+001 0.000000e+000
4.516497e+001 -8.342488e+001 0.000000e+000
4.517901e+001 -8.339070e+001 0.000000e+000
4.519305e+001 -8.335652e+001 0.000000e+000
4.520710e+001 -8.332234e+001 0.000000e+000
4.522114e+001 -8.328816e+001 0.000000e+000
4.523518e+001 -8.325398e+001 0.000000e+000
4.524922e+001 -8.321980e+001 0.000000e+000
4.526326e+001 -8.318562e+001 0.000000e+000
4.527731e+001 -8.315145e+001 0.000000e+000
4.529135e+001 -8.311727e+001 0.000000e+000
4.530539e+001 -8.308309e+001 0.000000e+000
4.531943e+001 -8.304891e+001 0.000000e+000
4.533347e+001 -8.301473e+001 0.000000e+000
4.534752e+001 -8.298055e+001 0.000000e+000
4.536156e+001 -8.294637e+001 0.000000e+000
4.537560e+001 -8.291219e+001 0.000000e+000
4.538964e+001 -8.287802e+001 0.000000e+000
4.540368e+001 -8.284384e+001 0.000000e+000
4.541773e+001 -8.280966e+001 0.000000e+000
4.543177e+001 -8.277548e+001 0.000000e+000
4.544581e+001 -8.274130e+001 0.000000e+000
4.545985e+001 -8.270712e+001 0.000000e+000
4.547390e+001 -8.267294e+001 0.000000e+000
4.548794e+001 -8.263876e+001 0.000000e+000
4.550198e+001 -8.260459e+001 0.000000e+000
4.551602e+001 -8.257041e+001 0.000000e+000
4.553006e+001 -8.253623e+001 0.000000e+000
4.554411e+001 -8.250205e+001 0.000000e+000
4.555815e+001 -8.246787e+001 0.000000e+000
4.557219e+001 -8.243369e+001 0.000000e+000
4.558623e+001 -8.239951e+001 0.000000e+000
4.560027e+001 -8.236533e+001 0.000000e+000
4.561432e+001 -8.233116e+001 0.000000e+000
4.562836e+001 -8.229698e+001 0.000000e+000
4.564240e+001 -8.226280e+001 0.000000e+000
4.565644e+001 -8.222862e+001 0.000000e+000
4.567048e+001 -8.219444e+001 0.000000e+000
4.568453e+001 -8.216026e+001 0.000000e+000
4.569857e+001 -8.212608e+001 0.000000e+000
4.571261e+001 -8.209191e+001 0.000000e+000
4.572665e+001 -8.205773e+001 0.000000e+000
4.574069e+001 -8.202355e+001 0.000000e+000
4.575474e+001 -8.198937e+001 0.000000e+000
4.576878e+001 -8.195519e+001 0.000000e+000
4.578282e+001 -8.192101e+001 0.000000e+000
4.579686e+001 -8.188683e+001 0.000000e+000
4.581091e+001 -8.185265e+001 0.000000e+000
4.582495e+001 -8.181848e+001 0.000000e+000
4.583899e+001 -8.178430e+001 0.000000e+000
4.585303e+001 -8.175012e+001 0.000000e+000
4.586707e+001 -8.171594e+001 0.000000e+000
4.588112e+001 -8.168176e+001 0.000000e+000
4.589516e+001 -8.164758e+001 0.000000e+000
4.590920e+001 -8.161340e+001 0.000000e+000
4.592324e+001 -8.157922e+001 0.000000e+000
4.593728e+001 -8.154505e+001 0.000000e+000
4.595133e+001 -8.151087e+001 0.000000e+000
4.596537e+001 -8.147669e+001 0.000000e+000
4.597941e+001 -8.144251e+001 0.000000e+000
4.599345e+001 -8.140833e+001 0.000000e+000
4.600749e+001 -8.137415e+001 0.000000e+000
4.602154e+001 -8.133997e+001 0.000000e+000
4.603558e+001 -8.130579e+001 0.000000e+000
4.604962e+001 -8.127162e+001 0.000000e+000
4.606366e+001 -8.123744e+001 0.000000e+000
4.607770e+001 -8.120326e+001 0.000000e+000
4.609175e+001 -8.116908e+001 0.000000e+000
4.610579e+001 -8.113490e+001 0.000000e+000
4.611983e+001 -8.110072e+001 0.000000e+000
4.613387e+001 -8.106654e+001 0.000000e+000
4.614791e+001 -8.103236e+001 0.000000e+000
4.616196e+001 -8.099819e+001 0.000000e+000
4.617600e+001 -8.096401e+001 0.000000e+000
4.619004e+001 -8.092983e+001 0.000000e+000
4.620408e+001 -8.089565e+001 0.000000e+000
4.621813e+001 -8.086147e+001 0.000000e+000
4.623217e+001 -8.082729e+001 0.000000e+000
4.624621e+001 -8.079311e+001 0.000000e+000
4.626025e+001 -8.075893e+001 0.000000e+000
4.627429e+001 -8.072476e+001 0.000000e+000
4.628576e+001 -8.068963e+001 0.000000e+000
4.629723e+001 -8.065450e+001 0.000000e+000
4.630870e+001 -8.061938e+001 0.000000e+000
4.632017e+001 -8.058425e+001 0.000000e+000
4.633164e+001 -8.054913e+001 0.000000e+000
4.634311e+001 -8.051400e+001 0.000000e+000
4.635458e+001 -8.047888e+001 0.000000e+000
4.636605e+001 -8.044375e+001 0.000000e+000
4.637752e+001 -8.040862e+001 0.000000e+000
4.638899e+001 -8.037350e+001 0.000000e+000
4.640046e+001 -8.033837e+001 0.000000e+000
4.641193e+001 -8.030325e+001 0.000000e+000
4.642340e+001 -8.026812e+001 0.000000e+000
4.643487e+001 -8.023300e+001 0.000000e+000
4.644634e+001 -8.019787e+001 0.000000e+000
4.645781e+001 -8.016274e+001 0.000000e+000
4.646928e+001 -8.012762e+001 0.000000e+000
4.648074e+001 -8.009249e+001 0.000000e+000
4.649221e+001 -8.005737e+001 0.000000e+000
4.650368e+001 -8.002224e+001 0.000000e+000
4.651515e+001 -7.998712e+001 0.000000e+000
4.652662e+001 -7.995199e+001 0.000000e+000
4.653809e+001 -7.991686e+001 0.000000e+000
4.654956e+001 -7.988174e+001 0.000000e+000
4.656103e+001 -7.984661e+001 0.000000e+000
4.657250e+001 -7.981149e+001 0.000000e+000
4.658397e+001 -7.977636e+001 0.000000e+000
4.659544e+001 -7.974124e+001 0.000000e+000
4.660691e+001 -7.970611e+001 0.000000e+000
4.661838e+001 -7.967098e+001 0.000000e+000
4.662985e+001 -7.963586e+001 0.000000e+000
4.664132e+001 -7.960073e+001 0.000000e+000
4.665279e+001 -7.956561e+001 0.000000e+000
4.666426e+001 -7.953048e+001 0.000000e+000
4.667573e+001 -7.949536e+001 0.000000e+000
4.668720e+001 -7.946023e+001 0.000000e+000
4.669867e+001 -7.942510e+001 0.000000e+000
4.671014e+001 -7.938998e+001 0.000000e+000
4.672160e+001 -7.935485e+001 0.000000e+000
4.673307e+001 -7.931973e+001 0.000000e+000
4.674454e+001 -7.928460e+001 0.000000e+000
4.675601e+001 -7.924948e+001 0.000000e+000
4.676748e+001 -7.921435e+001 0.000000e+000
4.677895e+001 -7.917922e+001 0.000000e+000
4.679042e+001 -7.914410e+001 0.000000e+000
4.680189e+001 -7.910897e+001 0.000000e+000
4.681336e+001 -7.907385e+001 0.000000e+000
4.682483e+001 -7.903872e+001 0.000000e+000
4.683630e+001 -7.900360e+001 0.000000e+000
4.684777e+001 -7.896847e+001 0.000000e+000
4.685924e+001 -7.893334e+001 0.000000e+000
4.687071e+001 -7.889822e+001 0.000000e+000
4.688218e+001 -7.886309e+001 0.000000e+000
4.689365e+001 -7.882797e+001 0.000000e+000
4.690512e+001 -7.879284e+001 0.000000e+000
4.691659e+001 -7.875772e+001 0.000000e+000
4.692806e+001 -7.872259e+001 0.000000e+000
4.693953e+001 -7.868746e+001 0.000000e+000
4.695100e+001 -7.865234e+001 0.000000e+000
4.696246e+001 -7.861721e+001 0.000000e+000
4.697393e+001 -7.858209e+001 0.000000e+000
4.698540e+001 -7.854696e+001 0.000000e+000
4.699687e+001 -7.851184e+001 0.000000e+000
4.700834e+001 -7.847671e+001 0.000000e+000
4.701981e+001 -7.844158e+001 0.000000e+000
4.703128e+001 -7.840646e+001 0.000000e+000
4.704275e+001 -7.837133e+001 0.000000e+000
4.705422e+001 -7.833621e+001 0.000000e+000
4.706569e+001 -7.830108e+001 0.000000e+000
4.707716e+001 -7.826596e+001 0.000000e+000
4.708863e+001 -7.823083e+001 0.000000e+000
4.710010e+001 -7.819570e+001 0.000000e+000
4.711157e+001 -7.816058e+001 0.000000e+000
4.712304e+001 -7.812545e+001 0.000000e+000
4.713451e+001 -7.809033e+001 0.000000e+000
4.714598e+001 -7.805520e+001 0.000000e+000
4.715745e+001 -7.802008e+001 0.000000e+000
4.716892e+001 -7.798495e+001 0.000000e+000
4.718039e+001 -7.794982e+001 0.000000e+000
4.719186e+001 -7.791470e+001 0.000000e+000
4.720332e+001 -7.787957e+001 0.000000e+000
4.721479e+001 -7.784445e+001 0.000000e+000
4.722626e+001 -7.780932e+001 0.000000e+000
4.723773e+001 -7.777420e+001 0.000000e+000
4.724920e+001 -7.773907e+001 0.000000e+000
4.726067e+001 -7.770394e+001 0.000000e+000
4.727214e+001 -7.766882e+001 0.000000e+000
4.728361e+001 -7.763369e+001 0.000000e+000
4.729508e+001 -7.759857e+001 0.000000e+000
4.730655e+001 -7.756344e+001 0.000000e+000
4.731802e+001 -7.752832e+001 0.000000e+000
4.732949e+001 -7.749319e+001 0.000000e+000
4.734096e+001 -7.745806e+001 0.000000e+000
4.735243e+001 -7.742294e+001 0.000000e+000
4.736390e+001 -7.738781e+001 0.000000e+000
4.737537e+001 -7.735269e+001 0.000000e+000
4.738684e+001 -7.731756e+001 0.000000e+000
4.739831e+001 -7.728244e+001 0.000000e+000
4.740978e+001 -7.724731e+001 0.000000e+000
4.741861e+001 -7.721143e+001 0.000000e+000
4.742744e+001 -7.717555e+001 0.000000e+000
4.743628e+001 -7.713967e+001 0.000000e+000
4.744511e+001 -7.710379e+001 0.000000e+000
4.745395e+001 -7.706791e+001 0.000000e+000
4.746278e+001 -7.703203e+001 0.000000e+000
4.747161e+001 -7.699615e+001 0.000000e+000
4.748045e+001 -7.696028e+001 0.000000e+000
4.748928e+001 -7.692440e+001 0.000000e+000
4.749811e+001 -7.688852e+001 0.000000e+000
4.750695e+001 -7.685264e+001 0.000000e+000
4.751578e+001 -7.681676e+001 0.000000e+000
4.752462e+001 -7.678088e+001 0.000000e+000
4.753345e+001 -7.674500e+001 0.000000e+000
4.754228e+001 -7.670912e+001 0.000000e+000
4.755112e+001 -7.667324e+001 0.000000e+000
4.755995e+001 -7.663736e+001 0.000000e+000
4.756879e+001 -7.660148e+001 0.000000e+000
4.757762e+001 -7.656560e+001 0.000000e+000
4.758645e+001 -7.652972e+001 0.000000e+000
4.759529e+001 -7.649384e+001 0.000000e+000
4.760412e+001 -7.645796e+001 0.000000e+000
4.761295e+001 -7.642209e+001 0.000000e+000
4.762179e+001 -7.638621e+001 0.000000e+000
4.763062e+001 -7.635033e+001 0.000000e+000
4.763946e+001 -7.631445e+001 0.000000e+000
4.764829e+001 -7.627857e+001 0.000000e+000
4.765712e+001 -7.624269e+001 0.000000e+000
4.766596e+001 -7.620681e+001 0.000000e+000
4.767479e+001 -7.617093e+001 0.000000e+000
4.768363e+001 -7.613505e+001 0.000000e+000
4.769246e+001 -7.609917e+001 0.000000e+000
4.770129e+001 -7.606329e+001 0.000000e+000
4.771013e+001 -7.602741e+001 0.000000e+000
4.771896e+001 -7.599153e+001 0.000000e+000
4.772779e+001 -7.595565e+001 0.000000e+000
4.773663e+001 -7.591977e+001 0.000000e+000
4.774546e+001 -7.588389e+001 0.000000e+000
4.775430e+001 -7.584802e+001 0.000000e+000
4.776313e+001 -7.581214e+001 0.000000e+000
4.777196e+001 -7.577626e+001 0.000000e+000
4.778080e+001 -7.574038e+001 0.000000e+000
4.778963e+001 -7.570450e+001 0.000000e+000
4.779847e+001 -7.566862e+001 0.000000e+000
4.780730e+001 -7.563274e+001 0.000000e+000
4.781613e+001 -7.559686e+001 0.000000e+000
4.782497e+001 -7.556098e+001 0.000000e+000
4.783380e+001 -7.552510e+001 0.000000e+000
4.784263e+001 -7.548922e+001 0.000000e+000
4.785147e+001 -7.545334e+001 0.000000e+000
4.786030e+001 -7.541746e+001 0.000000e+000
4.786914e+001 -7.538158e+001 0.000000e+000
4.787797e+001 -7.534570e+001 0.000000e+000
4.788680e+001 -7.530982e+001 0.000000e+000
4.789564e+001 -7.527395e+001 0.000000e+000
4.790447e+001 -7.523807e+001 0.000000e+000
4.791331e+001 -7.520219e+001 0.000000e+000
4.792214e+001 -7.516631e+001 0.000000e+000
4.793097e+001 -7.513043e+001 0.000000e+000
4.793981e+001 -7.509455e+001 0.000000e+000
4.794864e+001 -7.505867e+001 0.000000e+000
4.795747e+001 -7.502279e+001 0.000000e+000
4.796631e+001 -7.498691e+001 0.000000e+000
4.797514e+001 -7.495103e+001 0.000000e+000
4.798398e+001 -7.491515e+001 0.000000e+000
4.799281e+001 -7.487927e+001 0.000000e+000
4.800164e+001 -7.484339e+001 0.000000e+000
4.801048e+001 -7.480751e+001 0.000000e+000
4.801931e+001 -7.477163e+001 0.000000e+000
4.802815e+001 -7.473575e+001 0.000000e+000
4.803698e+001 -7.469988e+001 0.000000e+000
4.804581e+001 -7.466400e+001 0.000000e+000
4.805465e+001 -7.462812e+001 0.000000e+000
4.806348e+001 -7.459224e+001 0.000000e+000
4.807231e+001 -7.455636e+001 0.000000e+000
4.808115e+001 -7.452048e+001 0.000000e+000
4.808998e+001 -7.448460e+001 0.000000e+000
4.809882e+001 -7.444872e+001 0.000000e+000
4.810765e+001 -7.441284e+001 0.000000e+000
4.811648e+001 -7.437696e+001 0.000000e+000
4.812532e+001 -7.434108e+001 0.000000e+000
4.813415e+001 -7.430520e+001 0.000000e+000
4.814298e+001 -7.426932e+001 0.000000e+000
4.815182e+001 -7.423344e+001 0.000000e+000
4.816065e+001 -7.419756e+001 0.000000e+000
4.816949e+001 -7.416169e+001 0.000000e+000
4.817832e+001 -7.412581e+001 0.000000e+000
4.818715e+001 -7.408993e+001 0.000000e+000
4.819599e+001 -7.405405e+001 0.000000e+000
4.820482e+001 -7.401817e+001 0.000000e+000
4.821366e+001 -7.398229e+001 0.000000e+000
4.822249e+001 -7.394641e+001 0.000000e+000
4.823132e+001 -7.391053e+001 0.000000e+000
4.824016e+001 -7.387465e+001 0.000000e+000
4.824899e+001 -7.383877e+001 0.000000e+000
4.825782e+001 -7.380289e+001 0.000000e+000
4.826666e+001 -7.376701e+001 0.000000e+000
4.827549e+001 -7.373113e+001 0.000000e+000
4.828433e+001 -7.369525e+001 0.000000e+000
4.841277e+001 -7.296810e+001 0.000000e+000
4.854121e+001 -7.224095e+001 0.000000e+000
4.866965e+001 -7.151379e+001 0.000000e+000
4.879809e+001 -7.078664e+001 0.000000e+000
4.892653e+001 -7.005948e+001 0.000000e+000
4.905497e+001 -6.933233e+001 0.000000e+000
4.918341e+001 -6.860517e+001 0.000000e+000
4.931186e+001 -6.787802e+001 0.000000e+000
4.944030e+001 -6.715087e+001 0.000000e+000
4.956874e+001 -6.642371e+001 0.000000e+000
4.969718e+001 -6.569656e+001 0.000000e+000
4.982562e+001 -6.496940e+001 0.000000e+000
4.995406e+001 -6.424225e+001 0.000000e+000
5.008250e+001 -6.351510e+001 0.000000e+000
5.021094e+001 -6.278794e+001 0.000000e+000
5.033938e+001 -6.206079e+001 0.000000e+000
5.046783e+001 -6.133363e+001 0.000000e+000
5.059627e+001 -6.060648e+001 0.000000e+000
5.072471e+001 -5.987933e+001 0.000000e+000
5.085315e+001 -5.915217e+001 0.000000e+000
5.098159e+001 -5.842502e+001 0.000000e+000
5.111003e+001 -5.769786e+001 0.000000e+000
5.123847e+001 -5.697071e+001 0.000000e+000
5.136691e+001 -5.624356e+001 0.000000e+000
5.149536e+001 -5.551640e+001 0.000000e+000
5.162380e+001 -5.478925e+001 0.000000e+000
5.175224e+001 -5.406209e+001 0.000000e+000
5.188068e+001 -5.333494e+001 0.000000e+000
5.200912e+001 -5.260779e+001 0.000000e+000
5.213756e+001 -5.188063e+001 0.000000e+000
5.226600e+001 -5.115348e+001 0.000000e+000
5.239444e+001 -5.042632e+001 0.000000e+000
5.252288e+001 -4.969917e+001 0.000000e+000
5.265133e+001 -4.897201e+001 0.000000e+000
5.277977e+001 -4.824486e+001 0.000000e+000
5.290821e+001 -4.751771e+001 0.000000e+000
5.303665e+001 -4.679055e+001 0.000000e+000
5.316509e+001 -4.606340e+001 0.000000e+000
5.329353e+001 -4.533624e+001 0.000000e+000
5.342197e+001 -4.460909e+001 0.000000e+000
5.355041e+001 -4.388194e+001 0.000000e+000
5.367885e+001 -4.315478e+001 0.000000e+000
5.380730e+001 -4.242763e+001 0.000000e+000
5.393574e+001 -4.170047e+001 0.000000e+000
5.406418e+001 -4.097332e+001 0.000000e+000
5.419262e+001 -4.024617e+001 0.000000e+000
5.432106e+001 -3.951901e+001 0.000000e+000
5.444950e+001 -3.879186e+001 0.000000e+000
5.457794e+001 -3.806470e+001 0.000000e+000
5.470638e+001 -3.733755e+001 0.000000e+000
5.483482e+001 -3.661040e+001 0.000000e+000
5.496327e+001 -3.588324e+001 0.000000e+000
5.509171e+001 -3.515609e+001 0.000000e+000
5.522015e+001 -3.442893e+001 0.000000e+000
5.534859e+001 -3.370178e+001 0.000000e+000
5.547703e+001 -3.297463e+001 0.000000e+000
5.560547e+001 -3.224747e+001 0.000000e+000
5.573391e+001 -3.152032e+001 0.000000e+000
5.586235e+001 -3.079316e+001 0.000000e+000
5.599080e+001 -3.006601e+001 0.000000e+000
5.611924e+001 -2.933885e+001 0.000000e+000
5.624768e+001 -2.861170e+001 0.000000e+000
5.637612e+001 -2.788455e+001 0.000000e+000
5.650456e+001 -2.715739e+001 0.000000e+000
5.663300e+001 -2.643024e+001 0.000000e+000
5.676144e+001 -2.570308e+001 0.000000e+000
5.688988e+001 -2.497593e+001 0.000000e+000
5.701832e+001 -2.424878e+001 0.000000e+000
5.714677e+001 -2.352162e+001 0.000000e+000
5.727521e+001 -2.279447e+001 0.000000e+000
5.740365e+001 -2.206731e+001 0.000000e+000
5.753209e+001 -2.134016e+001 0.000000e+000
5.766053e+001 -2.061301e+001 0.000000e+000
5.778897e+001 -1.988585e+001 0.000000e+000
5.791741e+001 -1.915870e+001 0.000000e+000
5.804585e+001 -1.843154e+001 0.000000e+000
5.817429e+001 -1.770439e+001 0.000000e+000
5.830274e+001 -1.697724e+001 0.000000e+000
5.843118e+001 -1.625008e+001 0.000000e+000
5.855962e+001 -1.552293e+001 0.000000e+000
5.868806e+001 -1.479577e+001 0.000000e+000
5.881650e+001 -1.406862e+001 0.000000e+000
5.894494e+001 -1.334147e+001 0.000000e+000
5.907338e+001 -1.261431e+001 0.000000e+000
5.920182e+001 -1.188716e+001 0.000000e+000
5.933027e+001 -1.116000e+001 0.000000e+000
5.945871e+001 -1.043285e+001 0.000000e+000
5.958715e+001 -9.705695e+000 0.000000e+000
5.971559e+001 -8.978541e+000 0.000000e+000
5.984403e+001 -8.251387e+000 0.000000e+000
5.997247e+001 -7.524233e+000 0.000000e+000
6.010091e+001 -6.797079e+000 0.000000e+000
6.022935e+001 -6.069924e+000 0.000000e+000
6.035779e+001 -5.342770e+000 0.000000e+000
6.048624e+001 -4.615616e+000 0.000000e+000
6.061468e+001 -3.888462e+000 0.000000e+000
6.074312e+001 -3.161308e+000 0.000000e+000
6.087156e+001 -2.434154e+000 0.000000e+000
6.100000e+001 -1.707000e+000 0.000000e+000
