0.000000e+000 -1.125000e+002 0.000000e+000
3.309778e-002 -1.124989e+002 0.000000e+000
6.619556e-002 -1.124978e+002 0.000000e+000
9.929333e-002 -1.124967e+002 0.000000e+000
1.323911e-001 -1.124956e+002 0.000000e+000
1.654889e-001 -1.124944e+002 0.000000e+000
1.985867e-001 -1.124933e+002 0.000000e+000
2.316844e-001 -1.124922e+002 0.000000e+000
2.647822e-001 -1.124911e+002 0.000000e+000
2.978800e-001 -1.124900e+002 0.000000e+000
3.309778e-001 -1.124889e+002 0.000000e+000
3.640756e-001 -1.124878e+002 0.000000e+000
3.971733e-001 -1.124867e+002 0.000000e+000
4.302711e-001 -1.124856e+002 0.000000e+000
4.633689e-001 -1.124844e+002 0.000000e+000
4.964667e-001 -1.124833e+002 0.000000e+000
5.295644e-001 -1.124822e+002 0.000000e+000
5.626622e-001 -1.124811e+002 0.000000e+000
5.957600e-001 -1.124800e+002 0.000000e+000
6.288578e-001 -1.124789e+002 0.000000e+000
6.619556e-001 -1.124778e+002 0.000000e+000
6.950533e-001 -1.124767e+002 0.000000e+000
7.281511e-001 -1.124756e+002 0.000000e+000
7.612489e-001 -1.124744e+002 0.000000e+000
7.943467e-001 -1.124733e+002 0.000000e+000
8.274444e-001 -1.124722e+002 0.000000e+000
8.605422e-001 -1.124711e+002 0.000000e+000
8.936400e-001 -1.124700e+002 0.000000e+000
9.267378e-001 -1.124689e+002 0.000000e+000
9.598356e-001 -1.124678e+002 0.000000e+000
9.929333e-001 -1.124667e+002 0.000000e+000
1.026031e+000 -1.124655e+002 0.000000e+000
1.059129e+000 -1.124644e+002 0.000000e+000
1.092227e+000 -1.124633e+002 0.000000e+000
1.125324e+000 -1.124622e+002 0.000000e+000
1.158422e+000 -1.124611e+002 0.000000e+000
1.191520e+000 -1.124600e+002 0.000000e+000
1.224618e+000 -1.124589e+002 0.000000e+000
1.257716e+000 -1.124578e+002 0.000000e+000
1.290813e+000 -1.124567e+002 0.000000e+000
1.323911e+000 -1.124555e+002 0.000000e+000
1.357009e+000 -1.124544e+002 0.000000e+000
1.390107e+000 -1.124533e+002 0.000000e+000
1.423204e+000 -1.124522e+002 0.000000e+000
1.456302e+000 -1.124511e+002 0.000000e+000
1.489400e+000 -1.124500e+002 0.000000e+000
1.522498e+000 -1.124489e+002 0.000000e+000
1.555596e+000 -1.124478e+002 0.000000e+000
1.588693e+000 -1.124467e+002 0.000000e+000
1.621791e+000 -1.124455e+002 0.000000e+000
1.654889e+000 -1.124444e+002 0.000000e+000
1.687987e+000 -1.124433e+002 0.000000e+000
1.721084e+000 -1.124422e+002 0.000000e+000
1.754182e+000 -1.124411e+002 0.000000e+000
1.787280e+000 -1.124400e+002 0.000000e+000
1.820378e+000 -1.124389e+002 0.000000e+000
1.853476e+000 -1.124378e+002 0.000000e+000
1.886573e+000 -1.124367e+002 0.000000e+000
1.919671e+000 -1.124355e+002 0.000000e+000
1.952769e+000 -1.124344e+002 0.000000e+000
1.985867e+000 -1.124333e+002 0.000000e+000
2.018964e+000 -1.124322e+002 0.000000e+000
2.052062e+000 -1.124311e+002 0.000000e+000
2.085160e+000 -1.124300e+002 0.000000e+000
2.118258e+000 -1.124289e+002 0.000000e+000
2.151356e+000 -1.124278e+002 0.000000e+000
2.184453e+000 -1.124267e+002 0.000000e+000
2.217551e+000 -1.124255e+002 0.000000e+000
2.250649e+000 -1.124244e+002 0.000000e+000
2.283747e+000 -1.124233e+002 0.000000e+000
2.316844e+000 -1.124222e+002 0.000000e+000
2.349942e+000 -1.124211e+002 0.000000e+000
2.383040e+000 -1.124200e+002 0.000000e+000
2.416138e+000 -1.124189e+002 0.000000e+000
2.449236e+000 -1.124178e+002 0.000000e+000
2.482333e+000 -1.124166e+002 0.000000e+000
2.515431e+000 -1.124155e+002 0.000000e+000
2.548529e+000 -1.124144e+002 0.000000e+000
2.581627e+000 -1.124133e+002 0.000000e+000
2.614724e+000 -1.124122e+002 0.000000e+000
2.647822e+000 -1.124111e+002 0.000000e+000
2.680920e+000 -1.124100e+002 0.000000e+000
2.714018e+000 -1.124089e+002 0.000000e+000
2.747116e+000 -1.124078e+002 0.000000e+000
2.780213e+000 -1.124066e+002 0.000000e+000
2.813311e+000 -1.124055e+002 0.000000e+000
2.846409e+000 -1.124044e+002 0.000000e+000
2.879507e+000 -1.124033e+002 0.000000e+000
2.912604e+000 -1.124022e+002 0.000000e+000
2.945702e+000 -1.124011e+002 0.000000e+000
2.978800e+000 -1.124000e+002 0.000000e+000
3.011898e+000 -1.123989e+002 0.000000e+000
3.044996e+000 -1.123978e+002 0.000000e+000
3.078093e+000 -1.123966e+002 0.000000e+000
3.111191e+000 -1.123955e+002 0.000000e+000
3.144289e+000 -1.123944e+002 0.000000e+000
3.177387e+000 -1.123933e+002 0.000000e+000
3.210484e+000 -1.123922e+002 0.000000e+000
3.243582e+000 -1.123911e+002 0.000000e+000
3.276680e+000 -1.123900e+002 0.000000e+000
3.309629e+000 -1.123866e+002 0.000000e+000
3.342577e+000 -1.123833e+002 0.000000e+000
3.375526e+000 -1.123800e+002 0.000000e+000
3.408474e+000 -1.123767e+002 0.000000e+000
3.441423e+000 -1.123733e+002 0.000000e+000
3.474371e+000 -1.123700e+002 0.000000e+000
3.507320e+000 -1.123667e+002 0.000000e+000
3.540268e+000 -1.123633e+002 0.000000e+000
3.573217e+000 -1.123600e+002 0.000000e+000
3.606165e+000 -1.123567e+002 0.000000e+000
3.639114e+000 -1.123533e+002 0.000000e+000
3.672062e+000 -1.123500e+002 0.000000e+000
3.705011e+000 -1.123467e+002 0.000000e+000
3.737959e+000 -1.123433e+002 0.000000e+000
3.770908e+000 -1.123400e+002 0.000000e+000
3.803856e+000 -1.123367e+002 0.000000e+000
3.836805e+000 -1.123334e+002 0.000000e+000
3.869753e+000 -1.123300e+002 0.000000e+000
3.902702e+000 -1.123267e+002 0.000000e+000
3.935650e+000 -1.123234e+002 0.000000e+000
3.968599e+000 -1.123200e+002 0.000000e+000
4.001547e+000 -1.123167e+002 0.000000e+000
4.034496e+000 -1.123134e+002 0.000000e+000
4.067444e+000 -1.123100e+002 0.000000e+000
4.100393e+000 -1.123067e+002 0.000000e+000
4.133341e+000 -1.123034e+002 0.000000e+000
4.166290e+000 -1.123000e+002 0.000000e+000
4.199238e+000 -1.122967e+002 0.000000e+000
4.232187e+000 -1.122934e+002 0.000000e+000
4.265135e+000 -1.122901e+002 0.000000e+000
4.298084e+000 -1.122867e+002 0.000000e+000
4.331032e+000 -1.122834e+002 0.000000e+000
4.363981e+000 -1.122801e+002 0.000000e+000
4.396929e+000 -1.122767e+002 0.000000e+000
4.429878e+000 -1.122734e+002 0.000000e+000
4.462826e+000 -1.122701e+002 0.000000e+000
4.495775e+000 -1.122667e+002 0.000000e+000
4.528723e+000 -1.122634e+002 0.000000e+000
4.561672e+000 -1.122601e+002 0.000000e+000
4.594620e+000 -1.122567e+002 0.000000e+000
4.627569e+000 -1.122534e+002 0.000000e+000
4.660517e+000 -1.122501e+002 0.000000e+000
4.693466e+000 -1.122468e+002 0.000000e+000
4.726414e+000 -1.122434e+002 0.000000e+000
4.759363e+000 -1.122401e+002 0.000000e+000
4.792311e+000 -1.122368e+002 0.000000e+000
4.825260e+000 -1.122334e+002 0.000000e+000
4.858208e+000 -1.122301e+002 0.000000e+000
4.891157e+000 -1.122268e+002 0.000000e+000
4.924105e+000 -1.122234e+002 0.000000e+000
4.957054e+000 -1.122201e+002 0.000000e+000
4.990002e+000 -1.122168e+002 0.000000e+000
5.022951e+000 -1.122134e+002 0.000000e+000
5.055899e+000 -1.122101e+002 0.000000e+000
5.088848e+000 -1.122068e+002 0.000000e+000
5.121796e+000 -1.122035e+002 0.000000e+000
5.154745e+000 -1.122001e+002 0.000000e+000
5.187693e+000 -1.121968e+002 0.000000e+000
5.220642e+000 -1.121935e+002 0.000000e+000
5.253590e+000 -1.121901e+002 0.000000e+000
5.286539e+000 -1.121868e+002 0.000000e+000
5.319487e+000 -1.121835e+002 0.000000e+000
5.352436e+000 -1.121801e+002 0.000000e+000
5.385384e+000 -1.121768e+002 0.000000e+000
5.418333e+000 -1.121735e+002 0.000000e+000
5.451281e+000 -1.121701e+002 0.000000e+000
5.484230e+000 -1.121668e+002 0.000000e+000
5.517178e+000 -1.121635e+002 0.000000e+000
5.550127e+000 -1.121602e+002 0.000000e+000
5.583075e+000 -1.121568e+002 0.000000e+000
5.616024e+000 -1.121535e+002 0.000000e+000
5.648972e+000 -1.121502e+002 0.000000e+000
5.681921e+000 -1.121468e+002 0.000000e+000
5.714869e+000 -1.121435e+002 0.000000e+000
5.747818e+000 -1.121402e+002 0.000000e+000
5.780766e+000 -1.121368e+002 0.000000e+000
5.813715e+000 -1.121335e+002 0.000000e+000
5.846663e+000 -1.121302e+002 0.000000e+000
5.879612e+000 -1.121268e+002 0.000000e+000
5.912560e+000 -1.121235e+002 0.000000e+000
5.945509e+000 -1.121202e+002 0.000000e+000
5.978457e+000 -1.121169e+002 0.000000e+000
6.011406e+000 -1.121135e+002 0.000000e+000
6.044354e+000 -1.121102e+002 0.000000e+000
6.077303e+000 -1.121069e+002 0.000000e+000
6.110251e+000 -1.121035e+002 0.000000e+000
6.143200e+000 -1.121002e+002 0.000000e+000
6.176148e+000 -1.120969e+002 0.000000e+000
6.209097e+000 -1.120935e+002 0.000000e+000
6.242045e+000 -1.120902e+002 0.000000e+000
6.274994e+000 -1.120869e+002 0.000000e+000
6.307942e+000 -1.120835e+002 0.000000e+000
6.340891e+000 -1.120802e+002 0.000000e+000
6.373839e+000 -1.120769e+002 0.000000e+000
6.406788e+000 -1.120736e+002 0.000000e+000
6.439736e+000 -1.120702e+002 0.000000e+000
6.472685e+000 -1.120669e+002 0.000000e+000
6.505633e+000 -1.120636e+002 0.000000e+000
6.538582e+000 -1.120602e+002 0.000000e+000
6.571134e+000 -1.120547e+002 0.000000e+000
6.603685e+000 -1.120492e+002 0.000000e+000
6.636237e+000 -1.120437e+002 0.000000e+000
6.668788e+000 -1.120382e+002 0.000000e+000
6.701340e+000 -1.120327e+002 0.000000e+000
6.733892e+000 -1.120271e+002 0.000000e+000
6.766443e+000 -1.120216e+002 0.000000e+000
6.798995e+000 -1.120161e+002 0.000000e+000
6.831547e+000 -1.120106e+002 0.000000e+000
6.864098e+000 -1.120051e+002 0.000000e+000
6.896650e+000 -1.119996e+002 0.000000e+000
6.929201e+000 -1.119941e+002 0.000000e+000
6.961753e+000 -1.119885e+002 0.000000e+000
6.994305e+000 -1.119830e+002 0.000000e+000
7.026856e+000 -1.119775e+002 0.000000e+000
7.059408e+000 -1.119720e+002 0.000000e+000
7.091960e+000 -1.119665e+002 0.000000e+000
7.124511e+000 -1.119610e+002 0.000000e+000
7.157063e+000 -1.119554e+002 0.000000e+000
7.189615e+000 -1.119499e+002 0.000000e+000
7.222166e+000 -1.119444e+002 0.000000e+000
7.254718e+000 -1.119389e+002 0.000000e+000
7.287269e+000 -1.119334e+002 0.000000e+000
7.319821e+000 -1.119279e+002 0.000000e+000
7.352373e+000 -1.119224e+002 0.000000e+000
7.384924e+000 -1.119168e+002 0.000000e+000
7.417476e+000 -1.119113e+002 0.000000e+000
7.450028e+000 -1.119058e+002 0.000000e+000
7.482579e+000 -1.119003e+002 0.000000e+000
7.515131e+000 -1.118948e+002 0.000000e+000
7.547682e+000 -1.118893e+002 0.000000e+000
7.580234e+000 -1.118838e+002 0.000000e+000
7.612786e+000 -1.118782e+002 0.000000e+000
7.645337e+000 -1.118727e+002 0.000000e+000
7.677889e+000 -1.118672e+002 0.000000e+000
7.710441e+000 -1.118617e+002 0.000000e+000
7.742992e+000 -1.118562e+002 0.000000e+000
7.775544e+000 -1.118507e+002 0.000000e+000
7.808095e+000 -1.118451e+002 0.000000e+000
7.840647e+000 -1.118396e+002 0.000000e+000
7.873199e+000 -1.118341e+002 0.000000e+000
7.905750e+000 -1.118286e+002 0.000000e+000
7.938302e+000 -1.118231e+002 0.000000e+000
7.970854e+000 -1.118176e+002 0.000000e+000
8.003405e+000 -1.118121e+002 0.000000e+000
8.035957e+000 -1.118065e+002 0.000000e+000
8.068509e+000 -1.118010e+002 0.000000e+000
8.101060e+000 -1.117955e+002 0.000000e+000
8.133612e+000 -1.117900e+002 0.000000e+000
8.166163e+000 -1.117845e+002 0.000000e+000
8.198715e+000 -1.117790e+002 0.000000e+000
8.231267e+000 -1.117735e+002 0.000000e+000
8.263818e+000 -1.117679e+002 0.000000e+000
8.296370e+000 -1.117624e+002 0.000000e+000
8.328922e+000 -1.117569e+002 0.000000e+000
8.361473e+000 -1.117514e+002 0.000000e+000
8.394025e+000 -1.117459e+002 0.000000e+000
8.426576e+000 -1.117404e+002 0.000000e+000
8.459128e+000 -1.117348e+002 0.000000e+000
8.491680e+000 -1.117293e+002 0.000000e+000
8.524231e+000 -1.117238e+002 0.000000e+000
8.556783e+000 -1.117183e+002 0.000000e+000
8.589335e+000 -1.117128e+002 0.000000e+000
8.621886e+000 -1.117073e+002 0.000000e+000
8.654438e+000 -1.117018e+002 0.000000e+000
8.686989e+000 -1.116962e+002 0.000000e+000
8.719541e+000 -1.116907e+002 0.000000e+000
8.752093e+000 -1.116852e+002 0.000000e+000
8.784644e+000 -1.116797e+002 0.000000e+000
8.817196e+000 -1.116742e+002 0.000000e+000
8.849748e+000 -1.116687e+002 0.000000e+000
8.882299e+000 -1.116632e+002 0.000000e+000
8.914851e+000 -1.116576e+002 0.000000e+000
8.947403e+000 -1.116521e+002 0.000000e+000
8.979954e+000 -1.116466e+002 0.000000e+000
9.012506e+000 -1.116411e+002 0.000000e+000
9.045057e+000 -1.116356e+002 0.000000e+000
9.077609e+000 -1.116301e+002 0.000000e+000
9.110161e+000 -1.116245e+002 0.000000e+000
9.142712e+000 -1.116190e+002 0.000000e+000
9.175264e+000 -1.116135e+002 0.000000e+000
9.207816e+000 -1.116080e+002 0.000000e+000
9.240367e+000 -1.116025e+002 0.000000e+000
9.272919e+000 -1.115970e+002 0.000000e+000
9.305470e+000 -1.115915e+002 0.000000e+000
9.338022e+000 -1.115859e+002 0.000000e+000
9.370574e+000 -1.115804e+002 0.000000e+000
9.403125e+000 -1.115749e+002 0.000000e+000
9.435677e+000 -1.115694e+002 0.000000e+000
9.468229e+000 -1.115639e+002 0.000000e+000
9.500780e+000 -1.115584e+002 0.000000e+000
9.533332e+000 -1.115529e+002 0.000000e+000
9.565883e+000 -1.115473e+002 0.000000e+000
9.598435e+000 -1.115418e+002 0.000000e+000
9.630987e+000 -1.115363e+002 0.000000e+000
9.663538e+000 -1.115308e+002 0.000000e+000
9.696090e+000 -1.115253e+002 0.000000e+000
9.728642e+000 -1.115198e+002 0.000000e+000
9.761193e+000 -1.115142e+002 0.000000e+000
9.793400e+000 -1.115065e+002 0.000000e+000
9.825607e+000 -1.114988e+002 0.000000e+000
9.857814e+000 -1.114911e+002 0.000000e+000
9.890021e+000 -1.114834e+002 0.000000e+000
9.922228e+000 -1.114757e+002 0.000000e+000
9.954435e+000 -1.114680e+002 0.000000e+000
9.986642e+000 -1.114603e+002 0.000000e+000
1.001885e+001 -1.114526e+002 0.000000e+000
1.005106e+001 -1.114449e+002 0.000000e+000
1.008326e+001 -1.114372e+002 0.000000e+000
1.011547e+001 -1.114295e+002 0.000000e+000
1.014768e+001 -1.114218e+002 0.000000e+000
1.017988e+001 -1.114140e+002 0.000000e+000
1.021209e+001 -1.114063e+002 0.000000e+000
1.024430e+001 -1.113986e+002 0.000000e+000
1.027650e+001 -1.113909e+002 0.000000e+000
1.030871e+001 -1.113832e+002 0.000000e+000
1.034092e+001 -1.113755e+002 0.000000e+000
1.037312e+001 -1.113678e+002 0.000000e+000
1.040533e+001 -1.113601e+002 0.000000e+000
1.043754e+001 -1.113524e+002 0.000000e+000
1.046975e+001 -1.113447e+002 0.000000e+000
1.050195e+001 -1.113370e+002 0.000000e+000
1.053416e+001 -1.113293e+002 0.000000e+000
1.056637e+001 -1.113215e+002 0.000000e+000
1.059857e+001 -1.113138e+002 0.000000e+000
1.063078e+001 -1.113061e+002 0.000000e+000
1.066299e+001 -1.112984e+002 0.000000e+000
1.069519e+001 -1.112907e+002 0.000000e+000
1.072740e+001 -1.112830e+002 0.000000e+000
1.075961e+001 -1.112753e+002 0.000000e+000
1.079181e+001 -1.112676e+002 0.000000e+000
1.082402e+001 -1.112599e+002 0.000000e+000
1.085623e+001 -1.112522e+002 0.000000e+000
1.088843e+001 -1.112445e+002 0.000000e+000
1.092064e+001 -1.112368e+002 0.000000e+000
1.095285e+001 -1.112291e+002 0.000000e+000
1.098506e+001 -1.112213e+002 0.000000e+000
1.101726e+001 -1.112136e+002 0.000000e+000
1.104947e+001 -1.112059e+002 0.000000e+000
1.108168e+001 -1.111982e+002 0.000000e+000
1.111388e+001 -1.111905e+002 0.000000e+000
1.114609e+001 -1.111828e+002 0.000000e+000
1.117830e+001 -1.111751e+002 0.000000e+000
1.121050e+001 -1.111674e+002 0.000000e+000
1.124271e+001 -1.111597e+002 0.000000e+000
1.127492e+001 -1.111520e+002 0.000000e+000
1.130712e+001 -1.111443e+002 0.000000e+000
1.133933e+001 -1.111366e+002 0.000000e+000
1.137154e+001 -1.111288e+002 0.000000e+000
1.140375e+001 -1.111211e+002 0.000000e+000
1.143595e+001 -1.111134e+002 0.000000e+000
1.146816e+001 -1.111057e+002 0.000000e+000
1.150037e+001 -1.110980e+002 0.000000e+000
1.153257e+001 -1.110903e+002 0.000000e+000
1.156478e+001 -1.110826e+002 0.000000e+000
1.159699e+001 -1.110749e+002 0.000000e+000
1.162919e+001 -1.110672e+002 0.000000e+000
1.166140e+001 -1.110595e+002 0.000000e+000
1.169361e+001 -1.110518e+002 0.000000e+000
1.172581e+001 -1.110441e+002 0.000000e+000
1.175802e+001 -1.110364e+002 0.000000e+000
1.179023e+001 -1.110286e+002 0.000000e+000
1.182244e+001 -1.110209e+002 0.000000e+000
1.185464e+001 -1.110132e+002 0.000000e+000
1.188685e+001 -1.110055e+002 0.000000e+000
1.191906e+001 -1.109978e+002 0.000000e+000
1.195126e+001 -1.109901e+002 0.000000e+000
1.198347e+001 -1.109824e+002 0.000000e+000
1.201568e+001 -1.109747e+002 0.000000e+000
1.204788e+001 -1.109670e+002 0.000000e+000
1.208009e+001 -1.109593e+002 0.000000e+000
1.211230e+001 -1.109516e+002 0.000000e+000
1.214450e+001 -1.109439e+002 0.000000e+000
1.217671e+001 -1.109361e+002 0.000000e+000
1.220892e+001 -1.109284e+002 0.000000e+000
1.224112e+001 -1.109207e+002 0.000000e+000
1.227333e+001 -1.109130e+002 0.000000e+000
1.230554e+001 -1.109053e+002 0.000000e+000
1.233775e+001 -1.108976e+002 0.000000e+000
1.236995e+001 -1.108899e+002 0.000000e+000
1.240216e+001 -1.108822e+002 0.000000e+000
1.243437e+001 -1.108745e+002 0.000000e+000
1.246657e+001 -1.108668e+002 0.000000e+000
1.249878e+001 -1.108591e+002 0.000000e+000
1.253099e+001 -1.108514e+002 0.000000e+000
1.256319e+001 -1.108437e+002 0.000000e+000
1.259540e+001 -1.108359e+002 0.000000e+000
1.262761e+001 -1.108282e+002 0.000000e+000
1.265981e+001 -1.108205e+002 0.000000e+000
1.269202e+001 -1.108128e+002 0.000000e+000
1.272423e+001 -1.108051e+002 0.000000e+000
1.275644e+001 -1.107974e+002 0.000000e+000
1.278864e+001 -1.107897e+002 0.000000e+000
1.282085e+001 -1.107820e+002 0.000000e+000
1.285306e+001 -1.107743e+002 0.000000e+000
1.288526e+001 -1.107666e+002 0.000000e+000
1.291747e+001 -1.107589e+002 0.000000e+000
1.294968e+001 -1.107512e+002 0.000000e+000
1.298129e+001 -1.107413e+002 0.000000e+000
1.301291e+001 -1.107315e+002 0.000000e+000
1.304453e+001 -1.107216e+002 0.000000e+000
1.307614e+001 -1.107117e+002 0.000000e+000
1.310776e+001 -1.107019e+002 0.000000e+000
1.313938e+001 -1.106920e+002 0.000000e+000
1.317099e+001 -1.106822e+002 0.000000e+000
1.320261e+001 -1.106723e+002 0.000000e+000
1.323423e+001 -1.106625e+002 0.000000e+000
1.326584e+001 -1.106526e+002 0.000000e+000
1.329746e+001 -1.106428e+002 0.000000e+000
1.332908e+001 -1.106329e+002 0.000000e+000
1.336070e+001 -1.106231e+002 0.000000e+000
1.339231e+001 -1.106132e+002 0.000000e+000
1.342393e+001 -1.106034e+002 0.000000e+000
1.345555e+001 -1.105935e+002 0.000000e+000
1.348716e+001 -1.105837e+002 0.000000e+000
1.351878e+001 -1.105738e+002 0.000000e+000
1.355040e+001 -1.105640e+002 0.000000e+000
1.358201e+001 -1.105541e+002 0.000000e+000
1.361363e+001 -1.105442e+002 0.000000e+000
1.364525e+001 -1.105344e+002 0.000000e+000
1.367686e+001 -1.105245e+002 0.000000e+000
1.370848e+001 -1.105147e+002 0.000000e+000
1.374010e+001 -1.105048e+002 0.000000e+000
1.377171e+001 -1.104950e+002 0.000000e+000
1.380333e+001 -1.104851e+002 0.000000e+000
1.383495e+001 -1.104753e+002 0.000000e+000
1.386656e+001 -1.104654e+002 0.000000e+000
1.389818e+001 -1.104556e+002 0.000000e+000
1.392980e+001 -1.104457e+002 0.000000e+000
1.396141e+001 -1.104359e+002 0.000000e+000
1.399303e+001 -1.104260e+002 0.000000e+000
1.402465e+001 -1.104162e+002 0.000000e+000
1.405626e+001 -1.104063e+002 0.000000e+000
1.408788e+001 -1.103965e+002 0.000000e+000
1.411950e+001 -1.103866e+002 0.000000e+000
1.415111e+001 -1.103768e+002 0.000000e+000
1.418273e+001 -1.103669e+002 0.000000e+000
1.421435e+001 -1.103570e+002 0.000000e+000
1.424597e+001 -1.103472e+002 0.000000e+000
1.427758e+001 -1.103373e+002 0.000000e+000
1.430920e+001 -1.103275e+002 0.000000e+000
1.434082e+001 -1.103176e+002 0.000000e+000
1.437243e+001 -1.103078e+002 0.000000e+000
1.440405e+001 -1.102979e+002 0.000000e+000
1.443567e+001 -1.102881e+002 0.000000e+000
1.446728e+001 -1.102782e+002 0.000000e+000
1.449890e+001 -1.102684e+002 0.000000e+000
1.453052e+001 -1.102585e+002 0.000000e+000
1.456213e+001 -1.102487e+002 0.000000e+000
1.459375e+001 -1.102388e+002 0.000000e+000
1.462537e+001 -1.102290e+002 0.000000e+000
1.465698e+001 -1.102191e+002 0.000000e+000
1.468860e+001 -1.102093e+002 0.000000e+000
1.472022e+001 -1.101994e+002 0.000000e+000
1.475183e+001 -1.101895e+002 0.000000e+000
1.478345e+001 -1.101797e+002 0.000000e+000
1.481507e+001 -1.101698e+002 0.000000e+000
1.484668e+001 -1.101600e+002 0.000000e+000
1.487830e+001 -1.101501e+002 0.000000e+000
1.490992e+001 -1.101403e+002 0.000000e+000
1.494153e+001 -1.101304e+002 0.000000e+000
1.497315e+001 -1.101206e+002 0.000000e+000
1.500477e+001 -1.101107e+002 0.000000e+000
1.503638e+001 -1.101009e+002 0.000000e+000
1.506800e+001 -1.100910e+002 0.000000e+000
1.509962e+001 -1.100812e+002 0.000000e+000
1.513124e+001 -1.100713e+002 0.000000e+000
1.516285e+001 -1.100615e+002 0.000000e+000
1.519447e+001 -1.100516e+002 0.000000e+000
1.522609e+001 -1.100418e+002 0.000000e+000
1.525770e+001 -1.100319e+002 0.000000e+000
1.528932e+001 -1.100221e+002 0.000000e+000
1.532094e+001 -1.100122e+002 0.000000e+000
1.535255e+001 -1.100023e+002 0.000000e+000
1.538417e+001 -1.099925e+002 0.000000e+000
1.541579e+001 -1.099826e+002 0.000000e+000
1.544740e+001 -1.099728e+002 0.000000e+000
1.547902e+001 -1.099629e+002 0.000000e+000
1.551064e+001 -1.099531e+002 0.000000e+000
1.554225e+001 -1.099432e+002 0.000000e+000
1.557387e+001 -1.099334e+002 0.000000e+000
1.560549e+001 -1.099235e+002 0.000000e+000
1.563710e+001 -1.099137e+002 0.000000e+000
1.566872e+001 -1.099038e+002 0.000000e+000
1.570034e+001 -1.098940e+002 0.000000e+000
1.573195e+001 -1.098841e+002 0.000000e+000
1.576357e+001 -1.098743e+002 0.000000e+000
1.579519e+001 -1.098644e+002 0.000000e+000
1.582680e+001 -1.098546e+002 0.000000e+000
1.585842e+001 -1.098447e+002 0.000000e+000
1.589004e+001 -1.098349e+002 0.000000e+000
1.592166e+001 -1.098250e+002 0.000000e+000
1.595327e+001 -1.098151e+002 0.000000e+000
1.598489e+001 -1.098053e+002 0.000000e+000
1.601651e+001 -1.097954e+002 0.000000e+000
1.604812e+001 -1.097856e+002 0.000000e+000
1.607974e+001 -1.097757e+002 0.000000e+000
1.611053e+001 -1.097638e+002 0.000000e+000
1.614132e+001 -1.097519e+002 0.000000e+000
1.617211e+001 -1.097400e+002 0.000000e+000
1.620290e+001 -1.097281e+002 0.000000e+000
1.623369e+001 -1.097162e+002 0.000000e+000
1.626449e+001 -1.097043e+002 0.000000e+000
1.629528e+001 -1.096923e+002 0.000000e+000
1.632607e+001 -1.096804e+002 0.000000e+000
1.635686e+001 -1.096685e+002 0.000000e+000
1.638765e+001 -1.096566e+002 0.000000e+000
1.641844e+001 -1.096447e+002 0.000000e+000
1.644923e+001 -1.096328e+002 0.000000e+000
1.648002e+001 -1.096209e+002 0.000000e+000
1.651081e+001 -1.096089e+002 0.000000e+000
1.654161e+001 -1.095970e+002 0.000000e+000
1.657240e+001 -1.095851e+002 0.000000e+000
1.660319e+001 -1.095732e+002 0.000000e+000
1.663398e+001 -1.095613e+002 0.000000e+000
1.666477e+001 -1.095494e+002 0.000000e+000
1.669556e+001 -1.095375e+002 0.000000e+000
1.672635e+001 -1.095256e+002 0.000000e+000
1.675714e+001 -1.095136e+002 0.000000e+000
1.678793e+001 -1.095017e+002 0.000000e+000
1.681873e+001 -1.094898e+002 0.000000e+000
1.684952e+001 -1.094779e+002 0.000000e+000
1.688031e+001 -1.094660e+002 0.000000e+000
1.691110e+001 -1.094541e+002 0.000000e+000
1.694189e+001 -1.094422e+002 0.000000e+000
1.697268e+001 -1.094302e+002 0.000000e+000
1.700347e+001 -1.094183e+002 0.000000e+000
1.703426e+001 -1.094064e+002 0.000000e+000
1.706506e+001 -1.093945e+002 0.000000e+000
1.709585e+001 -1.093826e+002 0.000000e+000
1.712664e+001 -1.093707e+002 0.000000e+000
1.715743e+001 -1.093588e+002 0.000000e+000
1.718822e+001 -1.093469e+002 0.000000e+000
1.721901e+001 -1.093349e+002 0.000000e+000
1.724980e+001 -1.093230e+002 0.000000e+000
1.728059e+001 -1.093111e+002 0.000000e+000
1.731138e+001 -1.092992e+002 0.000000e+000
1.734218e+001 -1.092873e+002 0.000000e+000
1.737297e+001 -1.092754e+002 0.000000e+000
1.740376e+001 -1.092635e+002 0.000000e+000
1.743455e+001 -1.092515e+002 0.000000e+000
1.746534e+001 -1.092396e+002 0.000000e+000
1.749613e+001 -1.092277e+002 0.000000e+000
1.752692e+001 -1.092158e+002 0.000000e+000
1.755771e+001 -1.092039e+002 0.000000e+000
1.758850e+001 -1.091920e+002 0.000000e+000
1.761930e+001 -1.091801e+002 0.000000e+000
1.765009e+001 -1.091681e+002 0.000000e+000
1.768088e+001 -1.091562e+002 0.000000e+000
1.771167e+001 -1.091443e+002 0.000000e+000
1.774246e+001 -1.091324e+002 0.000000e+000
1.777325e+001 -1.091205e+002 0.000000e+000
1.780404e+001 -1.091086e+002 0.000000e+000
1.783483e+001 -1.090967e+002 0.000000e+000
1.786562e+001 -1.090848e+002 0.000000e+000
1.789642e+001 -1.090728e+002 0.000000e+000
1.792721e+001 -1.090609e+002 0.000000e+000
1.795800e+001 -1.090490e+002 0.000000e+000
1.798879e+001 -1.090371e+002 0.000000e+000
1.801958e+001 -1.090252e+002 0.000000e+000
1.805037e+001 -1.090133e+002 0.000000e+000
1.808116e+001 -1.090014e+002 0.000000e+000
1.811195e+001 -1.089894e+002 0.000000e+000
1.814274e+001 -1.089775e+002 0.000000e+000
1.817354e+001 -1.089656e+002 0.000000e+000
1.820433e+001 -1.089537e+002 0.000000e+000
1.823512e+001 -1.089418e+002 0.000000e+000
1.826591e+001 -1.089299e+002 0.000000e+000
1.829670e+001 -1.089180e+002 0.000000e+000
1.832749e+001 -1.089061e+002 0.000000e+000
1.835828e+001 -1.088941e+002 0.000000e+000
1.838907e+001 -1.088822e+002 0.000000e+000
1.841986e+001 -1.088703e+002 0.000000e+000
1.845066e+001 -1.088584e+002 0.000000e+000
1.848145e+001 -1.088465e+002 0.000000e+000
1.851224e+001 -1.088346e+002 0.000000e+000
1.854303e+001 -1.088227e+002 0.000000e+000
1.857382e+001 -1.088107e+002 0.000000e+000
1.860461e+001 -1.087988e+002 0.000000e+000
1.863540e+001 -1.087869e+002 0.000000e+000
1.866619e+001 -1.087750e+002 0.000000e+000
1.869698e+001 -1.087631e+002 0.000000e+000
1.872778e+001 -1.087512e+002 0.000000e+000
1.875857e+001 -1.087393e+002 0.000000e+000
1.878936e+001 -1.087274e+002 0.000000e+000
1.882015e+001 -1.087154e+002 0.000000e+000
1.885094e+001 -1.087035e+002 0.000000e+000
1.888173e+001 -1.086916e+002 0.000000e+000
1.891252e+001 -1.086797e+002 0.000000e+000
1.894331e+001 -1.086678e+002 0.000000e+000
1.897410e+001 -1.086559e+002 0.000000e+000
1.900490e+001 -1.086440e+002 0.000000e+000
1.903569e+001 -1.086320e+002 0.000000e+000
1.906648e+001 -1.086201e+002 0.000000e+000
1.909727e+001 -1.086082e+002 0.000000e+000
1.912806e+001 -1.085963e+002 0.000000e+000
1.915799e+001 -1.085824e+002 0.000000e+000
1.918791e+001 -1.085684e+002 0.000000e+000
1.921783e+001 -1.085545e+002 0.000000e+000
1.924776e+001 -1.085405e+002 0.000000e+000
1.927768e+001 -1.085266e+002 0.000000e+000
1.930761e+001 -1.085126e+002 0.000000e+000
1.933753e+001 -1.084987e+002 0.000000e+000
1.936746e+001 -1.084847e+002 0.000000e+000
1.939738e+001 -1.084708e+002 0.000000e+000
1.942731e+001 -1.084568e+002 0.000000e+000
1.945723e+001 -1.084429e+002 0.000000e+000
1.948716e+001 -1.084289e+002 0.000000e+000
1.951708e+001 -1.084150e+002 0.000000e+000
1.954701e+001 -1.084010e+002 0.000000e+000
1.957693e+001 -1.083871e+002 0.000000e+000
1.960686e+001 -1.083731e+002 0.000000e+000
1.963678e+001 -1.083592e+002 0.000000e+000
1.966671e+001 -1.083452e+002 0.000000e+000
1.969663e+001 -1.083313e+002 0.000000e+000
1.972656e+001 -1.083174e+002 0.000000e+000
1.975648e+001 -1.083034e+002 0.000000e+000
1.978640e+001 -1.082895e+002 0.000000e+000
1.981633e+001 -1.082755e+002 0.000000e+000
1.984625e+001 -1.082616e+002 0.000000e+000
1.987618e+001 -1.082476e+002 0.000000e+000
1.990610e+001 -1.082337e+002 0.000000e+000
1.993603e+001 -1.082197e+002 0.000000e+000
1.996595e+001 -1.082058e+002 0.000000e+000
1.999588e+001 -1.081918e+002 0.000000e+000
2.002580e+001 -1.081779e+002 0.000000e+000
2.005573e+001 -1.081639e+002 0.000000e+000
2.008565e+001 -1.081500e+002 0.000000e+000
2.011558e+001 -1.081360e+002 0.000000e+000
2.014550e+001 -1.081221e+002 0.000000e+000
2.017543e+001 -1.081081e+002 0.000000e+000
2.020535e+001 -1.080942e+002 0.000000e+000
2.023528e+001 -1.080802e+002 0.000000e+000
2.026520e+001 -1.080663e+002 0.000000e+000
2.029513e+001 -1.080523e+002 0.000000e+000
2.032505e+001 -1.080384e+002 0.000000e+000
2.035497e+001 -1.080245e+002 0.000000e+000
2.038490e+001 -1.080105e+002 0.000000e+000
2.041482e+001 -1.079966e+002 0.000000e+000
2.044475e+001 -1.079826e+002 0.000000e+000
2.047467e+001 -1.079687e+002 0.000000e+000
2.050460e+001 -1.079547e+002 0.000000e+000
2.053452e+001 -1.079408e+002 0.000000e+000
2.056445e+001 -1.079268e+002 0.000000e+000
2.059437e+001 -1.079129e+002 0.000000e+000
2.062430e+001 -1.078989e+002 0.000000e+000
2.065422e+001 -1.078850e+002 0.000000e+000
2.068415e+001 -1.078710e+002 0.000000e+000
2.071407e+001 -1.078571e+002 0.000000e+000
2.074400e+001 -1.078431e+002 0.000000e+000
2.077392e+001 -1.078292e+002 0.000000e+000
2.080385e+001 -1.078152e+002 0.000000e+000
2.083377e+001 -1.078013e+002 0.000000e+000
2.086370e+001 -1.077873e+002 0.000000e+000
2.089362e+001 -1.077734e+002 0.000000e+000
2.092354e+001 -1.077595e+002 0.000000e+000
2.095347e+001 -1.077455e+002 0.000000e+000
2.098339e+001 -1.077316e+002 0.000000e+000
2.101332e+001 -1.077176e+002 0.000000e+000
2.104324e+001 -1.077037e+002 0.000000e+000
2.107317e+001 -1.076897e+002 0.000000e+000
2.110309e+001 -1.076758e+002 0.000000e+000
2.113302e+001 -1.076618e+002 0.000000e+000
2.116294e+001 -1.076479e+002 0.000000e+000
2.119287e+001 -1.076339e+002 0.000000e+000
2.122279e+001 -1.076200e+002 0.000000e+000
2.125272e+001 -1.076060e+002 0.000000e+000
2.128264e+001 -1.075921e+002 0.000000e+000
2.131257e+001 -1.075781e+002 0.000000e+000
2.134249e+001 -1.075642e+002 0.000000e+000
2.137242e+001 -1.075502e+002 0.000000e+000
2.140234e+001 -1.075363e+002 0.000000e+000
2.143227e+001 -1.075223e+002 0.000000e+000
2.146219e+001 -1.075084e+002 0.000000e+000
2.149211e+001 -1.074944e+002 0.000000e+000
2.152204e+001 -1.074805e+002 0.000000e+000
2.155196e+001 -1.074666e+002 0.000000e+000
2.158189e+001 -1.074526e+002 0.000000e+000
2.161181e+001 -1.074387e+002 0.000000e+000
2.164174e+001 -1.074247e+002 0.000000e+000
2.167166e+001 -1.074108e+002 0.000000e+000
2.170159e+001 -1.073968e+002 0.000000e+000
2.173151e+001 -1.073829e+002 0.000000e+000
2.176144e+001 -1.073689e+002 0.000000e+000
2.179136e+001 -1.073550e+002 0.000000e+000
2.182129e+001 -1.073410e+002 0.000000e+000
2.185121e+001 -1.073271e+002 0.000000e+000
2.188114e+001 -1.073131e+002 0.000000e+000
2.191106e+001 -1.072992e+002 0.000000e+000
2.194099e+001 -1.072852e+002 0.000000e+000
2.197091e+001 -1.072713e+002 0.000000e+000
2.200084e+001 -1.072573e+002 0.000000e+000
2.203076e+001 -1.072434e+002 0.000000e+000
2.206068e+001 -1.072294e+002 0.000000e+000
2.209061e+001 -1.072155e+002 0.000000e+000
2.211962e+001 -1.071995e+002 0.000000e+000
2.214863e+001 -1.071836e+002 0.000000e+000
2.217764e+001 -1.071676e+002 0.000000e+000
2.220665e+001 -1.071516e+002 0.000000e+000
2.223566e+001 -1.071356e+002 0.000000e+000
2.226468e+001 -1.071197e+002 0.000000e+000
2.229369e+001 -1.071037e+002 0.000000e+000
2.232270e+001 -1.070877e+002 0.000000e+000
2.235171e+001 -1.070718e+002 0.000000e+000
2.238072e+001 -1.070558e+002 0.000000e+000
2.240973e+001 -1.070398e+002 0.000000e+000
2.243874e+001 -1.070238e+002 0.000000e+000
2.246775e+001 -1.070079e+002 0.000000e+000
2.249676e+001 -1.069919e+002 0.000000e+000
2.252577e+001 -1.069759e+002 0.000000e+000
2.255478e+001 -1.069600e+002 0.000000e+000
2.258380e+001 -1.069440e+002 0.000000e+000
2.261281e+001 -1.069280e+002 0.000000e+000
2.264182e+001 -1.069121e+002 0.000000e+000
2.267083e+001 -1.068961e+002 0.000000e+000
2.269984e+001 -1.068801e+002 0.000000e+000
2.272885e+001 -1.068641e+002 0.000000e+000
2.275786e+001 -1.068482e+002 0.000000e+000
2.278687e+001 -1.068322e+002 0.000000e+000
2.281588e+001 -1.068162e+002 0.000000e+000
2.284489e+001 -1.068003e+002 0.000000e+000
2.287391e+001 -1.067843e+002 0.000000e+000
2.290292e+001 -1.067683e+002 0.000000e+000
2.293193e+001 -1.067523e+002 0.000000e+000
2.296094e+001 -1.067364e+002 0.000000e+000
2.298995e+001 -1.067204e+002 0.000000e+000
2.301896e+001 -1.067044e+002 0.000000e+000
2.304797e+001 -1.066885e+002 0.000000e+000
2.307698e+001 -1.066725e+002 0.000000e+000
2.310599e+001 -1.066565e+002 0.000000e+000
2.313500e+001 -1.066406e+002 0.000000e+000
2.316401e+001 -1.066246e+002 0.000000e+000
2.319303e+001 -1.066086e+002 0.000000e+000
2.322204e+001 -1.065926e+002 0.000000e+000
2.325105e+001 -1.065767e+002 0.000000e+000
2.328006e+001 -1.065607e+002 0.000000e+000
2.330907e+001 -1.065447e+002 0.000000e+000
2.333808e+001 -1.065288e+002 0.000000e+000
2.336709e+001 -1.065128e+002 0.000000e+000
2.339610e+001 -1.064968e+002 0.000000e+000
2.342511e+001 -1.064808e+002 0.000000e+000
2.345412e+001 -1.064649e+002 0.000000e+000
2.348314e+001 -1.064489e+002 0.000000e+000
2.351215e+001 -1.064329e+002 0.000000e+000
2.354116e+001 -1.064170e+002 0.000000e+000
2.357017e+001 -1.064010e+002 0.000000e+000
2.359918e+001 -1.063850e+002 0.000000e+000
2.362819e+001 -1.063691e+002 0.000000e+000
2.365720e+001 -1.063531e+002 0.000000e+000
2.368621e+001 -1.063371e+002 0.000000e+000
2.371522e+001 -1.063211e+002 0.000000e+000
2.374423e+001 -1.063052e+002 0.000000e+000
2.377324e+001 -1.062892e+002 0.000000e+000
2.380226e+001 -1.062732e+002 0.000000e+000
2.383127e+001 -1.062573e+002 0.000000e+000
2.386028e+001 -1.062413e+002 0.000000e+000
2.388929e+001 -1.062253e+002 0.000000e+000
2.391830e+001 -1.062093e+002 0.000000e+000
2.394731e+001 -1.061934e+002 0.000000e+000
2.397632e+001 -1.061774e+002 0.000000e+000
2.400533e+001 -1.061614e+002 0.000000e+000
2.403434e+001 -1.061455e+002 0.000000e+000
2.406335e+001 -1.061295e+002 0.000000e+000
2.409236e+001 -1.061135e+002 0.000000e+000
2.412138e+001 -1.060975e+002 0.000000e+000
2.415039e+001 -1.060816e+002 0.000000e+000
2.417940e+001 -1.060656e+002 0.000000e+000
2.420841e+001 -1.060496e+002 0.000000e+000
2.423742e+001 -1.060337e+002 0.000000e+000
2.426643e+001 -1.060177e+002 0.000000e+000
2.429544e+001 -1.060017e+002 0.000000e+000
2.432445e+001 -1.059858e+002 0.000000e+000
2.435346e+001 -1.059698e+002 0.000000e+000
2.438247e+001 -1.059538e+002 0.000000e+000
2.441149e+001 -1.059378e+002 0.000000e+000
2.444050e+001 -1.059219e+002 0.000000e+000
2.446951e+001 -1.059059e+002 0.000000e+000
2.449852e+001 -1.058899e+002 0.000000e+000
2.452753e+001 -1.058740e+002 0.000000e+000
2.455654e+001 -1.058580e+002 0.000000e+000
2.458555e+001 -1.058420e+002 0.000000e+000
2.461456e+001 -1.058260e+002 0.000000e+000
2.464357e+001 -1.058101e+002 0.000000e+000
2.467258e+001 -1.057941e+002 0.000000e+000
2.470159e+001 -1.057781e+002 0.000000e+000
2.473061e+001 -1.057622e+002 0.000000e+000
2.475962e+001 -1.057462e+002 0.000000e+000
2.478863e+001 -1.057302e+002 0.000000e+000
2.481764e+001 -1.057143e+002 0.000000e+000
2.484665e+001 -1.056983e+002 0.000000e+000
2.487566e+001 -1.056823e+002 0.000000e+000
2.490467e+001 -1.056663e+002 0.000000e+000
2.493368e+001 -1.056504e+002 0.000000e+000
2.496269e+001 -1.056344e+002 0.000000e+000
2.499057e+001 -1.056165e+002 0.000000e+000
2.501844e+001 -1.055986e+002 0.000000e+000
2.504631e+001 -1.055808e+002 0.000000e+000
2.507419e+001 -1.055629e+002 0.000000e+000
2.510206e+001 -1.055450e+002 0.000000e+000
2.512993e+001 -1.055271e+002 0.000000e+000
2.515781e+001 -1.055092e+002 0.000000e+000
2.518568e+001 -1.054913e+002 0.000000e+000
2.521355e+001 -1.054735e+002 0.000000e+000
2.524143e+001 -1.054556e+002 0.000000e+000
2.526930e+001 -1.054377e+002 0.000000e+000
2.529717e+001 -1.054198e+002 0.000000e+000
2.532505e+001 -1.054019e+002 0.000000e+000
2.535292e+001 -1.053840e+002 0.000000e+000
2.538079e+001 -1.053662e+002 0.000000e+000
2.540867e+001 -1.053483e+002 0.000000e+000
2.543654e+001 -1.053304e+002 0.000000e+000
2.546441e+001 -1.053125e+002 0.000000e+000
2.549229e+001 -1.052946e+002 0.000000e+000
2.552016e+001 -1.052768e+002 0.000000e+000
2.554803e+001 -1.052589e+002 0.000000e+000
2.557591e+001 -1.052410e+002 0.000000e+000
2.560378e+001 -1.052231e+002 0.000000e+000
2.563165e+001 -1.052052e+002 0.000000e+000
2.565953e+001 -1.051873e+002 0.000000e+000
2.568740e+001 -1.051695e+002 0.000000e+000
2.571527e+001 -1.051516e+002 0.000000e+000
2.574315e+001 -1.051337e+002 0.000000e+000
2.577102e+001 -1.051158e+002 0.000000e+000
2.579889e+001 -1.050979e+002 0.000000e+000
2.582677e+001 -1.050801e+002 0.000000e+000
2.585464e+001 -1.050622e+002 0.000000e+000
2.588251e+001 -1.050443e+002 0.000000e+000
2.591039e+001 -1.050264e+002 0.000000e+000
2.593826e+001 -1.050085e+002 0.000000e+000
2.596613e+001 -1.049906e+002 0.000000e+000
2.599401e+001 -1.049728e+002 0.000000e+000
2.602188e+001 -1.049549e+002 0.000000e+000
2.604975e+001 -1.049370e+002 0.000000e+000
2.607763e+001 -1.049191e+002 0.000000e+000
2.610550e+001 -1.049012e+002 0.000000e+000
2.613337e+001 -1.048833e+002 0.000000e+000
2.616125e+001 -1.048655e+002 0.000000e+000
2.618912e+001 -1.048476e+002 0.000000e+000
2.621699e+001 -1.048297e+002 0.000000e+000
2.624487e+001 -1.048118e+002 0.000000e+000
2.627274e+001 -1.047939e+002 0.000000e+000
2.630061e+001 -1.047761e+002 0.000000e+000
2.632849e+001 -1.047582e+002 0.000000e+000
2.635636e+001 -1.047403e+002 0.000000e+000
2.638423e+001 -1.047224e+002 0.000000e+000
2.641211e+001 -1.047045e+002 0.000000e+000
2.643998e+001 -1.046866e+002 0.000000e+000
2.646785e+001 -1.046688e+002 0.000000e+000
2.649573e+001 -1.046509e+002 0.000000e+000
2.652360e+001 -1.046330e+002 0.000000e+000
2.655147e+001 -1.046151e+002 0.000000e+000
2.657935e+001 -1.045972e+002 0.000000e+000
2.660722e+001 -1.045793e+002 0.000000e+000
2.663509e+001 -1.045615e+002 0.000000e+000
2.666297e+001 -1.045436e+002 0.000000e+000
2.669084e+001 -1.045257e+002 0.000000e+000
2.671871e+001 -1.045078e+002 0.000000e+000
2.674659e+001 -1.044899e+002 0.000000e+000
2.677446e+001 -1.044721e+002 0.000000e+000
2.680233e+001 -1.044542e+002 0.000000e+000
2.683021e+001 -1.044363e+002 0.000000e+000
2.685808e+001 -1.044184e+002 0.000000e+000
2.688595e+001 -1.044005e+002 0.000000e+000
2.691383e+001 -1.043826e+002 0.000000e+000
2.694170e+001 -1.043648e+002 0.000000e+000
2.696957e+001 -1.043469e+002 0.000000e+000
2.699745e+001 -1.043290e+002 0.000000e+000
2.702532e+001 -1.043111e+002 0.000000e+000
2.705319e+001 -1.042932e+002 0.000000e+000
2.708107e+001 -1.042753e+002 0.000000e+000
2.710894e+001 -1.042575e+002 0.000000e+000
2.713681e+001 -1.042396e+002 0.000000e+000
2.716469e+001 -1.042217e+002 0.000000e+000
2.719256e+001 -1.042038e+002 0.000000e+000
2.722043e+001 -1.041859e+002 0.000000e+000
2.724831e+001 -1.041681e+002 0.000000e+000
2.727618e+001 -1.041502e+002 0.000000e+000
2.730405e+001 -1.041323e+002 0.000000e+000
2.733193e+001 -1.041144e+002 0.000000e+000
2.735980e+001 -1.040965e+002 0.000000e+000
2.738767e+001 -1.040786e+002 0.000000e+000
2.741555e+001 -1.040608e+002 0.000000e+000
2.744342e+001 -1.040429e+002 0.000000e+000
2.747129e+001 -1.040250e+002 0.000000e+000
2.749917e+001 -1.040071e+002 0.000000e+000
2.752704e+001 -1.039892e+002 0.000000e+000
2.755491e+001 -1.039714e+002 0.000000e+000
2.758279e+001 -1.039535e+002 0.000000e+000
2.761066e+001 -1.039356e+002 0.000000e+000
2.763853e+001 -1.039177e+002 0.000000e+000
2.766641e+001 -1.038998e+002 0.000000e+000
2.769428e+001 -1.038819e+002 0.000000e+000
2.772215e+001 -1.038641e+002 0.000000e+000
2.774869e+001 -1.038444e+002 0.000000e+000
2.777522e+001 -1.038248e+002 0.000000e+000
2.780175e+001 -1.038051e+002 0.000000e+000
2.782828e+001 -1.037855e+002 0.000000e+000
2.785481e+001 -1.037658e+002 0.000000e+000
2.788134e+001 -1.037462e+002 0.000000e+000
2.790787e+001 -1.037265e+002 0.000000e+000
2.793440e+001 -1.037069e+002 0.000000e+000
2.796093e+001 -1.036872e+002 0.000000e+000
2.798746e+001 -1.036676e+002 0.000000e+000
2.801399e+001 -1.036479e+002 0.000000e+000
2.804053e+001 -1.036283e+002 0.000000e+000
2.806706e+001 -1.036086e+002 0.000000e+000
2.809359e+001 -1.035890e+002 0.000000e+000
2.812012e+001 -1.035693e+002 0.000000e+000
2.814665e+001 -1.035497e+002 0.000000e+000
2.817318e+001 -1.035300e+002 0.000000e+000
2.819971e+001 -1.035104e+002 0.000000e+000
2.822624e+001 -1.034907e+002 0.000000e+000
2.825277e+001 -1.034711e+002 0.000000e+000
2.827930e+001 -1.034514e+002 0.000000e+000
2.830583e+001 -1.034318e+002 0.000000e+000
2.833237e+001 -1.034121e+002 0.000000e+000
2.835890e+001 -1.033925e+002 0.000000e+000
2.838543e+001 -1.033728e+002 0.000000e+000
2.841196e+001 -1.033532e+002 0.000000e+000
2.843849e+001 -1.033335e+002 0.000000e+000
2.846502e+001 -1.033138e+002 0.000000e+000
2.849155e+001 -1.032942e+002 0.000000e+000
2.851808e+001 -1.032745e+002 0.000000e+000
2.854461e+001 -1.032549e+002 0.000000e+000
2.857114e+001 -1.032352e+002 0.000000e+000
2.859767e+001 -1.032156e+002 0.000000e+000
2.862421e+001 -1.031959e+002 0.000000e+000
2.865074e+001 -1.031763e+002 0.000000e+000
2.867727e+001 -1.031566e+002 0.000000e+000
2.870380e+001 -1.031370e+002 0.000000e+000
2.873033e+001 -1.031173e+002 0.000000e+000
2.875686e+001 -1.030977e+002 0.000000e+000
2.878339e+001 -1.030780e+002 0.000000e+000
2.880992e+001 -1.030584e+002 0.000000e+000
2.883645e+001 -1.030387e+002 0.000000e+000
2.886298e+001 -1.030191e+002 0.000000e+000
2.888951e+001 -1.029994e+002 0.000000e+000
2.891605e+001 -1.029798e+002 0.000000e+000
2.894258e+001 -1.029601e+002 0.000000e+000
2.896911e+001 -1.029405e+002 0.000000e+000
2.899564e+001 -1.029208e+002 0.000000e+000
2.902217e+001 -1.029012e+002 0.000000e+000
2.904870e+001 -1.028815e+002 0.000000e+000
2.907523e+001 -1.028619e+002 0.000000e+000
2.910176e+001 -1.028422e+002 0.000000e+000
2.912829e+001 -1.028226e+002 0.000000e+000
2.915482e+001 -1.028029e+002 0.000000e+000
2.918135e+001 -1.027833e+002 0.000000e+000
2.920789e+001 -1.027636e+002 0.000000e+000
2.923442e+001 -1.027440e+002 0.000000e+000
2.926095e+001 -1.027243e+002 0.000000e+000
2.928748e+001 -1.027047e+002 0.000000e+000
2.931401e+001 -1.026850e+002 0.000000e+000
2.934054e+001 -1.026654e+002 0.000000e+000
2.936707e+001 -1.026457e+002 0.000000e+000
2.939360e+001 -1.026261e+002 0.000000e+000
2.942013e+001 -1.026064e+002 0.000000e+000
2.944666e+001 -1.025868e+002 0.000000e+000
2.947319e+001 -1.025671e+002 0.000000e+000
2.949973e+001 -1.025475e+002 0.000000e+000
2.952626e+001 -1.025278e+002 0.000000e+000
2.955279e+001 -1.025082e+002 0.000000e+000
2.957932e+001 -1.024885e+002 0.000000e+000
2.960585e+001 -1.024689e+002 0.000000e+000
2.963238e+001 -1.024492e+002 0.000000e+000
2.965891e+001 -1.024296e+002 0.000000e+000
2.968544e+001 -1.024099e+002 0.000000e+000
2.971197e+001 -1.023903e+002 0.000000e+000
2.973850e+001 -1.023706e+002 0.000000e+000
2.976503e+001 -1.023510e+002 0.000000e+000
2.979157e+001 -1.023313e+002 0.000000e+000
2.981810e+001 -1.023117e+002 0.000000e+000
2.984463e+001 -1.022920e+002 0.000000e+000
2.987116e+001 -1.022724e+002 0.000000e+000
2.989769e+001 -1.022527e+002 0.000000e+000
2.992422e+001 -1.022331e+002 0.000000e+000
2.995075e+001 -1.022134e+002 0.000000e+000
2.997728e+001 -1.021938e+002 0.000000e+000
3.000381e+001 -1.021741e+002 0.000000e+000
3.003034e+001 -1.021545e+002 0.000000e+000
3.005687e+001 -1.021348e+002 0.000000e+000
3.008341e+001 -1.021152e+002 0.000000e+000
3.010994e+001 -1.020955e+002 0.000000e+000
3.013647e+001 -1.020759e+002 0.000000e+000
3.016300e+001 -1.020562e+002 0.000000e+000
3.018953e+001 -1.020366e+002 0.000000e+000
3.021606e+001 -1.020169e+002 0.000000e+000
3.024259e+001 -1.019973e+002 0.000000e+000
3.026912e+001 -1.019776e+002 0.000000e+000
3.029565e+001 -1.019580e+002 0.000000e+000
3.032218e+001 -1.019383e+002 0.000000e+000
3.034871e+001 -1.019187e+002 0.000000e+000
3.037395e+001 -1.018972e+002 0.000000e+000
3.039918e+001 -1.018758e+002 0.000000e+000
3.042441e+001 -1.018543e+002 0.000000e+000
3.044964e+001 -1.018329e+002 0.000000e+000
3.047487e+001 -1.018114e+002 0.000000e+000
3.050010e+001 -1.017900e+002 0.000000e+000
3.052533e+001 -1.017685e+002 0.000000e+000
3.055056e+001 -1.017471e+002 0.000000e+000
3.057579e+001 -1.017256e+002 0.000000e+000
3.060102e+001 -1.017042e+002 0.000000e+000
3.062626e+001 -1.016827e+002 0.000000e+000
3.065149e+001 -1.016613e+002 0.000000e+000
3.067672e+001 -1.016398e+002 0.000000e+000
3.070195e+001 -1.016184e+002 0.000000e+000
3.072718e+001 -1.015969e+002 0.000000e+000
3.075241e+001 -1.015755e+002 0.000000e+000
3.077764e+001 -1.015540e+002 0.000000e+000
3.080287e+001 -1.015326e+002 0.000000e+000
3.082810e+001 -1.015111e+002 0.000000e+000
3.085333e+001 -1.014897e+002 0.000000e+000
3.087856e+001 -1.014682e+002 0.000000e+000
3.090380e+001 -1.014468e+002 0.000000e+000
3.092903e+001 -1.014253e+002 0.000000e+000
3.095426e+001 -1.014039e+002 0.000000e+000
3.097949e+001 -1.013824e+002 0.000000e+000
3.100472e+001 -1.013610e+002 0.000000e+000
3.102995e+001 -1.013395e+002 0.000000e+000
3.105518e+001 -1.013181e+002 0.000000e+000
3.108041e+001 -1.012966e+002 0.000000e+000
3.110564e+001 -1.012752e+002 0.000000e+000
3.113087e+001 -1.012537e+002 0.000000e+000
3.115611e+001 -1.012323e+002 0.000000e+000
3.118134e+001 -1.012108e+002 0.000000e+000
3.120657e+001 -1.011894e+002 0.000000e+000
3.123180e+001 -1.011679e+002 0.000000e+000
3.125703e+001 -1.011465e+002 0.000000e+000
3.128226e+001 -1.011250e+002 0.000000e+000
3.130749e+001 -1.011036e+002 0.000000e+000
3.133272e+001 -1.010821e+002 0.000000e+000
3.135795e+001 -1.010607e+002 0.000000e+000
3.138318e+001 -1.010392e+002 0.000000e+000
3.140842e+001 -1.010178e+002 0.000000e+000
3.143365e+001 -1.009963e+002 0.000000e+000
3.145888e+001 -1.009749e+002 0.000000e+000
3.148411e+001 -1.009534e+002 0.000000e+000
3.150934e+001 -1.009320e+002 0.000000e+000
3.153457e+001 -1.009105e+002 0.000000e+000
3.155980e+001 -1.008891e+002 0.000000e+000
3.158503e+001 -1.008676e+002 0.000000e+000
3.161026e+001 -1.008462e+002 0.000000e+000
3.163549e+001 -1.008247e+002 0.000000e+000
3.166072e+001 -1.008033e+002 0.000000e+000
3.168596e+001 -1.007818e+002 0.000000e+000
3.171119e+001 -1.007604e+002 0.000000e+000
3.173642e+001 -1.007389e+002 0.000000e+000
3.176165e+001 -1.007175e+002 0.000000e+000
3.178688e+001 -1.006960e+002 0.000000e+000
3.181211e+001 -1.006746e+002 0.000000e+000
3.183734e+001 -1.006531e+002 0.000000e+000
3.186257e+001 -1.006317e+002 0.000000e+000
3.188780e+001 -1.006102e+002 0.000000e+000
3.191303e+001 -1.005888e+002 0.000000e+000
3.193827e+001 -1.005673e+002 0.000000e+000
3.196350e+001 -1.005459e+002 0.000000e+000
3.198873e+001 -1.005244e+002 0.000000e+000
3.201396e+001 -1.005030e+002 0.000000e+000
3.203919e+001 -1.004815e+002 0.000000e+000
3.206442e+001 -1.004601e+002 0.000000e+000
3.208965e+001 -1.004386e+002 0.000000e+000
3.211488e+001 -1.004172e+002 0.000000e+000
3.214011e+001 -1.003957e+002 0.000000e+000
3.216534e+001 -1.003743e+002 0.000000e+000
3.219058e+001 -1.003528e+002 0.000000e+000
3.221581e+001 -1.003314e+002 0.000000e+000
3.224104e+001 -1.003099e+002 0.000000e+000
3.226627e+001 -1.002885e+002 0.000000e+000
3.229150e+001 -1.002670e+002 0.000000e+000
3.231673e+001 -1.002456e+002 0.000000e+000
3.234196e+001 -1.002241e+002 0.000000e+000
3.236719e+001 -1.002027e+002 0.000000e+000
3.239242e+001 -1.001812e+002 0.000000e+000
3.241765e+001 -1.001598e+002 0.000000e+000
3.244288e+001 -1.001383e+002 0.000000e+000
3.246812e+001 -1.001169e+002 0.000000e+000
3.249335e+001 -1.000954e+002 0.000000e+000
3.251858e+001 -1.000740e+002 0.000000e+000
3.254381e+001 -1.000525e+002 0.000000e+000
3.256904e+001 -1.000311e+002 0.000000e+000
3.259427e+001 -1.000096e+002 0.000000e+000
3.261950e+001 -9.998819e+001 0.000000e+000
3.264473e+001 -9.996674e+001 0.000000e+000
3.266996e+001 -9.994529e+001 0.000000e+000
3.269519e+001 -9.992384e+001 0.000000e+000
3.272043e+001 -9.990239e+001 0.000000e+000
3.274566e+001 -9.988094e+001 0.000000e+000
3.277089e+001 -9.985949e+001 0.000000e+000
3.279612e+001 -9.983804e+001 0.000000e+000
3.282135e+001 -9.981659e+001 0.000000e+000
3.284658e+001 -9.979514e+001 0.000000e+000
3.287031e+001 -9.977205e+001 0.000000e+000
3.289405e+001 -9.974895e+001 0.000000e+000
3.291778e+001 -9.972586e+001 0.000000e+000
3.294152e+001 -9.970276e+001 0.000000e+000
3.296525e+001 -9.967967e+001 0.000000e+000
3.298898e+001 -9.965657e+001 0.000000e+000
3.301272e+001 -9.963348e+001 0.000000e+000
3.303645e+001 -9.961038e+001 0.000000e+000
3.306019e+001 -9.958728e+001 0.000000e+000
3.308392e+001 -9.956419e+001 0.000000e+000
3.310765e+001 -9.954109e+001 0.000000e+000
3.313139e+001 -9.951800e+001 0.000000e+000
3.315512e+001 -9.949490e+001 0.000000e+000
3.317886e+001 -9.947181e+001 0.000000e+000
3.320259e+001 -9.944871e+001 0.000000e+000
3.322633e+001 -9.942562e+001 0.000000e+000
3.325006e+001 -9.940252e+001 0.000000e+000
3.327379e+001 -9.937943e+001 0.000000e+000
3.329753e+001 -9.935633e+001 0.000000e+000
3.332126e+001 -9.933324e+001 0.000000e+000
3.334500e+001 -9.931014e+001 0.000000e+000
3.336873e+001 -9.928705e+001 0.000000e+000
3.339246e+001 -9.926395e+001 0.000000e+000
3.341620e+001 -9.924086e+001 0.000000e+000
3.343993e+001 -9.921776e+001 0.000000e+000
3.346367e+001 -9.919466e+001 0.000000e+000
3.348740e+001 -9.917157e+001 0.000000e+000
3.351113e+001 -9.914847e+001 0.000000e+000
3.353487e+001 -9.912538e+001 0.000000e+000
3.355860e+001 -9.910228e+001 0.000000e+000
3.358234e+001 -9.907919e+001 0.000000e+000
3.360607e+001 -9.905609e+001 0.000000e+000
3.362980e+001 -9.903300e+001 0.000000e+000
3.365354e+001 -9.900990e+001 0.000000e+000
3.367727e+001 -9.898681e+001 0.000000e+000
3.370101e+001 -9.896371e+001 0.000000e+000
3.372474e+001 -9.894062e+001 0.000000e+000
3.374847e+001 -9.891752e+001 0.000000e+000
3.377221e+001 -9.889443e+001 0.000000e+000
3.379594e+001 -9.887133e+001 0.000000e+000
3.381968e+001 -9.884824e+001 0.000000e+000
3.384341e+001 -9.882514e+001 0.000000e+000
3.386714e+001 -9.880204e+001 0.000000e+000
3.389088e+001 -9.877895e+001 0.000000e+000
3.391461e+001 -9.875585e+001 0.000000e+000
3.393835e+001 -9.873276e+001 0.000000e+000
3.396208e+001 -9.870966e+001 0.000000e+000
3.398582e+001 -9.868657e+001 0.000000e+000
3.400955e+001 -9.866347e+001 0.000000e+000
3.403328e+001 -9.864038e+001 0.000000e+000
3.405702e+001 -9.861728e+001 0.000000e+000
3.408075e+001 -9.859419e+001 0.000000e+000
3.410449e+001 -9.857109e+001 0.000000e+000
3.412822e+001 -9.854800e+001 0.000000e+000
3.415195e+001 -9.852490e+001 0.000000e+000
3.417569e+001 -9.850181e+001 0.000000e+000
3.419942e+001 -9.847871e+001 0.000000e+000
3.422316e+001 -9.845562e+001 0.000000e+000
3.424689e+001 -9.843252e+001 0.000000e+000
3.427062e+001 -9.840943e+001 0.000000e+000
3.429436e+001 -9.838633e+001 0.000000e+000
3.431809e+001 -9.836323e+001 0.000000e+000
3.434183e+001 -9.834014e+001 0.000000e+000
3.436556e+001 -9.831704e+001 0.000000e+000
3.438929e+001 -9.829395e+001 0.000000e+000
3.441303e+001 -9.827085e+001 0.000000e+000
3.443676e+001 -9.824776e+001 0.000000e+000
3.446050e+001 -9.822466e+001 0.000000e+000
3.448423e+001 -9.820157e+001 0.000000e+000
3.450796e+001 -9.817847e+001 0.000000e+000
3.453170e+001 -9.815538e+001 0.000000e+000
3.455543e+001 -9.813228e+001 0.000000e+000
3.457917e+001 -9.810919e+001 0.000000e+000
3.460290e+001 -9.808609e+001 0.000000e+000
3.462664e+001 -9.806300e+001 0.000000e+000
3.465037e+001 -9.803990e+001 0.000000e+000
3.467410e+001 -9.801681e+001 0.000000e+000
3.469784e+001 -9.799371e+001 0.000000e+000
3.472157e+001 -9.797061e+001 0.000000e+000
3.474531e+001 -9.794752e+001 0.000000e+000
3.476904e+001 -9.792442e+001 0.000000e+000
3.479277e+001 -9.790133e+001 0.000000e+000
3.481651e+001 -9.787823e+001 0.000000e+000
3.484024e+001 -9.785514e+001 0.000000e+000
3.486398e+001 -9.783204e+001 0.000000e+000
3.488771e+001 -9.780895e+001 0.000000e+000
3.491144e+001 -9.778585e+001 0.000000e+000
3.493518e+001 -9.776276e+001 0.000000e+000
3.495891e+001 -9.773966e+001 0.000000e+000
3.498265e+001 -9.771657e+001 0.000000e+000
3.500638e+001 -9.769347e+001 0.000000e+000
3.503011e+001 -9.767038e+001 0.000000e+000
3.505385e+001 -9.764728e+001 0.000000e+000
3.507758e+001 -9.762419e+001 0.000000e+000
3.510132e+001 -9.760109e+001 0.000000e+000
3.512505e+001 -9.757799e+001 0.000000e+000
3.514878e+001 -9.755490e+001 0.000000e+000
3.517252e+001 -9.753180e+001 0.000000e+000
3.519625e+001 -9.750871e+001 0.000000e+000
3.521832e+001 -9.748415e+001 0.000000e+000
3.524038e+001 -9.745959e+001 0.000000e+000
3.526245e+001 -9.743503e+001 0.000000e+000
3.528451e+001 -9.741047e+001 0.000000e+000
3.530658e+001 -9.738591e+001 0.000000e+000
3.532864e+001 -9.736135e+001 0.000000e+000
3.535071e+001 -9.733679e+001 0.000000e+000
3.537277e+001 -9.731224e+001 0.000000e+000
3.539484e+001 -9.728768e+001 0.000000e+000
3.541690e+001 -9.726312e+001 0.000000e+000
3.543897e+001 -9.723856e+001 0.000000e+000
3.546103e+001 -9.721400e+001 0.000000e+000
3.548310e+001 -9.718944e+001 0.000000e+000
3.550516e+001 -9.716488e+001 0.000000e+000
3.552723e+001 -9.714032e+001 0.000000e+000
3.554930e+001 -9.711576e+001 0.000000e+000
3.557136e+001 -9.709120e+001 0.000000e+000
3.559343e+001 -9.706664e+001 0.000000e+000
3.561549e+001 -9.704208e+001 0.000000e+000
3.563756e+001 -9.701753e+001 0.000000e+000
3.565962e+001 -9.699297e+001 0.000000e+000
3.568169e+001 -9.696841e+001 0.000000e+000
3.570375e+001 -9.694385e+001 0.000000e+000
3.572582e+001 -9.691929e+001 0.000000e+000
3.574788e+001 -9.689473e+001 0.000000e+000
3.576995e+001 -9.687017e+001 0.000000e+000
3.579201e+001 -9.684561e+001 0.000000e+000
3.581408e+001 -9.682105e+001 0.000000e+000
3.583614e+001 -9.679649e+001 0.000000e+000
3.585821e+001 -9.677193e+001 0.000000e+000
3.588027e+001 -9.674737e+001 0.000000e+000
3.590234e+001 -9.672282e+001 0.000000e+000
3.592440e+001 -9.669826e+001 0.000000e+000
3.594647e+001 -9.667370e+001 0.000000e+000
3.596853e+001 -9.664914e+001 0.000000e+000
3.599060e+001 -9.662458e+001 0.000000e+000
3.601266e+001 -9.660002e+001 0.000000e+000
3.603473e+001 -9.657546e+001 0.000000e+000
3.605679e+001 -9.655090e+001 0.000000e+000
3.607886e+001 -9.652634e+001 0.000000e+000
3.610092e+001 -9.650178e+001 0.000000e+000
3.612299e+001 -9.647722e+001 0.000000e+000
3.614505e+001 -9.645266e+001 0.000000e+000
3.616712e+001 -9.642811e+001 0.000000e+000
3.618918e+001 -9.640355e+001 0.000000e+000
3.621125e+001 -9.637899e+001 0.000000e+000
3.623331e+001 -9.635443e+001 0.000000e+000
3.625538e+001 -9.632987e+001 0.000000e+000
3.627745e+001 -9.630531e+001 0.000000e+000
3.629951e+001 -9.628075e+001 0.000000e+000
3.632158e+001 -9.625619e+001 0.000000e+000
3.634364e+001 -9.623163e+001 0.000000e+000
3.636571e+001 -9.620707e+001 0.000000e+000
3.638777e+001 -9.618251e+001 0.000000e+000
3.640984e+001 -9.615795e+001 0.000000e+000
3.643190e+001 -9.613340e+001 0.000000e+000
3.645397e+001 -9.610884e+001 0.000000e+000
3.647603e+001 -9.608428e+001 0.000000e+000
3.649810e+001 -9.605972e+001 0.000000e+000
3.652016e+001 -9.603516e+001 0.000000e+000
3.654223e+001 -9.601060e+001 0.000000e+000
3.656429e+001 -9.598604e+001 0.000000e+000
3.658636e+001 -9.596148e+001 0.000000e+000
3.660842e+001 -9.593692e+001 0.000000e+000
3.663049e+001 -9.591236e+001 0.000000e+000
3.665255e+001 -9.588780e+001 0.000000e+000
3.667462e+001 -9.586324e+001 0.000000e+000
3.669668e+001 -9.583869e+001 0.000000e+000
3.671875e+001 -9.581413e+001 0.000000e+000
3.674081e+001 -9.578957e+001 0.000000e+000
3.676288e+001 -9.576501e+001 0.000000e+000
3.678494e+001 -9.574045e+001 0.000000e+000
3.680701e+001 -9.571589e+001 0.000000e+000
3.682907e+001 -9.569133e+001 0.000000e+000
3.685114e+001 -9.566677e+001 0.000000e+000
3.687320e+001 -9.564221e+001 0.000000e+000
3.689527e+001 -9.561765e+001 0.000000e+000
3.691733e+001 -9.559309e+001 0.000000e+000
3.693940e+001 -9.556853e+001 0.000000e+000
3.696146e+001 -9.554398e+001 0.000000e+000
3.698353e+001 -9.551942e+001 0.000000e+000
3.700560e+001 -9.549486e+001 0.000000e+000
3.702766e+001 -9.547030e+001 0.000000e+000
3.704973e+001 -9.544574e+001 0.000000e+000
3.707179e+001 -9.542118e+001 0.000000e+000
3.709386e+001 -9.539662e+001 0.000000e+000
3.711592e+001 -9.537206e+001 0.000000e+000
3.713799e+001 -9.534750e+001 0.000000e+000
3.716005e+001 -9.532294e+001 0.000000e+000
3.718212e+001 -9.529838e+001 0.000000e+000
3.720418e+001 -9.527382e+001 0.000000e+000
3.722625e+001 -9.524927e+001 0.000000e+000
3.724831e+001 -9.522471e+001 0.000000e+000
3.727038e+001 -9.520015e+001 0.000000e+000
3.729244e+001 -9.517559e+001 0.000000e+000
3.731451e+001 -9.515103e+001 0.000000e+000
3.733657e+001 -9.512647e+001 0.000000e+000
3.735864e+001 -9.510191e+001 0.000000e+000
3.738070e+001 -9.507735e+001 0.000000e+000
3.740113e+001 -9.505129e+001 0.000000e+000
3.742157e+001 -9.502523e+001 0.000000e+000
3.744200e+001 -9.499916e+001 0.000000e+000
3.746243e+001 -9.497310e+001 0.000000e+000
3.748286e+001 -9.494704e+001 0.000000e+000
3.750329e+001 -9.492098e+001 0.000000e+000
3.752372e+001 -9.489491e+001 0.000000e+000
3.754416e+001 -9.486885e+001 0.000000e+000
3.756459e+001 -9.484279e+001 0.000000e+000
3.758502e+001 -9.481673e+001 0.000000e+000
3.760545e+001 -9.479067e+001 0.000000e+000
3.762588e+001 -9.476460e+001 0.000000e+000
3.764631e+001 -9.473854e+001 0.000000e+000
3.766674e+001 -9.471248e+001 0.000000e+000
3.768718e+001 -9.468642e+001 0.000000e+000
3.770761e+001 -9.466035e+001 0.000000e+000
3.772804e+001 -9.463429e+001 0.000000e+000
3.774847e+001 -9.460823e+001 0.000000e+000
3.776890e+001 -9.458217e+001 0.000000e+000
3.778933e+001 -9.455610e+001 0.000000e+000
3.780977e+001 -9.453004e+001 0.000000e+000
3.783020e+001 -9.450398e+001 0.000000e+000
3.785063e+001 -9.447792e+001 0.000000e+000
3.787106e+001 -9.445185e+001 0.000000e+000
3.789149e+001 -9.442579e+001 0.000000e+000
3.791192e+001 -9.439973e+001 0.000000e+000
3.793236e+001 -9.437367e+001 0.000000e+000
3.795279e+001 -9.434760e+001 0.000000e+000
3.797322e+001 -9.432154e+001 0.000000e+000
3.799365e+001 -9.429548e+001 0.000000e+000
3.801408e+001 -9.426942e+001 0.000000e+000
3.803451e+001 -9.424336e+001 0.000000e+000
3.805494e+001 -9.421729e+001 0.000000e+000
3.807538e+001 -9.419123e+001 0.000000e+000
3.809581e+001 -9.416517e+001 0.000000e+000
3.811624e+001 -9.413911e+001 0.000000e+000
3.813667e+001 -9.411304e+001 0.000000e+000
3.815710e+001 -9.408698e+001 0.000000e+000
3.817753e+001 -9.406092e+001 0.000000e+000
3.819797e+001 -9.403486e+001 0.000000e+000
3.821840e+001 -9.400879e+001 0.000000e+000
3.823883e+001 -9.398273e+001 0.000000e+000
3.825926e+001 -9.395667e+001 0.000000e+000
3.827969e+001 -9.393061e+001 0.000000e+000
3.830012e+001 -9.390454e+001 0.000000e+000
3.832056e+001 -9.387848e+001 0.000000e+000
3.834099e+001 -9.385242e+001 0.000000e+000
3.836142e+001 -9.382636e+001 0.000000e+000
3.838185e+001 -9.380029e+001 0.000000e+000
3.840228e+001 -9.377423e+001 0.000000e+000
3.842271e+001 -9.374817e+001 0.000000e+000
3.844315e+001 -9.372211e+001 0.000000e+000
3.846358e+001 -9.369604e+001 0.000000e+000
3.848401e+001 -9.366998e+001 0.000000e+000
3.850444e+001 -9.364392e+001 0.000000e+000
3.852487e+001 -9.361786e+001 0.000000e+000
3.854530e+001 -9.359180e+001 0.000000e+000
3.856573e+001 -9.356573e+001 0.000000e+000
3.858617e+001 -9.353967e+001 0.000000e+000
3.860660e+001 -9.351361e+001 0.000000e+000
3.862703e+001 -9.348755e+001 0.000000e+000
3.864746e+001 -9.346148e+001 0.000000e+000
3.866789e+001 -9.343542e+001 0.000000e+000
3.868832e+001 -9.340936e+001 0.000000e+000
3.870876e+001 -9.338330e+001 0.000000e+000
3.872919e+001 -9.335723e+001 0.000000e+000
3.874962e+001 -9.333117e+001 0.000000e+000
3.877005e+001 -9.330511e+001 0.000000e+000
3.879048e+001 -9.327905e+001 0.000000e+000
3.881091e+001 -9.325298e+001 0.000000e+000
3.883135e+001 -9.322692e+001 0.000000e+000
3.885178e+001 -9.320086e+001 0.000000e+000
3.887221e+001 -9.317480e+001 0.000000e+000
3.889264e+001 -9.314873e+001 0.000000e+000
3.891307e+001 -9.312267e+001 0.000000e+000
3.893350e+001 -9.309661e+001 0.000000e+000
3.895393e+001 -9.307055e+001 0.000000e+000
3.897437e+001 -9.304449e+001 0.000000e+000
3.899480e+001 -9.301842e+001 0.000000e+000
3.901523e+001 -9.299236e+001 0.000000e+000
3.903566e+001 -9.296630e+001 0.000000e+000
3.905609e+001 -9.294024e+001 0.000000e+000
3.907652e+001 -9.291417e+001 0.000000e+000
3.909696e+001 -9.288811e+001 0.000000e+000
3.911739e+001 -9.286205e+001 0.000000e+000
3.913782e+001 -9.283599e+001 0.000000e+000
3.915825e+001 -9.280992e+001 0.000000e+000
3.917868e+001 -9.278386e+001 0.000000e+000
3.919911e+001 -9.275780e+001 0.000000e+000
3.921955e+001 -9.273174e+001 0.000000e+000
3.923998e+001 -9.270567e+001 0.000000e+000
3.926041e+001 -9.267961e+001 0.000000e+000
3.928084e+001 -9.265355e+001 0.000000e+000
3.930127e+001 -9.262749e+001 0.000000e+000
3.932170e+001 -9.260142e+001 0.000000e+000
3.934213e+001 -9.257536e+001 0.000000e+000
3.936257e+001 -9.254930e+001 0.000000e+000
3.938300e+001 -9.252324e+001 0.000000e+000
3.940343e+001 -9.249717e+001 0.000000e+000
3.942207e+001 -9.246980e+001 0.000000e+000
3.944070e+001 -9.244242e+001 0.000000e+000
3.945934e+001 -9.241505e+001 0.000000e+000
3.947797e+001 -9.238767e+001 0.000000e+000
3.949661e+001 -9.236030e+001 0.000000e+000
3.951524e+001 -9.233292e+001 0.000000e+000
3.953388e+001 -9.230555e+001 0.000000e+000
3.955252e+001 -9.227817e+001 0.000000e+000
3.957115e+001 -9.225080e+001 0.000000e+000
3.958979e+001 -9.222342e+001 0.000000e+000
3.960842e+001 -9.219605e+001 0.000000e+000
3.962706e+001 -9.216867e+001 0.000000e+000
3.964570e+001 -9.214130e+001 0.000000e+000
3.966433e+001 -9.211392e+001 0.000000e+000
3.968297e+001 -9.208655e+001 0.000000e+000
3.970160e+001 -9.205917e+001 0.000000e+000
3.972024e+001 -9.203180e+001 0.000000e+000
3.973888e+001 -9.200442e+001 0.000000e+000
3.975751e+001 -9.197705e+001 0.000000e+000
3.977615e+001 -9.194967e+001 0.000000e+000
3.979478e+001 -9.192230e+001 0.000000e+000
3.981342e+001 -9.189492e+001 0.000000e+000
3.983205e+001 -9.186754e+001 0.000000e+000
3.985069e+001 -9.184017e+001 0.000000e+000
3.986933e+001 -9.181279e+001 0.000000e+000
3.988796e+001 -9.178542e+001 0.000000e+000
3.990660e+001 -9.175804e+001 0.000000e+000
3.992523e+001 -9.173067e+001 0.000000e+000
3.994387e+001 -9.170329e+001 0.000000e+000
3.996251e+001 -9.167592e+001 0.000000e+000
3.998114e+001 -9.164854e+001 0.000000e+000
3.999978e+001 -9.162117e+001 0.000000e+000
4.001841e+001 -9.159379e+001 0.000000e+000
4.003705e+001 -9.156642e+001 0.000000e+000
4.005568e+001 -9.153904e+001 0.000000e+000
4.007432e+001 -9.151167e+001 0.000000e+000
4.009296e+001 -9.148429e+001 0.000000e+000
4.011159e+001 -9.145692e+001 0.000000e+000
4.013023e+001 -9.142954e+001 0.000000e+000
4.014886e+001 -9.140217e+001 0.000000e+000
4.016750e+001 -9.137479e+001 0.000000e+000
4.018614e+001 -9.134742e+001 0.000000e+000
4.020477e+001 -9.132004e+001 0.000000e+000
4.022341e+001 -9.129267e+001 0.000000e+000
4.024204e+001 -9.126529e+001 0.000000e+000
4.026068e+001 -9.123791e+001 0.000000e+000
4.027932e+001 -9.121054e+001 0.000000e+000
4.029795e+001 -9.118316e+001 0.000000e+000
4.031659e+001 -9.115579e+001 0.000000e+000
4.033522e+001 -9.112841e+001 0.000000e+000
4.035386e+001 -9.110104e+001 0.000000e+000
4.037249e+001 -9.107366e+001 0.000000e+000
4.039113e+001 -9.104629e+001 0.000000e+000
4.040977e+001 -9.101891e+001 0.000000e+000
4.042840e+001 -9.099154e+001 0.000000e+000
4.044704e+001 -9.096416e+001 0.000000e+000
4.046567e+001 -9.093679e+001 0.000000e+000
4.048431e+001 -9.090941e+001 0.000000e+000
4.050295e+001 -9.088204e+001 0.000000e+000
4.052158e+001 -9.085466e+001 0.000000e+000
4.054022e+001 -9.082729e+001 0.000000e+000
4.055885e+001 -9.079991e+001 0.000000e+000
4.057749e+001 -9.077254e+001 0.000000e+000
4.059612e+001 -9.074516e+001 0.000000e+000
4.061476e+001 -9.071779e+001 0.000000e+000
4.063340e+001 -9.069041e+001 0.000000e+000
4.065203e+001 -9.066304e+001 0.000000e+000
4.067067e+001 -9.063566e+001 0.000000e+000
4.068930e+001 -9.060828e+001 0.000000e+000
4.070794e+001 -9.058091e+001 0.000000e+000
4.072658e+001 -9.055353e+001 0.000000e+000
4.074521e+001 -9.052616e+001 0.000000e+000
4.076385e+001 -9.049878e+001 0.000000e+000
4.078248e+001 -9.047141e+001 0.000000e+000
4.080112e+001 -9.044403e+001 0.000000e+000
4.081976e+001 -9.041666e+001 0.000000e+000
4.083839e+001 -9.038928e+001 0.000000e+000
4.085703e+001 -9.036191e+001 0.000000e+000
4.087566e+001 -9.033453e+001 0.000000e+000
4.089430e+001 -9.030716e+001 0.000000e+000
4.091293e+001 -9.027978e+001 0.000000e+000
4.093157e+001 -9.025241e+001 0.000000e+000
4.095021e+001 -9.022503e+001 0.000000e+000
4.096884e+001 -9.019766e+001 0.000000e+000
4.098748e+001 -9.017028e+001 0.000000e+000
4.100611e+001 -9.014291e+001 0.000000e+000
4.102475e+001 -9.011553e+001 0.000000e+000
4.104339e+001 -9.008816e+001 0.000000e+000
4.106202e+001 -9.006078e+001 0.000000e+000
4.108066e+001 -9.003341e+001 0.000000e+000
4.109929e+001 -9.000603e+001 0.000000e+000
4.111793e+001 -8.997865e+001 0.000000e+000
4.113656e+001 -8.995128e+001 0.000000e+000
4.115520e+001 -8.992390e+001 0.000000e+000
4.117384e+001 -8.989653e+001 0.000000e+000
4.119247e+001 -8.986915e+001 0.000000e+000
4.121111e+001 -8.984178e+001 0.000000e+000
4.122974e+001 -8.981440e+001 0.000000e+000
4.124838e+001 -8.978703e+001 0.000000e+000
4.126509e+001 -8.975855e+001 0.000000e+000
4.128180e+001 -8.973008e+001 0.000000e+000
4.129850e+001 -8.970160e+001 0.000000e+000
4.131521e+001 -8.967313e+001 0.000000e+000
4.133192e+001 -8.964465e+001 0.000000e+000
4.134863e+001 -8.961617e+001 0.000000e+000
4.136534e+001 -8.958770e+001 0.000000e+000
4.138204e+001 -8.955922e+001 0.000000e+000
4.139875e+001 -8.953075e+001 0.000000e+000
4.141546e+001 -8.950227e+001 0.000000e+000
4.143217e+001 -8.947379e+001 0.000000e+000
4.144887e+001 -8.944532e+001 0.000000e+000
4.146558e+001 -8.941684e+001 0.000000e+000
4.148229e+001 -8.938837e+001 0.000000e+000
4.149900e+001 -8.935989e+001 0.000000e+000
4.151571e+001 -8.933142e+001 0.000000e+000
4.153241e+001 -8.930294e+001 0.000000e+000
4.154912e+001 -8.927446e+001 0.000000e+000
4.156583e+001 -8.924599e+001 0.000000e+000
4.158254e+001 -8.921751e+001 0.000000e+000
4.159925e+001 -8.918904e+001 0.000000e+000
4.161595e+001 -8.916056e+001 0.000000e+000
4.163266e+001 -8.913209e+001 0.000000e+000
4.164937e+001 -8.910361e+001 0.000000e+000
4.166608e+001 -8.907513e+001 0.000000e+000
4.168279e+001 -8.904666e+001 0.000000e+000
4.169949e+001 -8.901818e+001 0.000000e+000
4.171620e+001 -8.898971e+001 0.000000e+000
4.173291e+001 -8.896123e+001 0.000000e+000
4.174962e+001 -8.893276e+001 0.000000e+000
4.176633e+001 -8.890428e+001 0.000000e+000
4.178303e+001 -8.887580e+001 0.000000e+000
4.179974e+001 -8.884733e+001 0.000000e+000
4.181645e+001 -8.881885e+001 0.000000e+000
4.183316e+001 -8.879038e+001 0.000000e+000
4.184986e+001 -8.876190e+001 0.000000e+000
4.186657e+001 -8.873342e+001 0.000000e+000
4.188328e+001 -8.870495e+001 0.000000e+000
4.189999e+001 -8.867647e+001 0.000000e+000
4.191670e+001 -8.864800e+001 0.000000e+000
4.193340e+001 -8.861952e+001 0.000000e+000
4.195011e+001 -8.859105e+001 0.000000e+000
4.196682e+001 -8.856257e+001 0.000000e+000
4.198353e+001 -8.853409e+001 0.000000e+000
4.200024e+001 -8.850562e+001 0.000000e+000
4.201694e+001 -8.847714e+001 0.000000e+000
4.203365e+001 -8.844867e+001 0.000000e+000
4.205036e+001 -8.842019e+001 0.000000e+000
4.206707e+001 -8.839172e+001 0.000000e+000
4.208378e+001 -8.836324e+001 0.000000e+000
4.210048e+001 -8.833476e+001 0.000000e+000
4.211719e+001 -8.830629e+001 0.000000e+000
4.213390e+001 -8.827781e+001 0.000000e+000
4.215061e+001 -8.824934e+001 0.000000e+000
4.216731e+001 -8.822086e+001 0.000000e+000
4.218402e+001 -8.819239e+001 0.000000e+000
4.220073e+001 -8.816391e+001 0.000000e+000
4.221744e+001 -8.813543e+001 0.000000e+000
4.223415e+001 -8.810696e+001 0.000000e+000
4.225085e+001 -8.807848e+001 0.000000e+000
4.226756e+001 -8.805001e+001 0.000000e+000
4.228427e+001 -8.802153e+001 0.000000e+000
4.230098e+001 -8.799305e+001 0.000000e+000
4.231769e+001 -8.796458e+001 0.000000e+000
4.233439e+001 -8.793610e+001 0.000000e+000
4.235110e+001 -8.790763e+001 0.000000e+000
4.236781e+001 -8.787915e+001 0.000000e+000
4.238452e+001 -8.785068e+001 0.000000e+000
4.240123e+001 -8.782220e+001 0.000000e+000
4.241793e+001 -8.779372e+001 0.000000e+000
4.243464e+001 -8.776525e+001 0.000000e+000
4.245135e+001 -8.773677e+001 0.000000e+000
4.246806e+001 -8.770830e+001 0.000000e+000
4.248477e+001 -8.767982e+001 0.000000e+000
4.250147e+001 -8.765135e+001 0.000000e+000
4.251818e+001 -8.762287e+001 0.000000e+000
4.253489e+001 -8.759439e+001 0.000000e+000
4.255160e+001 -8.756592e+001 0.000000e+000
4.256830e+001 -8.753744e+001 0.000000e+000
4.258501e+001 -8.750897e+001 0.000000e+000
4.260172e+001 -8.748049e+001 0.000000e+000
4.261843e+001 -8.745202e+001 0.000000e+000
4.263514e+001 -8.742354e+001 0.000000e+000
4.265184e+001 -8.739506e+001 0.000000e+000
4.266855e+001 -8.736659e+001 0.000000e+000
4.268526e+001 -8.733811e+001 0.000000e+000
4.270197e+001 -8.730964e+001 0.000000e+000
4.271868e+001 -8.728116e+001 0.000000e+000
4.273538e+001 -8.725268e+001 0.000000e+000
4.275209e+001 -8.722421e+001 0.000000e+000
4.276880e+001 -8.719573e+001 0.000000e+000
4.278551e+001 -8.716726e+001 0.000000e+000
4.280222e+001 -8.713878e+001 0.000000e+000
4.281892e+001 -8.711031e+001 0.000000e+000
4.283563e+001 -8.708183e+001 0.000000e+000
4.285234e+001 -8.705335e+001 0.000000e+000
4.286905e+001 -8.702488e+001 0.000000e+000
4.288575e+001 -8.699640e+001 0.000000e+000
4.290246e+001 -8.696793e+001 0.000000e+000
4.291857e+001 -8.693546e+001 0.000000e+000
4.293467e+001 -8.690298e+001 0.000000e+000
4.295077e+001 -8.687051e+001 0.000000e+000
4.296687e+001 -8.683804e+001 0.000000e+000
4.298298e+001 -8.680557e+001 0.000000e+000
4.299908e+001 -8.677310e+001 0.000000e+000
4.301518e+001 -8.674063e+001 0.000000e+000
4.303128e+001 -8.670815e+001 0.000000e+000
4.304739e+001 -8.667568e+001 0.000000e+000
4.306349e+001 -8.664321e+001 0.000000e+000
4.307959e+001 -8.661074e+001 0.000000e+000
4.309569e+001 -8.657827e+001 0.000000e+000
4.311180e+001 -8.654580e+001 0.000000e+000
4.312790e+001 -8.651332e+001 0.000000e+000
4.314400e+001 -8.648085e+001 0.000000e+000
4.316010e+001 -8.644838e+001 0.000000e+000
4.317621e+001 -8.641591e+001 0.000000e+000
4.319231e+001 -8.638344e+001 0.000000e+000
4.320841e+001 -8.635097e+001 0.000000e+000
4.322451e+001 -8.631849e+001 0.000000e+000
4.324062e+001 -8.628602e+001 0.000000e+000
4.325672e+001 -8.625355e+001 0.000000e+000
4.327282e+001 -8.622108e+001 0.000000e+000
4.328892e+001 -8.618861e+001 0.000000e+000
4.330503e+001 -8.615614e+001 0.000000e+000
4.332113e+001 -8.612366e+001 0.000000e+000
4.333723e+001 -8.609119e+001 0.000000e+000
4.335333e+001 -8.605872e+001 0.000000e+000
4.336944e+001 -8.602625e+001 0.000000e+000
4.338554e+001 -8.599378e+001 0.000000e+000
4.340164e+001 -8.596131e+001 0.000000e+000
4.341774e+001 -8.592883e+001 0.000000e+000
4.343385e+001 -8.589636e+001 0.000000e+000
4.344995e+001 -8.586389e+001 0.000000e+000
4.346605e+001 -8.583142e+001 0.000000e+000
4.348215e+001 -8.579895e+001 0.000000e+000
4.349826e+001 -8.576648e+001 0.000000e+000
4.351436e+001 -8.573400e+001 0.000000e+000
4.353046e+001 -8.570153e+001 0.000000e+000
4.354656e+001 -8.566906e+001 0.000000e+000
4.356267e+001 -8.563659e+001 0.000000e+000
4.357877e+001 -8.560412e+001 0.000000e+000
4.359487e+001 -8.557165e+001 0.000000e+000
4.361097e+001 -8.553917e+001 0.000000e+000
4.362708e+001 -8.550670e+001 0.000000e+000
4.364318e+001 -8.547423e+001 0.000000e+000
4.365928e+001 -8.544176e+001 0.000000e+000
4.367538e+001 -8.540929e+001 0.000000e+000
4.369149e+001 -8.537682e+001 0.000000e+000
4.370759e+001 -8.534434e+001 0.000000e+000
4.372369e+001 -8.531187e+001 0.000000e+000
4.373979e+001 -8.527940e+001 0.000000e+000
4.375590e+001 -8.524693e+001 0.000000e+000
4.377200e+001 -8.521446e+001 0.000000e+000
4.378810e+001 -8.518199e+001 0.000000e+000
4.380420e+001 -8.514951e+001 0.000000e+000
4.382031e+001 -8.511704e+001 0.000000e+000
4.383641e+001 -8.508457e+001 0.000000e+000
4.385251e+001 -8.505210e+001 0.000000e+000
4.386861e+001 -8.501963e+001 0.000000e+000
4.388472e+001 -8.498716e+001 0.000000e+000
4.390082e+001 -8.495468e+001 0.000000e+000
4.391692e+001 -8.492221e+001 0.000000e+000
4.393302e+001 -8.488974e+001 0.000000e+000
4.394913e+001 -8.485727e+001 0.000000e+000
4.396523e+001 -8.482480e+001 0.000000e+000
4.398133e+001 -8.479233e+001 0.000000e+000
4.399743e+001 -8.475985e+001 0.000000e+000
4.401354e+001 -8.472738e+001 0.000000e+000
4.402964e+001 -8.469491e+001 0.000000e+000
4.404574e+001 -8.466244e+001 0.000000e+000
4.406184e+001 -8.462997e+001 0.000000e+000
4.407795e+001 -8.459750e+001 0.000000e+000
4.409405e+001 -8.456502e+001 0.000000e+000
4.411015e+001 -8.453255e+001 0.000000e+000
4.412625e+001 -8.450008e+001 0.000000e+000
4.414236e+001 -8.446761e+001 0.000000e+000
4.415846e+001 -8.443514e+001 0.000000e+000
4.417456e+001 -8.440267e+001 0.000000e+000
4.419066e+001 -8.437020e+001 0.000000e+000
4.420677e+001 -8.433772e+001 0.000000e+000
4.422287e+001 -8.430525e+001 0.000000e+000
4.423897e+001 -8.427278e+001 0.000000e+000
4.425507e+001 -8.424031e+001 0.000000e+000
4.427118e+001 -8.420784e+001 0.000000e+000
4.428728e+001 -8.417537e+001 0.000000e+000
4.430338e+001 -8.414289e+001 0.000000e+000
4.431948e+001 -8.411042e+001 0.000000e+000
4.433559e+001 -8.407795e+001 0.000000e+000
4.435169e+001 -8.404548e+001 0.000000e+000
4.436779e+001 -8.401301e+001 0.000000e+000
4.438389e+001 -8.398054e+001 0.000000e+000
4.440000e+001 -8.394806e+001 0.000000e+000
4.441610e+001 -8.391559e+001 0.000000e+000
4.443220e+001 -8.388312e+001 0.000000e+000
4.444830e+001 -8.385065e+001 0.000000e+000
4.446441e+001 -8.381818e+001 0.000000e+000
4.448051e+001 -8.378571e+001 0.000000e+000
4.449661e+001 -8.375323e+001 0.000000e+000
4.451025e+001 -8.371976e+001 0.000000e+000
4.452389e+001 -8.368629e+001 0.000000e+000
4.453753e+001 -8.365282e+001 0.000000e+000
4.455117e+001 -8.361935e+001 0.000000e+000
4.456481e+001 -8.358587e+001 0.000000e+000
4.457844e+001 -8.355240e+001 0.000000e+000
4.459208e+001 -8.351893e+001 0.000000e+000
4.460572e+001 -8.348546e+001 0.000000e+000
4.461936e+001 -8.345199e+001 0.000000e+000
4.463300e+001 -8.341851e+001 0.000000e+000
4.464664e+001 -8.338504e+001 0.000000e+000
4.466028e+001 -8.335157e+001 0.000000e+000
4.467392e+001 -8.331810e+001 0.000000e+000
4.468756e+001 -8.328463e+001 0.000000e+000
4.470119e+001 -8.325115e+001 0.000000e+000
4.471483e+001 -8.321768e+001 0.000000e+000
4.472847e+001 -8.318421e+001 0.000000e+000
4.474211e+001 -8.315074e+001 0.000000e+000
4.475575e+001 -8.311727e+001 0.000000e+000
4.476939e+001 -8.308379e+001 0.000000e+000
4.478303e+001 -8.305032e+001 0.000000e+000
4.479667e+001 -8.301685e+001 0.000000e+000
4.481030e+001 -8.298338e+001 0.000000e+000
4.482394e+001 -8.294990e+001 0.000000e+000
4.483758e+001 -8.291643e+001 0.000000e+000
4.485122e+001 -8.288296e+001 0.000000e+000
4.486486e+001 -8.284949e+001 0.000000e+000
4.487850e+001 -8.281602e+001 0.000000e+000
4.489214e+001 -8.278254e+001 0.000000e+000
4.490578e+001 -8.274907e+001 0.000000e+000
4.491941e+001 -8.271560e+001 0.000000e+000
4.493305e+001 -8.268213e+001 0.000000e+000
4.494669e+001 -8.264866e+001 0.000000e+000
4.496033e+001 -8.261518e+001 0.000000e+000
4.497397e+001 -8.258171e+001 0.000000e+000
4.498761e+001 -8.254824e+001 0.000000e+000
4.500125e+001 -8.251477e+001 0.000000e+000
4.501489e+001 -8.248130e+001 0.000000e+000
4.502852e+001 -8.244782e+001 0.000000e+000
4.504216e+001 -8.241435e+001 0.000000e+000
4.505580e+001 -8.238088e+001 0.000000e+000
4.506944e+001 -8.234741e+001 0.000000e+000
4.508308e+001 -8.231394e+001 0.000000e+000
4.509672e+001 -8.228046e+001 0.000000e+000
4.511036e+001 -8.224699e+001 0.000000e+000
4.512400e+001 -8.221352e+001 0.000000e+000
4.513764e+001 -8.218005e+001 0.000000e+000
4.515127e+001 -8.214658e+001 0.000000e+000
4.516491e+001 -8.211310e+001 0.000000e+000
4.517855e+001 -8.207963e+001 0.000000e+000
4.519219e+001 -8.204616e+001 0.000000e+000
4.520583e+001 -8.201269e+001 0.000000e+000
4.521947e+001 -8.197922e+001 0.000000e+000
4.523311e+001 -8.194574e+001 0.000000e+000
4.524675e+001 -8.191227e+001 0.000000e+000
4.526038e+001 -8.187880e+001 0.000000e+000
4.527402e+001 -8.184533e+001 0.000000e+000
4.528766e+001 -8.181186e+001 0.000000e+000
4.530130e+001 -8.177838e+001 0.000000e+000
4.531494e+001 -8.174491e+001 0.000000e+000
4.532858e+001 -8.171144e+001 0.000000e+000
4.534222e+001 -8.167797e+001 0.000000e+000
4.535586e+001 -8.164450e+001 0.000000e+000
4.536949e+001 -8.161102e+001 0.000000e+000
4.538313e+001 -8.157755e+001 0.000000e+000
4.539677e+001 -8.154408e+001 0.000000e+000
4.541041e+001 -8.151061e+001 0.000000e+000
4.542405e+001 -8.147714e+001 0.000000e+000
4.543769e+001 -8.144366e+001 0.000000e+000
4.545133e+001 -8.141019e+001 0.000000e+000
4.546497e+001 -8.137672e+001 0.000000e+000
4.547861e+001 -8.134325e+001 0.000000e+000
4.549224e+001 -8.130977e+001 0.000000e+000
4.550588e+001 -8.127630e+001 0.000000e+000
4.551952e+001 -8.124283e+001 0.000000e+000
4.553316e+001 -8.120936e+001 0.000000e+000
4.554680e+001 -8.117589e+001 0.000000e+000
4.556044e+001 -8.114241e+001 0.000000e+000
4.557408e+001 -8.110894e+001 0.000000e+000
4.558772e+001 -8.107547e+001 0.000000e+000
4.560135e+001 -8.104200e+001 0.000000e+000
4.561499e+001 -8.100853e+001 0.000000e+000
4.562863e+001 -8.097505e+001 0.000000e+000
4.564227e+001 -8.094158e+001 0.000000e+000
4.565591e+001 -8.090811e+001 0.000000e+000
4.566955e+001 -8.087464e+001 0.000000e+000
4.568319e+001 -8.084117e+001 0.000000e+000
4.569683e+001 -8.080769e+001 0.000000e+000
4.571046e+001 -8.077422e+001 0.000000e+000
4.572410e+001 -8.074075e+001 0.000000e+000
4.573774e+001 -8.070728e+001 0.000000e+000
4.575138e+001 -8.067381e+001 0.000000e+000
4.576502e+001 -8.064033e+001 0.000000e+000
4.577866e+001 -8.060686e+001 0.000000e+000
4.579230e+001 -8.057339e+001 0.000000e+000
4.580594e+001 -8.053992e+001 0.000000e+000
4.581957e+001 -8.050645e+001 0.000000e+000
4.583321e+001 -8.047297e+001 0.000000e+000
4.584685e+001 -8.043950e+001 0.000000e+000
4.585803e+001 -8.040502e+001 0.000000e+000
4.586921e+001 -8.037055e+001 0.000000e+000
4.588038e+001 -8.033607e+001 0.000000e+000
4.589156e+001 -8.030159e+001 0.000000e+000
4.590274e+001 -8.026711e+001 0.000000e+000
4.591392e+001 -8.023263e+001 0.000000e+000
4.592509e+001 -8.019815e+001 0.000000e+000
4.593627e+001 -8.016367e+001 0.000000e+000
4.594745e+001 -8.012920e+001 0.000000e+000
4.595863e+001 -8.009472e+001 0.000000e+000
4.596980e+001 -8.006024e+001 0.000000e+000
4.598098e+001 -8.002576e+001 0.000000e+000
4.599216e+001 -7.999128e+001 0.000000e+000
4.600334e+001 -7.995680e+001 0.000000e+000
4.601451e+001 -7.992233e+001 0.000000e+000
4.602569e+001 -7.988785e+001 0.000000e+000
4.603687e+001 -7.985337e+001 0.000000e+000
4.604805e+001 -7.981889e+001 0.000000e+000
4.605922e+001 -7.978441e+001 0.000000e+000
4.607040e+001 -7.974993e+001 0.000000e+000
4.608158e+001 -7.971545e+001 0.000000e+000
4.609276e+001 -7.968098e+001 0.000000e+000
4.610394e+001 -7.964650e+001 0.000000e+000
4.611511e+001 -7.961202e+001 0.000000e+000
4.612629e+001 -7.957754e+001 0.000000e+000
4.613747e+001 -7.954306e+001 0.000000e+000
4.614865e+001 -7.950858e+001 0.000000e+000
4.615982e+001 -7.947411e+001 0.000000e+000
4.617100e+001 -7.943963e+001 0.000000e+000
4.618218e+001 -7.940515e+001 0.000000e+000
4.619336e+001 -7.937067e+001 0.000000e+000
4.620453e+001 -7.933619e+001 0.000000e+000
4.621571e+001 -7.930171e+001 0.000000e+000
4.622689e+001 -7.926724e+001 0.000000e+000
4.623807e+001 -7.923276e+001 0.000000e+000
4.624924e+001 -7.919828e+001 0.000000e+000
4.626042e+001 -7.916380e+001 0.000000e+000
4.627160e+001 -7.912932e+001 0.000000e+000
4.628278e+001 -7.909484e+001 0.000000e+000
4.629395e+001 -7.906036e+001 0.000000e+000
4.630513e+001 -7.902589e+001 0.000000e+000
4.631631e+001 -7.899141e+001 0.000000e+000
4.632749e+001 -7.895693e+001 0.000000e+000
4.633866e+001 -7.892245e+001 0.000000e+000
4.634984e+001 -7.888797e+001 0.000000e+000
4.636102e+001 -7.885349e+001 0.000000e+000
4.637220e+001 -7.881902e+001 0.000000e+000
4.638337e+001 -7.878454e+001 0.000000e+000
4.639455e+001 -7.875006e+001 0.000000e+000
4.640573e+001 -7.871558e+001 0.000000e+000
4.641691e+001 -7.868110e+001 0.000000e+000
4.642808e+001 -7.864662e+001 0.000000e+000
4.643926e+001 -7.861214e+001 0.000000e+000
4.645044e+001 -7.857767e+001 0.000000e+000
4.646162e+001 -7.854319e+001 0.000000e+000
4.647279e+001 -7.850871e+001 0.000000e+000
4.648397e+001 -7.847423e+001 0.000000e+000
4.649515e+001 -7.843975e+001 0.000000e+000
4.650633e+001 -7.840527e+001 0.000000e+000
4.651750e+001 -7.837080e+001 0.000000e+000
4.652868e+001 -7.833632e+001 0.000000e+000
4.653986e+001 -7.830184e+001 0.000000e+000
4.655104e+001 -7.826736e+001 0.000000e+000
4.656221e+001 -7.823288e+001 0.000000e+000
4.657339e+001 -7.819840e+001 0.000000e+000
4.658457e+001 -7.816393e+001 0.000000e+000
4.659575e+001 -7.812945e+001 0.000000e+000
4.660692e+001 -7.809497e+001 0.000000e+000
4.661810e+001 -7.806049e+001 0.000000e+000
4.662928e+001 -7.802601e+001 0.000000e+000
4.664046e+001 -7.799153e+001 0.000000e+000
4.665163e+001 -7.795705e+001 0.000000e+000
4.666281e+001 -7.792258e+001 0.000000e+000
4.667399e+001 -7.788810e+001 0.000000e+000
4.668517e+001 -7.785362e+001 0.000000e+000
4.669634e+001 -7.781914e+001 0.000000e+000
4.670752e+001 -7.778466e+001 0.000000e+000
4.671870e+001 -7.775018e+001 0.000000e+000
4.672988e+001 -7.771571e+001 0.000000e+000
4.674105e+001 -7.768123e+001 0.000000e+000
4.675223e+001 -7.764675e+001 0.000000e+000
4.676341e+001 -7.761227e+001 0.000000e+000
4.677459e+001 -7.757779e+001 0.000000e+000
4.678576e+001 -7.754331e+001 0.000000e+000
4.679694e+001 -7.750883e+001 0.000000e+000
4.680812e+001 -7.747436e+001 0.000000e+000
4.681930e+001 -7.743988e+001 0.000000e+000
4.683047e+001 -7.740540e+001 0.000000e+000
4.684165e+001 -7.737092e+001 0.000000e+000
4.685283e+001 -7.733644e+001 0.000000e+000
4.686401e+001 -7.730196e+001 0.000000e+000
4.687518e+001 -7.726749e+001 0.000000e+000
4.688636e+001 -7.723301e+001 0.000000e+000
4.689754e+001 -7.719853e+001 0.000000e+000
4.690872e+001 -7.716405e+001 0.000000e+000
4.691989e+001 -7.712957e+001 0.000000e+000
4.693107e+001 -7.709509e+001 0.000000e+000
4.694225e+001 -7.706062e+001 0.000000e+000
4.695343e+001 -7.702614e+001 0.000000e+000
4.696204e+001 -7.699093e+001 0.000000e+000
4.697065e+001 -7.695572e+001 0.000000e+000
4.697927e+001 -7.692052e+001 0.000000e+000
4.698788e+001 -7.688531e+001 0.000000e+000
4.699650e+001 -7.685010e+001 0.000000e+000
4.700511e+001 -7.681490e+001 0.000000e+000
4.701373e+001 -7.677969e+001 0.000000e+000
4.702234e+001 -7.674449e+001 0.000000e+000
4.703095e+001 -7.670928e+001 0.000000e+000
4.703957e+001 -7.667407e+001 0.000000e+000
4.704818e+001 -7.663887e+001 0.000000e+000
4.705680e+001 -7.660366e+001 0.000000e+000
4.706541e+001 -7.656845e+001 0.000000e+000
4.707403e+001 -7.653325e+001 0.000000e+000
4.708264e+001 -7.649804e+001 0.000000e+000
4.709125e+001 -7.646283e+001 0.000000e+000
4.709987e+001 -7.642763e+001 0.000000e+000
4.710848e+001 -7.639242e+001 0.000000e+000
4.711710e+001 -7.635721e+001 0.000000e+000
4.712571e+001 -7.632201e+001 0.000000e+000
4.713433e+001 -7.628680e+001 0.000000e+000
4.714294e+001 -7.625160e+001 0.000000e+000
4.715155e+001 -7.621639e+001 0.000000e+000
4.716017e+001 -7.618118e+001 0.000000e+000
4.716878e+001 -7.614598e+001 0.000000e+000
4.717740e+001 -7.611077e+001 0.000000e+000
4.718601e+001 -7.607556e+001 0.000000e+000
4.719463e+001 -7.604036e+001 0.000000e+000
4.720324e+001 -7.600515e+001 0.000000e+000
4.721185e+001 -7.596994e+001 0.000000e+000
4.722047e+001 -7.593474e+001 0.000000e+000
4.722908e+001 -7.589953e+001 0.000000e+000
4.723770e+001 -7.586432e+001 0.000000e+000
4.724631e+001 -7.582912e+001 0.000000e+000
4.725493e+001 -7.579391e+001 0.000000e+000
4.726354e+001 -7.575871e+001 0.000000e+000
4.727215e+001 -7.572350e+001 0.000000e+000
4.728077e+001 -7.568829e+001 0.000000e+000
4.728938e+001 -7.565309e+001 0.000000e+000
4.729800e+001 -7.561788e+001 0.000000e+000
4.730661e+001 -7.558267e+001 0.000000e+000
4.731523e+001 -7.554747e+001 0.000000e+000
4.732384e+001 -7.551226e+001 0.000000e+000
4.733245e+001 -7.547705e+001 0.000000e+000
4.734107e+001 -7.544185e+001 0.000000e+000
4.734968e+001 -7.540664e+001 0.000000e+000
4.735830e+001 -7.537143e+001 0.000000e+000
4.736691e+001 -7.533623e+001 0.000000e+000
4.737553e+001 -7.530102e+001 0.000000e+000
4.738414e+001 -7.526582e+001 0.000000e+000
4.739275e+001 -7.523061e+001 0.000000e+000
4.740137e+001 -7.519540e+001 0.000000e+000
4.740998e+001 -7.516020e+001 0.000000e+000
4.741860e+001 -7.512499e+001 0.000000e+000
4.742721e+001 -7.508978e+001 0.000000e+000
4.743583e+001 -7.505458e+001 0.000000e+000
4.744444e+001 -7.501937e+001 0.000000e+000
4.745306e+001 -7.498416e+001 0.000000e+000
4.746167e+001 -7.494896e+001 0.000000e+000
4.747028e+001 -7.491375e+001 0.000000e+000
4.747890e+001 -7.487854e+001 0.000000e+000
4.748751e+001 -7.484334e+001 0.000000e+000
4.749613e+001 -7.480813e+001 0.000000e+000
4.750474e+001 -7.477293e+001 0.000000e+000
4.751336e+001 -7.473772e+001 0.000000e+000
4.752197e+001 -7.470251e+001 0.000000e+000
4.753058e+001 -7.466731e+001 0.000000e+000
4.753920e+001 -7.463210e+001 0.000000e+000
4.754781e+001 -7.459689e+001 0.000000e+000
4.755643e+001 -7.456169e+001 0.000000e+000
4.756504e+001 -7.452648e+001 0.000000e+000
4.757366e+001 -7.449127e+001 0.000000e+000
4.758227e+001 -7.445607e+001 0.000000e+000
4.759088e+001 -7.442086e+001 0.000000e+000
4.759950e+001 -7.438565e+001 0.000000e+000
4.760811e+001 -7.435045e+001 0.000000e+000
4.761673e+001 -7.431524e+001 0.000000e+000
4.762534e+001 -7.428004e+001 0.000000e+000
4.763396e+001 -7.424483e+001 0.000000e+000
4.764257e+001 -7.420962e+001 0.000000e+000
4.765118e+001 -7.417442e+001 0.000000e+000
4.765980e+001 -7.413921e+001 0.000000e+000
4.766841e+001 -7.410400e+001 0.000000e+000
4.767703e+001 -7.406880e+001 0.000000e+000
4.768564e+001 -7.403359e+001 0.000000e+000
4.769426e+001 -7.399838e+001 0.000000e+000
4.770287e+001 -7.396318e+001 0.000000e+000
4.771148e+001 -7.392797e+001 0.000000e+000
4.772010e+001 -7.389276e+001 0.000000e+000
4.772871e+001 -7.385756e+001 0.000000e+000
4.773733e+001 -7.382235e+001 0.000000e+000
4.774594e+001 -7.378714e+001 0.000000e+000
4.775456e+001 -7.375194e+001 0.000000e+000
4.776317e+001 -7.371673e+001 0.000000e+000
4.777178e+001 -7.368153e+001 0.000000e+000
4.778040e+001 -7.364632e+001 0.000000e+000
4.778901e+001 -7.361111e+001 0.000000e+000
4.779763e+001 -7.357591e+001 0.000000e+000
4.780624e+001 -7.354070e+001 0.000000e+000
4.793617e+001 -7.280501e+001 0.000000e+000
4.806610e+001 -7.206931e+001 0.000000e+000
4.819602e+001 -7.133362e+001 0.000000e+000
4.832595e+001 -7.059792e+001 0.000000e+000
4.845588e+001 -6.986223e+001 0.000000e+000
4.858580e+001 -6.912654e+001 0.000000e+000
4.871573e+001 -6.839084e+001 0.000000e+000
4.884566e+001 -6.765515e+001 0.000000e+000
4.897558e+001 -6.691945e+001 0.000000e+000
4.910551e+001 -6.618376e+001 0.000000e+000
4.923544e+001 -6.544807e+001 0.000000e+000
4.936536e+001 -6.471237e+001 0.000000e+000
4.949529e+001 -6.397668e+001 0.000000e+000
4.962522e+001 -6.324098e+001 0.000000e+000
4.975514e+001 -6.250529e+001 0.000000e+000
4.988507e+001 -6.176960e+001 0.000000e+000
5.001500e+001 -6.103390e+001 0.000000e+000
5.014492e+001 -6.029821e+001 0.000000e+000
5.027485e+001 -5.956252e+001 0.000000e+000
5.040478e+001 -5.882682e+001 0.000000e+000
5.053471e+001 -5.809113e+001 0.000000e+000
5.066463e+001 -5.735543e+001 0.000000e+000
5.079456e+001 -5.661974e+001 0.000000e+000
5.092449e+001 -5.588405e+001 0.000000e+000
5.105441e+001 -5.514835e+001 0.000000e+000
5.118434e+001 -5.441266e+001 0.000000e+000
5.131427e+001 -5.367696e+001 0.000000e+000
5.144419e+001 -5.294127e+001 0.000000e+000
5.157412e+001 -5.220558e+001 0.000000e+000
5.170405e+001 -5.146988e+001 0.000000e+000
5.183397e+001 -5.073419e+001 0.000000e+000
5.196390e+001 -4.999849e+001 0.000000e+000
5.209383e+001 -4.926280e+001 0.000000e+000
5.222375e+001 -4.852711e+001 0.000000e+000
5.235368e+001 -4.779141e+001 0.000000e+000
5.248361e+001 -4.705572e+001 0.000000e+000
5.261353e+001 -4.632002e+001 0.000000e+000
5.274346e+001 -4.558433e+001 0.000000e+000
5.287339e+001 -4.484864e+001 0.000000e+000
5.300332e+001 -4.411294e+001 0.000000e+000
5.313324e+001 -4.337725e+001 0.000000e+000
5.326317e+001 -4.264155e+001 0.000000e+000
5.339310e+001 -4.190586e+001 0.000000e+000
5.352302e+001 -4.117017e+001 0.000000e+000
5.365295e+001 -4.043447e+001 0.000000e+000
5.378288e+001 -3.969878e+001 0.000000e+000
5.391280e+001 -3.896308e+001 0.000000e+000
5.404273e+001 -3.822739e+001 0.000000e+000
5.417266e+001 -3.749170e+001 0.000000e+000
5.430258e+001 -3.675600e+001 0.000000e+000
5.443251e+001 -3.602031e+001 0.000000e+000
5.456244e+001 -3.528462e+001 0.000000e+000
5.469236e+001 -3.454892e+001 0.000000e+000
5.482229e+001 -3.381323e+001 0.000000e+000
5.495222e+001 -3.307753e+001 0.000000e+000
5.508215e+001 -3.234184e+001 0.000000e+000
5.521207e+001 -3.160615e+001 0.000000e+000
5.534200e+001 -3.087045e+001 0.000000e+000
5.547193e+001 -3.013476e+001 0.000000e+000
5.560185e+001 -2.939906e+001 0.000000e+000
5.573178e+001 -2.866337e+001 0.000000e+000
5.586171e+001 -2.792768e+001 0.000000e+000
5.599163e+001 -2.719198e+001 0.000000e+000
5.612156e+001 -2.645629e+001 0.000000e+000
5.625149e+001 -2.572059e+001 0.000000e+000
5.638141e+001 -2.498490e+001 0.000000e+000
5.651134e+001 -2.424921e+001 0.000000e+000
5.664127e+001 -2.351351e+001 0.000000e+000
5.677119e+001 -2.277782e+001 0.000000e+000
5.690112e+001 -2.204212e+001 0.000000e+000
5.703105e+001 -2.130643e+001 0.000000e+000
5.716097e+001 -2.057074e+001 0.000000e+000
5.729090e+001 -1.983504e+001 0.000000e+000
5.742083e+001 -1.909935e+001 0.000000e+000
5.755076e+001 -1.836365e+001 0.000000e+000
5.768068e+001 -1.762796e+001 0.000000e+000
5.781061e+001 -1.689227e+001 0.000000e+000
5.794054e+001 -1.615657e+001 0.000000e+000
5.807046e+001 -1.542088e+001 0.000000e+000
5.820039e+001 -1.468518e+001 0.000000e+000
5.833032e+001 -1.394949e+001 0.000000e+000
5.846024e+001 -1.321380e+001 0.000000e+000
5.859017e+001 -1.247810e+001 0.000000e+000
5.872010e+001 -1.174241e+001 0.000000e+000
5.885002e+001 -1.100672e+001 0.000000e+000
5.897995e+001 -1.027102e+001 0.000000e+000
5.910988e+001 -9.535327e+000 0.000000e+000
5.923980e+001 -8.799633e+000 0.000000e+000
5.936973e+001 -8.063939e+000 0.000000e+000
5.949966e+001 -7.328245e+000 0.000000e+000
5.962959e+001 -6.592552e+000 0.000000e+000
5.975951e+001 -5.856858e+000 0.000000e+000
5.988944e+001 -5.121164e+000 0.000000e+000
6.001937e+001 -4.385470e+000 0.000000e+000
6.014929e+001 -3.649776e+000 0.000000e+000
6.027922e+001 -2.914082e+000 0.000000e+000
6.040915e+001 -2.178388e+000 0.000000e+000
6.053907e+001 -1.442694e+000 0.000000e+000
6.066900e+001 -7.070000e-001 0.000000e+000
