LLLLLLLLLLLLLLLLLLLL
0
93.06
147.45
-13.73
92.56
146.49
-13.53
1
76.78
151.23
-9.55
76.28
150.25
-9.46
2
75.73
149.16
-15.42
75.23
148.18
-15.33
3
74.58
146.89
-21.87
74.08
145.90
-21.79
4
73.21
144.2
-29.50
72.71
143.21
-29.41
5
71.74
141.3
-37.72
71.24
140.32
-37.63
6
69.95
137.78
-47.69
69.45
136.80
-47.61
7
67.96
133.85
-58.84
67.46
132.87
-58.76
8
65.75
129.50
-71.17
65.25
128.52
-71.08
9
63.12
124.33
-85.84
62.62
123.35
-85.75
MMMMMMMMMMMMMMMMMMM
0
76.16
114.78
-13.91
75.66
113.81
-13.70
1
60.66
119.47
-8.88
60.16
118.49
-8.79
2
59.71
117.61
-14.16
59.21
116.62
-14.07
3
58.77
115.75
-19.44
58.27
114.76
-19.35
4
57.72
113.68
-25.31
57.22
112.69
-25.22
5
56.45
111.20
-32.35
55.95
110.21
-32.26
6
54.98
108.30
-40.56
54.48
107.31
-40.48
7
53.41
105.19
-49.37
52.91
104.21
-49.28
8
51.41
101.26
-60.52
50.91
100.28
-60.43
9
49.31
97.12
-72.25
48.81
96.14
-72.17
10
46.58
91.74
-87.51
46.08
90.76
-87.42
SSSSSSSSSSSSSSSSSSSS
0
55.57
87.32
-13.81
55.07
86.34
-13.62
1
45.86
90.33
-12.10
45.36
89.35
-12.01
2
45.02
88.68
-16.79
44.52
87.69
-16.71
3
44.18
87.02
-21.49
43.68
86.04
-21.40
4
43.13
84.96
-27.36
42.63
83.97
-27.27
5
41.98
82.68
-33.81
41.48
81.69
-33.73
6
40.61
79.99
-41.44
40.11
79.00
-41.35
7
39.03
76.88
-50.24
38.53
75.90
-50.16
8
37.25
73.37
-60.22
36.75
72.38
-60.13
9
34.94
68.81
-73.13
34.44
67.83
-73.04
