0.000000e+000 -1.380000e+002 0.000000e+000
4.198204e-002 -1.379986e+002 0.000000e+000
8.396408e-002 -1.379973e+002 0.000000e+000
1.259461e-001 -1.379959e+002 0.000000e+000
1.679282e-001 -1.379946e+002 0.000000e+000
2.099102e-001 -1.379932e+002 0.000000e+000
2.518922e-001 -1.379919e+002 0.000000e+000
2.938743e-001 -1.379905e+002 0.000000e+000
3.358563e-001 -1.379891e+002 0.000000e+000
3.778383e-001 -1.379878e+002 0.000000e+000
4.198204e-001 -1.379864e+002 0.000000e+000
4.618024e-001 -1.379851e+002 0.000000e+000
5.037845e-001 -1.379837e+002 0.000000e+000
5.457665e-001 -1.379824e+002 0.000000e+000
5.877485e-001 -1.379810e+002 0.000000e+000
6.297306e-001 -1.379796e+002 0.000000e+000
6.717126e-001 -1.379783e+002 0.000000e+000
7.136947e-001 -1.379769e+002 0.000000e+000
7.556767e-001 -1.379756e+002 0.000000e+000
7.976587e-001 -1.379742e+002 0.000000e+000
8.396408e-001 -1.379729e+002 0.000000e+000
8.816228e-001 -1.379715e+002 0.000000e+000
9.236048e-001 -1.379701e+002 0.000000e+000
9.655869e-001 -1.379688e+002 0.000000e+000
1.007569e+000 -1.379674e+002 0.000000e+000
1.049551e+000 -1.379661e+002 0.000000e+000
1.091533e+000 -1.379647e+002 0.000000e+000
1.133515e+000 -1.379633e+002 0.000000e+000
1.175497e+000 -1.379620e+002 0.000000e+000
1.217479e+000 -1.379606e+002 0.000000e+000
1.259461e+000 -1.379593e+002 0.000000e+000
1.301443e+000 -1.379579e+002 0.000000e+000
1.343425e+000 -1.379566e+002 0.000000e+000
1.385407e+000 -1.379552e+002 0.000000e+000
1.427389e+000 -1.379538e+002 0.000000e+000
1.469371e+000 -1.379525e+002 0.000000e+000
1.511353e+000 -1.379511e+002 0.000000e+000
1.553335e+000 -1.379498e+002 0.000000e+000
1.595317e+000 -1.379484e+002 0.000000e+000
1.637299e+000 -1.379471e+002 0.000000e+000
1.679282e+000 -1.379457e+002 0.000000e+000
1.721264e+000 -1.379443e+002 0.000000e+000
1.763246e+000 -1.379430e+002 0.000000e+000
1.805228e+000 -1.379416e+002 0.000000e+000
1.847210e+000 -1.379403e+002 0.000000e+000
1.889192e+000 -1.379389e+002 0.000000e+000
1.931174e+000 -1.379376e+002 0.000000e+000
1.973156e+000 -1.379362e+002 0.000000e+000
2.015138e+000 -1.379348e+002 0.000000e+000
2.057120e+000 -1.379335e+002 0.000000e+000
2.099102e+000 -1.379321e+002 0.000000e+000
2.141084e+000 -1.379308e+002 0.000000e+000
2.183066e+000 -1.379294e+002 0.000000e+000
2.225048e+000 -1.379281e+002 0.000000e+000
2.267030e+000 -1.379267e+002 0.000000e+000
2.309012e+000 -1.379253e+002 0.000000e+000
2.350994e+000 -1.379240e+002 0.000000e+000
2.392976e+000 -1.379226e+002 0.000000e+000
2.434958e+000 -1.379213e+002 0.000000e+000
2.476940e+000 -1.379199e+002 0.000000e+000
2.518922e+000 -1.379186e+002 0.000000e+000
2.560904e+000 -1.379172e+002 0.000000e+000
2.602886e+000 -1.379158e+002 0.000000e+000
2.644868e+000 -1.379145e+002 0.000000e+000
2.686850e+000 -1.379131e+002 0.000000e+000
2.728832e+000 -1.379118e+002 0.000000e+000
2.770815e+000 -1.379104e+002 0.000000e+000
2.812797e+000 -1.379090e+002 0.000000e+000
2.854779e+000 -1.379077e+002 0.000000e+000
2.896761e+000 -1.379063e+002 0.000000e+000
2.938743e+000 -1.379050e+002 0.000000e+000
2.980725e+000 -1.379036e+002 0.000000e+000
3.022707e+000 -1.379023e+002 0.000000e+000
3.064689e+000 -1.379009e+002 0.000000e+000
3.106671e+000 -1.378995e+002 0.000000e+000
3.148653e+000 -1.378982e+002 0.000000e+000
3.190635e+000 -1.378968e+002 0.000000e+000
3.232617e+000 -1.378955e+002 0.000000e+000
3.274599e+000 -1.378941e+002 0.000000e+000
3.316581e+000 -1.378928e+002 0.000000e+000
3.358563e+000 -1.378914e+002 0.000000e+000
3.400545e+000 -1.378900e+002 0.000000e+000
3.442527e+000 -1.378887e+002 0.000000e+000
3.484509e+000 -1.378873e+002 0.000000e+000
3.526491e+000 -1.378860e+002 0.000000e+000
3.568473e+000 -1.378846e+002 0.000000e+000
3.610455e+000 -1.378833e+002 0.000000e+000
3.652437e+000 -1.378819e+002 0.000000e+000
3.694419e+000 -1.378805e+002 0.000000e+000
3.736401e+000 -1.378792e+002 0.000000e+000
3.778383e+000 -1.378778e+002 0.000000e+000
3.820365e+000 -1.378765e+002 0.000000e+000
3.862348e+000 -1.378751e+002 0.000000e+000
3.904330e+000 -1.378738e+002 0.000000e+000
3.946312e+000 -1.378724e+002 0.000000e+000
3.988294e+000 -1.378710e+002 0.000000e+000
4.030276e+000 -1.378697e+002 0.000000e+000
4.072258e+000 -1.378683e+002 0.000000e+000
4.114240e+000 -1.378670e+002 0.000000e+000
4.156222e+000 -1.378656e+002 0.000000e+000
4.198029e+000 -1.378615e+002 0.000000e+000
4.239835e+000 -1.378575e+002 0.000000e+000
4.281642e+000 -1.378534e+002 0.000000e+000
4.323449e+000 -1.378494e+002 0.000000e+000
4.365256e+000 -1.378453e+002 0.000000e+000
4.407063e+000 -1.378412e+002 0.000000e+000
4.448869e+000 -1.378372e+002 0.000000e+000
4.490676e+000 -1.378331e+002 0.000000e+000
4.532483e+000 -1.378290e+002 0.000000e+000
4.574290e+000 -1.378250e+002 0.000000e+000
4.616097e+000 -1.378209e+002 0.000000e+000
4.657904e+000 -1.378168e+002 0.000000e+000
4.699710e+000 -1.378128e+002 0.000000e+000
4.741517e+000 -1.378087e+002 0.000000e+000
4.783324e+000 -1.378046e+002 0.000000e+000
4.825131e+000 -1.378006e+002 0.000000e+000
4.866938e+000 -1.377965e+002 0.000000e+000
4.908744e+000 -1.377924e+002 0.000000e+000
4.950551e+000 -1.377884e+002 0.000000e+000
4.992358e+000 -1.377843e+002 0.000000e+000
5.034165e+000 -1.377802e+002 0.000000e+000
5.075972e+000 -1.377762e+002 0.000000e+000
5.117778e+000 -1.377721e+002 0.000000e+000
5.159585e+000 -1.377680e+002 0.000000e+000
5.201392e+000 -1.377640e+002 0.000000e+000
5.243199e+000 -1.377599e+002 0.000000e+000
5.285006e+000 -1.377559e+002 0.000000e+000
5.326812e+000 -1.377518e+002 0.000000e+000
5.368619e+000 -1.377477e+002 0.000000e+000
5.410426e+000 -1.377437e+002 0.000000e+000
5.452233e+000 -1.377396e+002 0.000000e+000
5.494040e+000 -1.377355e+002 0.000000e+000
5.535846e+000 -1.377315e+002 0.000000e+000
5.577653e+000 -1.377274e+002 0.000000e+000
5.619460e+000 -1.377233e+002 0.000000e+000
5.661267e+000 -1.377193e+002 0.000000e+000
5.703074e+000 -1.377152e+002 0.000000e+000
5.744881e+000 -1.377111e+002 0.000000e+000
5.786687e+000 -1.377071e+002 0.000000e+000
5.828494e+000 -1.377030e+002 0.000000e+000
5.870301e+000 -1.376989e+002 0.000000e+000
5.912108e+000 -1.376949e+002 0.000000e+000
5.953915e+000 -1.376908e+002 0.000000e+000
5.995721e+000 -1.376867e+002 0.000000e+000
6.037528e+000 -1.376827e+002 0.000000e+000
6.079335e+000 -1.376786e+002 0.000000e+000
6.121142e+000 -1.376746e+002 0.000000e+000
6.162949e+000 -1.376705e+002 0.000000e+000
6.204755e+000 -1.376664e+002 0.000000e+000
6.246562e+000 -1.376624e+002 0.000000e+000
6.288369e+000 -1.376583e+002 0.000000e+000
6.330176e+000 -1.376542e+002 0.000000e+000
6.371983e+000 -1.376502e+002 0.000000e+000
6.413789e+000 -1.376461e+002 0.000000e+000
6.455596e+000 -1.376420e+002 0.000000e+000
6.497403e+000 -1.376380e+002 0.000000e+000
6.539210e+000 -1.376339e+002 0.000000e+000
6.581017e+000 -1.376298e+002 0.000000e+000
6.622824e+000 -1.376258e+002 0.000000e+000
6.664630e+000 -1.376217e+002 0.000000e+000
6.706437e+000 -1.376176e+002 0.000000e+000
6.748244e+000 -1.376136e+002 0.000000e+000
6.790051e+000 -1.376095e+002 0.000000e+000
6.831858e+000 -1.376054e+002 0.000000e+000
6.873664e+000 -1.376014e+002 0.000000e+000
6.915471e+000 -1.375973e+002 0.000000e+000
6.957278e+000 -1.375932e+002 0.000000e+000
6.999085e+000 -1.375892e+002 0.000000e+000
7.040892e+000 -1.375851e+002 0.000000e+000
7.082698e+000 -1.375811e+002 0.000000e+000
7.124505e+000 -1.375770e+002 0.000000e+000
7.166312e+000 -1.375729e+002 0.000000e+000
7.208119e+000 -1.375689e+002 0.000000e+000
7.249926e+000 -1.375648e+002 0.000000e+000
7.291732e+000 -1.375607e+002 0.000000e+000
7.333539e+000 -1.375567e+002 0.000000e+000
7.375346e+000 -1.375526e+002 0.000000e+000
7.417153e+000 -1.375485e+002 0.000000e+000
7.458960e+000 -1.375445e+002 0.000000e+000
7.500767e+000 -1.375404e+002 0.000000e+000
7.542573e+000 -1.375363e+002 0.000000e+000
7.584380e+000 -1.375323e+002 0.000000e+000
7.626187e+000 -1.375282e+002 0.000000e+000
7.667994e+000 -1.375241e+002 0.000000e+000
7.709801e+000 -1.375201e+002 0.000000e+000
7.751607e+000 -1.375160e+002 0.000000e+000
7.793414e+000 -1.375119e+002 0.000000e+000
7.835221e+000 -1.375079e+002 0.000000e+000
7.877028e+000 -1.375038e+002 0.000000e+000
7.918835e+000 -1.374998e+002 0.000000e+000
7.960641e+000 -1.374957e+002 0.000000e+000
8.002448e+000 -1.374916e+002 0.000000e+000
8.044255e+000 -1.374876e+002 0.000000e+000
8.086062e+000 -1.374835e+002 0.000000e+000
8.127869e+000 -1.374794e+002 0.000000e+000
8.169675e+000 -1.374754e+002 0.000000e+000
8.211482e+000 -1.374713e+002 0.000000e+000
8.253289e+000 -1.374672e+002 0.000000e+000
8.295096e+000 -1.374632e+002 0.000000e+000
8.336652e+000 -1.374564e+002 0.000000e+000
8.378208e+000 -1.374496e+002 0.000000e+000
8.419765e+000 -1.374428e+002 0.000000e+000
8.461321e+000 -1.374361e+002 0.000000e+000
8.502877e+000 -1.374293e+002 0.000000e+000
8.544433e+000 -1.374225e+002 0.000000e+000
8.585989e+000 -1.374157e+002 0.000000e+000
8.627546e+000 -1.374090e+002 0.000000e+000
8.669102e+000 -1.374022e+002 0.000000e+000
8.710658e+000 -1.373954e+002 0.000000e+000
8.752214e+000 -1.373886e+002 0.000000e+000
8.793771e+000 -1.373819e+002 0.000000e+000
8.835327e+000 -1.373751e+002 0.000000e+000
8.876883e+000 -1.373683e+002 0.000000e+000
8.918439e+000 -1.373615e+002 0.000000e+000
8.959996e+000 -1.373548e+002 0.000000e+000
9.001552e+000 -1.373480e+002 0.000000e+000
9.043108e+000 -1.373412e+002 0.000000e+000
9.084664e+000 -1.373344e+002 0.000000e+000
9.126220e+000 -1.373277e+002 0.000000e+000
9.167777e+000 -1.373209e+002 0.000000e+000
9.209333e+000 -1.373141e+002 0.000000e+000
9.250889e+000 -1.373073e+002 0.000000e+000
9.292445e+000 -1.373006e+002 0.000000e+000
9.334002e+000 -1.372938e+002 0.000000e+000
9.375558e+000 -1.372870e+002 0.000000e+000
9.417114e+000 -1.372802e+002 0.000000e+000
9.458670e+000 -1.372735e+002 0.000000e+000
9.500227e+000 -1.372667e+002 0.000000e+000
9.541783e+000 -1.372599e+002 0.000000e+000
9.583339e+000 -1.372531e+002 0.000000e+000
9.624895e+000 -1.372464e+002 0.000000e+000
9.666451e+000 -1.372396e+002 0.000000e+000
9.708008e+000 -1.372328e+002 0.000000e+000
9.749564e+000 -1.372260e+002 0.000000e+000
9.791120e+000 -1.372193e+002 0.000000e+000
9.832676e+000 -1.372125e+002 0.000000e+000
9.874233e+000 -1.372057e+002 0.000000e+000
9.915789e+000 -1.371989e+002 0.000000e+000
9.957345e+000 -1.371922e+002 0.000000e+000
9.998901e+000 -1.371854e+002 0.000000e+000
1.004046e+001 -1.371786e+002 0.000000e+000
1.008201e+001 -1.371718e+002 0.000000e+000
1.012357e+001 -1.371651e+002 0.000000e+000
1.016513e+001 -1.371583e+002 0.000000e+000
1.020668e+001 -1.371515e+002 0.000000e+000
1.024824e+001 -1.371447e+002 0.000000e+000
1.028979e+001 -1.371380e+002 0.000000e+000
1.033135e+001 -1.371312e+002 0.000000e+000
1.037291e+001 -1.371244e+002 0.000000e+000
1.041446e+001 -1.371176e+002 0.000000e+000
1.045602e+001 -1.371109e+002 0.000000e+000
1.049758e+001 -1.371041e+002 0.000000e+000
1.053913e+001 -1.370973e+002 0.000000e+000
1.058069e+001 -1.370905e+002 0.000000e+000
1.062224e+001 -1.370838e+002 0.000000e+000
1.066380e+001 -1.370770e+002 0.000000e+000
1.070536e+001 -1.370702e+002 0.000000e+000
1.074691e+001 -1.370634e+002 0.000000e+000
1.078847e+001 -1.370567e+002 0.000000e+000
1.083003e+001 -1.370499e+002 0.000000e+000
1.087158e+001 -1.370431e+002 0.000000e+000
1.091314e+001 -1.370363e+002 0.000000e+000
1.095469e+001 -1.370296e+002 0.000000e+000
1.099625e+001 -1.370228e+002 0.000000e+000
1.103781e+001 -1.370160e+002 0.000000e+000
1.107936e+001 -1.370092e+002 0.000000e+000
1.112092e+001 -1.370025e+002 0.000000e+000
1.116248e+001 -1.369957e+002 0.000000e+000
1.120403e+001 -1.369889e+002 0.000000e+000
1.124559e+001 -1.369821e+002 0.000000e+000
1.128714e+001 -1.369754e+002 0.000000e+000
1.132870e+001 -1.369686e+002 0.000000e+000
1.137026e+001 -1.369618e+002 0.000000e+000
1.141181e+001 -1.369550e+002 0.000000e+000
1.145337e+001 -1.369482e+002 0.000000e+000
1.149493e+001 -1.369415e+002 0.000000e+000
1.153648e+001 -1.369347e+002 0.000000e+000
1.157804e+001 -1.369279e+002 0.000000e+000
1.161959e+001 -1.369211e+002 0.000000e+000
1.166115e+001 -1.369144e+002 0.000000e+000
1.170271e+001 -1.369076e+002 0.000000e+000
1.174426e+001 -1.369008e+002 0.000000e+000
1.178582e+001 -1.368940e+002 0.000000e+000
1.182738e+001 -1.368873e+002 0.000000e+000
1.186893e+001 -1.368805e+002 0.000000e+000
1.191049e+001 -1.368737e+002 0.000000e+000
1.195204e+001 -1.368669e+002 0.000000e+000
1.199360e+001 -1.368602e+002 0.000000e+000
1.203516e+001 -1.368534e+002 0.000000e+000
1.207671e+001 -1.368466e+002 0.000000e+000
1.211827e+001 -1.368398e+002 0.000000e+000
1.215983e+001 -1.368331e+002 0.000000e+000
1.220138e+001 -1.368263e+002 0.000000e+000
1.224294e+001 -1.368195e+002 0.000000e+000
1.228449e+001 -1.368127e+002 0.000000e+000
1.232605e+001 -1.368060e+002 0.000000e+000
1.236761e+001 -1.367992e+002 0.000000e+000
1.240916e+001 -1.367924e+002 0.000000e+000
1.245010e+001 -1.367830e+002 0.000000e+000
1.249103e+001 -1.367736e+002 0.000000e+000
1.253196e+001 -1.367641e+002 0.000000e+000
1.257289e+001 -1.367547e+002 0.000000e+000
1.261383e+001 -1.367453e+002 0.000000e+000
1.265476e+001 -1.367359e+002 0.000000e+000
1.269569e+001 -1.367264e+002 0.000000e+000
1.273663e+001 -1.367170e+002 0.000000e+000
1.277756e+001 -1.367076e+002 0.000000e+000
1.281849e+001 -1.366982e+002 0.000000e+000
1.285943e+001 -1.366887e+002 0.000000e+000
1.290036e+001 -1.366793e+002 0.000000e+000
1.294129e+001 -1.366699e+002 0.000000e+000
1.298222e+001 -1.366605e+002 0.000000e+000
1.302316e+001 -1.366511e+002 0.000000e+000
1.306409e+001 -1.366416e+002 0.000000e+000
1.310502e+001 -1.366322e+002 0.000000e+000
1.314596e+001 -1.366228e+002 0.000000e+000
1.318689e+001 -1.366134e+002 0.000000e+000
1.322782e+001 -1.366039e+002 0.000000e+000
1.326876e+001 -1.365945e+002 0.000000e+000
1.330969e+001 -1.365851e+002 0.000000e+000
1.335062e+001 -1.365757e+002 0.000000e+000
1.339155e+001 -1.365662e+002 0.000000e+000
1.343249e+001 -1.365568e+002 0.000000e+000
1.347342e+001 -1.365474e+002 0.000000e+000
1.351435e+001 -1.365380e+002 0.000000e+000
1.355529e+001 -1.365285e+002 0.000000e+000
1.359622e+001 -1.365191e+002 0.000000e+000
1.363715e+001 -1.365097e+002 0.000000e+000
1.367809e+001 -1.365003e+002 0.000000e+000
1.371902e+001 -1.364908e+002 0.000000e+000
1.375995e+001 -1.364814e+002 0.000000e+000
1.380089e+001 -1.364720e+002 0.000000e+000
1.384182e+001 -1.364626e+002 0.000000e+000
1.388275e+001 -1.364531e+002 0.000000e+000
1.392368e+001 -1.364437e+002 0.000000e+000
1.396462e+001 -1.364343e+002 0.000000e+000
1.400555e+001 -1.364249e+002 0.000000e+000
1.404648e+001 -1.364154e+002 0.000000e+000
1.408742e+001 -1.364060e+002 0.000000e+000
1.412835e+001 -1.363966e+002 0.000000e+000
1.416928e+001 -1.363872e+002 0.000000e+000
1.421022e+001 -1.363777e+002 0.000000e+000
1.425115e+001 -1.363683e+002 0.000000e+000
1.429208e+001 -1.363589e+002 0.000000e+000
1.433301e+001 -1.363495e+002 0.000000e+000
1.437395e+001 -1.363400e+002 0.000000e+000
1.441488e+001 -1.363306e+002 0.000000e+000
1.445581e+001 -1.363212e+002 0.000000e+000
1.449675e+001 -1.363118e+002 0.000000e+000
1.453768e+001 -1.363023e+002 0.000000e+000
1.457861e+001 -1.362929e+002 0.000000e+000
1.461955e+001 -1.362835e+002 0.000000e+000
1.466048e+001 -1.362741e+002 0.000000e+000
1.470141e+001 -1.362646e+002 0.000000e+000
1.474234e+001 -1.362552e+002 0.000000e+000
1.478328e+001 -1.362458e+002 0.000000e+000
1.482421e+001 -1.362364e+002 0.000000e+000
1.486514e+001 -1.362269e+002 0.000000e+000
1.490608e+001 -1.362175e+002 0.000000e+000
1.494701e+001 -1.362081e+002 0.000000e+000
1.498794e+001 -1.361987e+002 0.000000e+000
1.502888e+001 -1.361892e+002 0.000000e+000
1.506981e+001 -1.361798e+002 0.000000e+000
1.511074e+001 -1.361704e+002 0.000000e+000
1.515167e+001 -1.361610e+002 0.000000e+000
1.519261e+001 -1.361515e+002 0.000000e+000
1.523354e+001 -1.361421e+002 0.000000e+000
1.527447e+001 -1.361327e+002 0.000000e+000
1.531541e+001 -1.361233e+002 0.000000e+000
1.535634e+001 -1.361138e+002 0.000000e+000
1.539727e+001 -1.361044e+002 0.000000e+000
1.543821e+001 -1.360950e+002 0.000000e+000
1.547914e+001 -1.360856e+002 0.000000e+000
1.552007e+001 -1.360762e+002 0.000000e+000
1.556100e+001 -1.360667e+002 0.000000e+000
1.560194e+001 -1.360573e+002 0.000000e+000
1.564287e+001 -1.360479e+002 0.000000e+000
1.568380e+001 -1.360385e+002 0.000000e+000
1.572474e+001 -1.360290e+002 0.000000e+000
1.576567e+001 -1.360196e+002 0.000000e+000
1.580660e+001 -1.360102e+002 0.000000e+000
1.584754e+001 -1.360008e+002 0.000000e+000
1.588847e+001 -1.359913e+002 0.000000e+000
1.592940e+001 -1.359819e+002 0.000000e+000
1.597033e+001 -1.359725e+002 0.000000e+000
1.601127e+001 -1.359631e+002 0.000000e+000
1.605220e+001 -1.359536e+002 0.000000e+000
1.609313e+001 -1.359442e+002 0.000000e+000
1.613407e+001 -1.359348e+002 0.000000e+000
1.617500e+001 -1.359254e+002 0.000000e+000
1.621593e+001 -1.359159e+002 0.000000e+000
1.625687e+001 -1.359065e+002 0.000000e+000
1.629780e+001 -1.358971e+002 0.000000e+000
1.633873e+001 -1.358877e+002 0.000000e+000
1.637966e+001 -1.358782e+002 0.000000e+000
1.642060e+001 -1.358688e+002 0.000000e+000
1.646153e+001 -1.358594e+002 0.000000e+000
1.650177e+001 -1.358473e+002 0.000000e+000
1.654201e+001 -1.358353e+002 0.000000e+000
1.658225e+001 -1.358232e+002 0.000000e+000
1.662249e+001 -1.358112e+002 0.000000e+000
1.666273e+001 -1.357991e+002 0.000000e+000
1.670297e+001 -1.357871e+002 0.000000e+000
1.674320e+001 -1.357751e+002 0.000000e+000
1.678344e+001 -1.357630e+002 0.000000e+000
1.682368e+001 -1.357510e+002 0.000000e+000
1.686392e+001 -1.357389e+002 0.000000e+000
1.690416e+001 -1.357269e+002 0.000000e+000
1.694440e+001 -1.357148e+002 0.000000e+000
1.698464e+001 -1.357028e+002 0.000000e+000
1.702488e+001 -1.356907e+002 0.000000e+000
1.706512e+001 -1.356787e+002 0.000000e+000
1.710536e+001 -1.356666e+002 0.000000e+000
1.714560e+001 -1.356546e+002 0.000000e+000
1.718584e+001 -1.356425e+002 0.000000e+000
1.722607e+001 -1.356305e+002 0.000000e+000
1.726631e+001 -1.356184e+002 0.000000e+000
1.730655e+001 -1.356064e+002 0.000000e+000
1.734679e+001 -1.355943e+002 0.000000e+000
1.738703e+001 -1.355823e+002 0.000000e+000
1.742727e+001 -1.355702e+002 0.000000e+000
1.746751e+001 -1.355582e+002 0.000000e+000
1.750775e+001 -1.355461e+002 0.000000e+000
1.754799e+001 -1.355341e+002 0.000000e+000
1.758823e+001 -1.355221e+002 0.000000e+000
1.762847e+001 -1.355100e+002 0.000000e+000
1.766870e+001 -1.354980e+002 0.000000e+000
1.770894e+001 -1.354859e+002 0.000000e+000
1.774918e+001 -1.354739e+002 0.000000e+000
1.778942e+001 -1.354618e+002 0.000000e+000
1.782966e+001 -1.354498e+002 0.000000e+000
1.786990e+001 -1.354377e+002 0.000000e+000
1.791014e+001 -1.354257e+002 0.000000e+000
1.795038e+001 -1.354136e+002 0.000000e+000
1.799062e+001 -1.354016e+002 0.000000e+000
1.803086e+001 -1.353895e+002 0.000000e+000
1.807110e+001 -1.353775e+002 0.000000e+000
1.811134e+001 -1.353654e+002 0.000000e+000
1.815157e+001 -1.353534e+002 0.000000e+000
1.819181e+001 -1.353413e+002 0.000000e+000
1.823205e+001 -1.353293e+002 0.000000e+000
1.827229e+001 -1.353172e+002 0.000000e+000
1.831253e+001 -1.353052e+002 0.000000e+000
1.835277e+001 -1.352931e+002 0.000000e+000
1.839301e+001 -1.352811e+002 0.000000e+000
1.843325e+001 -1.352691e+002 0.000000e+000
1.847349e+001 -1.352570e+002 0.000000e+000
1.851373e+001 -1.352450e+002 0.000000e+000
1.855397e+001 -1.352329e+002 0.000000e+000
1.859421e+001 -1.352209e+002 0.000000e+000
1.863444e+001 -1.352088e+002 0.000000e+000
1.867468e+001 -1.351968e+002 0.000000e+000
1.871492e+001 -1.351847e+002 0.000000e+000
1.875516e+001 -1.351727e+002 0.000000e+000
1.879540e+001 -1.351606e+002 0.000000e+000
1.883564e+001 -1.351486e+002 0.000000e+000
1.887588e+001 -1.351365e+002 0.000000e+000
1.891612e+001 -1.351245e+002 0.000000e+000
1.895636e+001 -1.351124e+002 0.000000e+000
1.899660e+001 -1.351004e+002 0.000000e+000
1.903684e+001 -1.350883e+002 0.000000e+000
1.907707e+001 -1.350763e+002 0.000000e+000
1.911731e+001 -1.350642e+002 0.000000e+000
1.915755e+001 -1.350522e+002 0.000000e+000
1.919779e+001 -1.350401e+002 0.000000e+000
1.923803e+001 -1.350281e+002 0.000000e+000
1.927827e+001 -1.350160e+002 0.000000e+000
1.931851e+001 -1.350040e+002 0.000000e+000
1.935875e+001 -1.349920e+002 0.000000e+000
1.939899e+001 -1.349799e+002 0.000000e+000
1.943923e+001 -1.349679e+002 0.000000e+000
1.947947e+001 -1.349558e+002 0.000000e+000
1.951971e+001 -1.349438e+002 0.000000e+000
1.955994e+001 -1.349317e+002 0.000000e+000
1.960018e+001 -1.349197e+002 0.000000e+000
1.964042e+001 -1.349076e+002 0.000000e+000
1.968066e+001 -1.348956e+002 0.000000e+000
1.972090e+001 -1.348835e+002 0.000000e+000
1.976114e+001 -1.348715e+002 0.000000e+000
1.980138e+001 -1.348594e+002 0.000000e+000
1.984162e+001 -1.348474e+002 0.000000e+000
1.988186e+001 -1.348353e+002 0.000000e+000
1.992210e+001 -1.348233e+002 0.000000e+000
1.996234e+001 -1.348112e+002 0.000000e+000
2.000258e+001 -1.347992e+002 0.000000e+000
2.004281e+001 -1.347871e+002 0.000000e+000
2.008305e+001 -1.347751e+002 0.000000e+000
2.012329e+001 -1.347630e+002 0.000000e+000
2.016353e+001 -1.347510e+002 0.000000e+000
2.020377e+001 -1.347390e+002 0.000000e+000
2.024401e+001 -1.347269e+002 0.000000e+000
2.028425e+001 -1.347149e+002 0.000000e+000
2.032449e+001 -1.347028e+002 0.000000e+000
2.036473e+001 -1.346908e+002 0.000000e+000
2.040497e+001 -1.346787e+002 0.000000e+000
2.044521e+001 -1.346667e+002 0.000000e+000
2.048468e+001 -1.346520e+002 0.000000e+000
2.052415e+001 -1.346374e+002 0.000000e+000
2.056362e+001 -1.346227e+002 0.000000e+000
2.060309e+001 -1.346080e+002 0.000000e+000
2.064256e+001 -1.345934e+002 0.000000e+000
2.068203e+001 -1.345787e+002 0.000000e+000
2.072150e+001 -1.345641e+002 0.000000e+000
2.076097e+001 -1.345494e+002 0.000000e+000
2.080044e+001 -1.345347e+002 0.000000e+000
2.083991e+001 -1.345201e+002 0.000000e+000
2.087938e+001 -1.345054e+002 0.000000e+000
2.091886e+001 -1.344908e+002 0.000000e+000
2.095833e+001 -1.344761e+002 0.000000e+000
2.099780e+001 -1.344614e+002 0.000000e+000
2.103727e+001 -1.344468e+002 0.000000e+000
2.107674e+001 -1.344321e+002 0.000000e+000
2.111621e+001 -1.344175e+002 0.000000e+000
2.115568e+001 -1.344028e+002 0.000000e+000
2.119515e+001 -1.343882e+002 0.000000e+000
2.123462e+001 -1.343735e+002 0.000000e+000
2.127409e+001 -1.343588e+002 0.000000e+000
2.131356e+001 -1.343442e+002 0.000000e+000
2.135304e+001 -1.343295e+002 0.000000e+000
2.139251e+001 -1.343149e+002 0.000000e+000
2.143198e+001 -1.343002e+002 0.000000e+000
2.147145e+001 -1.342855e+002 0.000000e+000
2.151092e+001 -1.342709e+002 0.000000e+000
2.155039e+001 -1.342562e+002 0.000000e+000
2.158986e+001 -1.342416e+002 0.000000e+000
2.162933e+001 -1.342269e+002 0.000000e+000
2.166880e+001 -1.342122e+002 0.000000e+000
2.170827e+001 -1.341976e+002 0.000000e+000
2.174774e+001 -1.341829e+002 0.000000e+000
2.178721e+001 -1.341683e+002 0.000000e+000
2.182669e+001 -1.341536e+002 0.000000e+000
2.186616e+001 -1.341390e+002 0.000000e+000
2.190563e+001 -1.341243e+002 0.000000e+000
2.194510e+001 -1.341096e+002 0.000000e+000
2.198457e+001 -1.340950e+002 0.000000e+000
2.202404e+001 -1.340803e+002 0.000000e+000
2.206351e+001 -1.340657e+002 0.000000e+000
2.210298e+001 -1.340510e+002 0.000000e+000
2.214245e+001 -1.340363e+002 0.000000e+000
2.218192e+001 -1.340217e+002 0.000000e+000
2.222139e+001 -1.340070e+002 0.000000e+000
2.226086e+001 -1.339924e+002 0.000000e+000
2.230034e+001 -1.339777e+002 0.000000e+000
2.233981e+001 -1.339631e+002 0.000000e+000
2.237928e+001 -1.339484e+002 0.000000e+000
2.241875e+001 -1.339337e+002 0.000000e+000
2.245822e+001 -1.339191e+002 0.000000e+000
2.249769e+001 -1.339044e+002 0.000000e+000
2.253716e+001 -1.338898e+002 0.000000e+000
2.257663e+001 -1.338751e+002 0.000000e+000
2.261610e+001 -1.338604e+002 0.000000e+000
2.265557e+001 -1.338458e+002 0.000000e+000
2.269504e+001 -1.338311e+002 0.000000e+000
2.273451e+001 -1.338165e+002 0.000000e+000
2.277399e+001 -1.338018e+002 0.000000e+000
2.281346e+001 -1.337871e+002 0.000000e+000
2.285293e+001 -1.337725e+002 0.000000e+000
2.289240e+001 -1.337578e+002 0.000000e+000
2.293187e+001 -1.337432e+002 0.000000e+000
2.297134e+001 -1.337285e+002 0.000000e+000
2.301081e+001 -1.337139e+002 0.000000e+000
2.305028e+001 -1.336992e+002 0.000000e+000
2.308975e+001 -1.336845e+002 0.000000e+000
2.312922e+001 -1.336699e+002 0.000000e+000
2.316869e+001 -1.336552e+002 0.000000e+000
2.320816e+001 -1.336406e+002 0.000000e+000
2.324764e+001 -1.336259e+002 0.000000e+000
2.328711e+001 -1.336112e+002 0.000000e+000
2.332658e+001 -1.335966e+002 0.000000e+000
2.336605e+001 -1.335819e+002 0.000000e+000
2.340552e+001 -1.335673e+002 0.000000e+000
2.344499e+001 -1.335526e+002 0.000000e+000
2.348446e+001 -1.335380e+002 0.000000e+000
2.352393e+001 -1.335233e+002 0.000000e+000
2.356340e+001 -1.335086e+002 0.000000e+000
2.360287e+001 -1.334940e+002 0.000000e+000
2.364234e+001 -1.334793e+002 0.000000e+000
2.368182e+001 -1.334647e+002 0.000000e+000
2.372129e+001 -1.334500e+002 0.000000e+000
2.376076e+001 -1.334353e+002 0.000000e+000
2.380023e+001 -1.334207e+002 0.000000e+000
2.383970e+001 -1.334060e+002 0.000000e+000
2.387917e+001 -1.333914e+002 0.000000e+000
2.391864e+001 -1.333767e+002 0.000000e+000
2.395811e+001 -1.333620e+002 0.000000e+000
2.399758e+001 -1.333474e+002 0.000000e+000
2.403705e+001 -1.333327e+002 0.000000e+000
2.407652e+001 -1.333181e+002 0.000000e+000
2.411599e+001 -1.333034e+002 0.000000e+000
2.415547e+001 -1.332888e+002 0.000000e+000
2.419494e+001 -1.332741e+002 0.000000e+000
2.423441e+001 -1.332594e+002 0.000000e+000
2.427388e+001 -1.332448e+002 0.000000e+000
2.431335e+001 -1.332301e+002 0.000000e+000
2.435282e+001 -1.332155e+002 0.000000e+000
2.439117e+001 -1.331983e+002 0.000000e+000
2.442952e+001 -1.331812e+002 0.000000e+000
2.446787e+001 -1.331640e+002 0.000000e+000
2.450621e+001 -1.331469e+002 0.000000e+000
2.454456e+001 -1.331298e+002 0.000000e+000
2.458291e+001 -1.331126e+002 0.000000e+000
2.462126e+001 -1.330955e+002 0.000000e+000
2.465961e+001 -1.330784e+002 0.000000e+000
2.469796e+001 -1.330612e+002 0.000000e+000
2.473631e+001 -1.330441e+002 0.000000e+000
2.477465e+001 -1.330269e+002 0.000000e+000
2.481300e+001 -1.330098e+002 0.000000e+000
2.485135e+001 -1.329927e+002 0.000000e+000
2.488970e+001 -1.329755e+002 0.000000e+000
2.492805e+001 -1.329584e+002 0.000000e+000
2.496640e+001 -1.329413e+002 0.000000e+000
2.500475e+001 -1.329241e+002 0.000000e+000
2.504309e+001 -1.329070e+002 0.000000e+000
2.508144e+001 -1.328898e+002 0.000000e+000
2.511979e+001 -1.328727e+002 0.000000e+000
2.515814e+001 -1.328556e+002 0.000000e+000
2.519649e+001 -1.328384e+002 0.000000e+000
2.523484e+001 -1.328213e+002 0.000000e+000
2.527319e+001 -1.328041e+002 0.000000e+000
2.531153e+001 -1.327870e+002 0.000000e+000
2.534988e+001 -1.327699e+002 0.000000e+000
2.538823e+001 -1.327527e+002 0.000000e+000
2.542658e+001 -1.327356e+002 0.000000e+000
2.546493e+001 -1.327185e+002 0.000000e+000
2.550328e+001 -1.327013e+002 0.000000e+000
2.554163e+001 -1.326842e+002 0.000000e+000
2.557998e+001 -1.326670e+002 0.000000e+000
2.561832e+001 -1.326499e+002 0.000000e+000
2.565667e+001 -1.326328e+002 0.000000e+000
2.569502e+001 -1.326156e+002 0.000000e+000
2.573337e+001 -1.325985e+002 0.000000e+000
2.577172e+001 -1.325813e+002 0.000000e+000
2.581007e+001 -1.325642e+002 0.000000e+000
2.584842e+001 -1.325471e+002 0.000000e+000
2.588676e+001 -1.325299e+002 0.000000e+000
2.592511e+001 -1.325128e+002 0.000000e+000
2.596346e+001 -1.324957e+002 0.000000e+000
2.600181e+001 -1.324785e+002 0.000000e+000
2.604016e+001 -1.324614e+002 0.000000e+000
2.607851e+001 -1.324442e+002 0.000000e+000
2.611686e+001 -1.324271e+002 0.000000e+000
2.615520e+001 -1.324100e+002 0.000000e+000
2.619355e+001 -1.323928e+002 0.000000e+000
2.623190e+001 -1.323757e+002 0.000000e+000
2.627025e+001 -1.323586e+002 0.000000e+000
2.630860e+001 -1.323414e+002 0.000000e+000
2.634695e+001 -1.323243e+002 0.000000e+000
2.638530e+001 -1.323071e+002 0.000000e+000
2.642364e+001 -1.322900e+002 0.000000e+000
2.646199e+001 -1.322729e+002 0.000000e+000
2.650034e+001 -1.322557e+002 0.000000e+000
2.653869e+001 -1.322386e+002 0.000000e+000
2.657704e+001 -1.322214e+002 0.000000e+000
2.661539e+001 -1.322043e+002 0.000000e+000
2.665374e+001 -1.321872e+002 0.000000e+000
2.669209e+001 -1.321700e+002 0.000000e+000
2.673043e+001 -1.321529e+002 0.000000e+000
2.676878e+001 -1.321358e+002 0.000000e+000
2.680713e+001 -1.321186e+002 0.000000e+000
2.684548e+001 -1.321015e+002 0.000000e+000
2.688383e+001 -1.320843e+002 0.000000e+000
2.692218e+001 -1.320672e+002 0.000000e+000
2.696053e+001 -1.320501e+002 0.000000e+000
2.699887e+001 -1.320329e+002 0.000000e+000
2.703722e+001 -1.320158e+002 0.000000e+000
2.707557e+001 -1.319986e+002 0.000000e+000
2.711392e+001 -1.319815e+002 0.000000e+000
2.715227e+001 -1.319644e+002 0.000000e+000
2.719062e+001 -1.319472e+002 0.000000e+000
2.722897e+001 -1.319301e+002 0.000000e+000
2.726731e+001 -1.319130e+002 0.000000e+000
2.730566e+001 -1.318958e+002 0.000000e+000
2.734401e+001 -1.318787e+002 0.000000e+000
2.738236e+001 -1.318615e+002 0.000000e+000
2.742071e+001 -1.318444e+002 0.000000e+000
2.745906e+001 -1.318273e+002 0.000000e+000
2.749741e+001 -1.318101e+002 0.000000e+000
2.753575e+001 -1.317930e+002 0.000000e+000
2.757410e+001 -1.317759e+002 0.000000e+000
2.761245e+001 -1.317587e+002 0.000000e+000
2.765080e+001 -1.317416e+002 0.000000e+000
2.768915e+001 -1.317244e+002 0.000000e+000
2.772750e+001 -1.317073e+002 0.000000e+000
2.776585e+001 -1.316902e+002 0.000000e+000
2.780420e+001 -1.316730e+002 0.000000e+000
2.784254e+001 -1.316559e+002 0.000000e+000
2.788089e+001 -1.316387e+002 0.000000e+000
2.791924e+001 -1.316216e+002 0.000000e+000
2.795759e+001 -1.316045e+002 0.000000e+000
2.799594e+001 -1.315873e+002 0.000000e+000
2.803429e+001 -1.315702e+002 0.000000e+000
2.807264e+001 -1.315531e+002 0.000000e+000
2.811098e+001 -1.315359e+002 0.000000e+000
2.814933e+001 -1.315188e+002 0.000000e+000
2.818649e+001 -1.314992e+002 0.000000e+000
2.822366e+001 -1.314796e+002 0.000000e+000
2.826082e+001 -1.314600e+002 0.000000e+000
2.829798e+001 -1.314405e+002 0.000000e+000
2.833514e+001 -1.314209e+002 0.000000e+000
2.837231e+001 -1.314013e+002 0.000000e+000
2.840947e+001 -1.313817e+002 0.000000e+000
2.844663e+001 -1.313622e+002 0.000000e+000
2.848379e+001 -1.313426e+002 0.000000e+000
2.852095e+001 -1.313230e+002 0.000000e+000
2.855812e+001 -1.313034e+002 0.000000e+000
2.859528e+001 -1.312838e+002 0.000000e+000
2.863244e+001 -1.312643e+002 0.000000e+000
2.866960e+001 -1.312447e+002 0.000000e+000
2.870676e+001 -1.312251e+002 0.000000e+000
2.874393e+001 -1.312055e+002 0.000000e+000
2.878109e+001 -1.311859e+002 0.000000e+000
2.881825e+001 -1.311664e+002 0.000000e+000
2.885541e+001 -1.311468e+002 0.000000e+000
2.889258e+001 -1.311272e+002 0.000000e+000
2.892974e+001 -1.311076e+002 0.000000e+000
2.896690e+001 -1.310881e+002 0.000000e+000
2.900406e+001 -1.310685e+002 0.000000e+000
2.904122e+001 -1.310489e+002 0.000000e+000
2.907839e+001 -1.310293e+002 0.000000e+000
2.911555e+001 -1.310097e+002 0.000000e+000
2.915271e+001 -1.309902e+002 0.000000e+000
2.918987e+001 -1.309706e+002 0.000000e+000
2.922703e+001 -1.309510e+002 0.000000e+000
2.926420e+001 -1.309314e+002 0.000000e+000
2.930136e+001 -1.309119e+002 0.000000e+000
2.933852e+001 -1.308923e+002 0.000000e+000
2.937568e+001 -1.308727e+002 0.000000e+000
2.941285e+001 -1.308531e+002 0.000000e+000
2.945001e+001 -1.308335e+002 0.000000e+000
2.948717e+001 -1.308140e+002 0.000000e+000
2.952433e+001 -1.307944e+002 0.000000e+000
2.956149e+001 -1.307748e+002 0.000000e+000
2.959866e+001 -1.307552e+002 0.000000e+000
2.963582e+001 -1.307356e+002 0.000000e+000
2.967298e+001 -1.307161e+002 0.000000e+000
2.971014e+001 -1.306965e+002 0.000000e+000
2.974730e+001 -1.306769e+002 0.000000e+000
2.978447e+001 -1.306573e+002 0.000000e+000
2.982163e+001 -1.306378e+002 0.000000e+000
2.985879e+001 -1.306182e+002 0.000000e+000
2.989595e+001 -1.305986e+002 0.000000e+000
2.993311e+001 -1.305790e+002 0.000000e+000
2.997028e+001 -1.305594e+002 0.000000e+000
3.000744e+001 -1.305399e+002 0.000000e+000
3.004460e+001 -1.305203e+002 0.000000e+000
3.008176e+001 -1.305007e+002 0.000000e+000
3.011893e+001 -1.304811e+002 0.000000e+000
3.015609e+001 -1.304616e+002 0.000000e+000
3.019325e+001 -1.304420e+002 0.000000e+000
3.023041e+001 -1.304224e+002 0.000000e+000
3.026757e+001 -1.304028e+002 0.000000e+000
3.030474e+001 -1.303832e+002 0.000000e+000
3.034190e+001 -1.303637e+002 0.000000e+000
3.037906e+001 -1.303441e+002 0.000000e+000
3.041622e+001 -1.303245e+002 0.000000e+000
3.045338e+001 -1.303049e+002 0.000000e+000
3.049055e+001 -1.302853e+002 0.000000e+000
3.052771e+001 -1.302658e+002 0.000000e+000
3.056487e+001 -1.302462e+002 0.000000e+000
3.060203e+001 -1.302266e+002 0.000000e+000
3.063920e+001 -1.302070e+002 0.000000e+000
3.067636e+001 -1.301875e+002 0.000000e+000
3.071352e+001 -1.301679e+002 0.000000e+000
3.075068e+001 -1.301483e+002 0.000000e+000
3.078784e+001 -1.301287e+002 0.000000e+000
3.082501e+001 -1.301091e+002 0.000000e+000
3.086217e+001 -1.300896e+002 0.000000e+000
3.089933e+001 -1.300700e+002 0.000000e+000
3.093649e+001 -1.300504e+002 0.000000e+000
3.097365e+001 -1.300308e+002 0.000000e+000
3.101082e+001 -1.300112e+002 0.000000e+000
3.104798e+001 -1.299917e+002 0.000000e+000
3.108514e+001 -1.299721e+002 0.000000e+000
3.112230e+001 -1.299525e+002 0.000000e+000
3.115947e+001 -1.299329e+002 0.000000e+000
3.119663e+001 -1.299134e+002 0.000000e+000
3.123379e+001 -1.298938e+002 0.000000e+000
3.127095e+001 -1.298742e+002 0.000000e+000
3.130811e+001 -1.298546e+002 0.000000e+000
3.134528e+001 -1.298350e+002 0.000000e+000
3.138244e+001 -1.298155e+002 0.000000e+000
3.141960e+001 -1.297959e+002 0.000000e+000
3.145676e+001 -1.297763e+002 0.000000e+000
3.149392e+001 -1.297567e+002 0.000000e+000
3.153109e+001 -1.297372e+002 0.000000e+000
3.156825e+001 -1.297176e+002 0.000000e+000
3.160541e+001 -1.296980e+002 0.000000e+000
3.164257e+001 -1.296784e+002 0.000000e+000
3.167973e+001 -1.296588e+002 0.000000e+000
3.171690e+001 -1.296393e+002 0.000000e+000
3.175406e+001 -1.296197e+002 0.000000e+000
3.179122e+001 -1.296001e+002 0.000000e+000
3.182838e+001 -1.295805e+002 0.000000e+000
3.186429e+001 -1.295585e+002 0.000000e+000
3.190019e+001 -1.295365e+002 0.000000e+000
3.193610e+001 -1.295145e+002 0.000000e+000
3.197200e+001 -1.294926e+002 0.000000e+000
3.200791e+001 -1.294706e+002 0.000000e+000
3.204381e+001 -1.294486e+002 0.000000e+000
3.207972e+001 -1.294266e+002 0.000000e+000
3.211562e+001 -1.294046e+002 0.000000e+000
3.215153e+001 -1.293826e+002 0.000000e+000
3.218743e+001 -1.293606e+002 0.000000e+000
3.222334e+001 -1.293386e+002 0.000000e+000
3.225924e+001 -1.293166e+002 0.000000e+000
3.229515e+001 -1.292946e+002 0.000000e+000
3.233105e+001 -1.292726e+002 0.000000e+000
3.236696e+001 -1.292506e+002 0.000000e+000
3.240286e+001 -1.292287e+002 0.000000e+000
3.243877e+001 -1.292067e+002 0.000000e+000
3.247467e+001 -1.291847e+002 0.000000e+000
3.251058e+001 -1.291627e+002 0.000000e+000
3.254648e+001 -1.291407e+002 0.000000e+000
3.258239e+001 -1.291187e+002 0.000000e+000
3.261829e+001 -1.290967e+002 0.000000e+000
3.265420e+001 -1.290747e+002 0.000000e+000
3.269010e+001 -1.290527e+002 0.000000e+000
3.272601e+001 -1.290307e+002 0.000000e+000
3.276191e+001 -1.290087e+002 0.000000e+000
3.279782e+001 -1.289867e+002 0.000000e+000
3.283372e+001 -1.289647e+002 0.000000e+000
3.286963e+001 -1.289428e+002 0.000000e+000
3.290553e+001 -1.289208e+002 0.000000e+000
3.294144e+001 -1.288988e+002 0.000000e+000
3.297734e+001 -1.288768e+002 0.000000e+000
3.301325e+001 -1.288548e+002 0.000000e+000
3.304915e+001 -1.288328e+002 0.000000e+000
3.308506e+001 -1.288108e+002 0.000000e+000
3.312096e+001 -1.287888e+002 0.000000e+000
3.315687e+001 -1.287668e+002 0.000000e+000
3.319277e+001 -1.287448e+002 0.000000e+000
3.322868e+001 -1.287228e+002 0.000000e+000
3.326458e+001 -1.287008e+002 0.000000e+000
3.330049e+001 -1.286788e+002 0.000000e+000
3.333639e+001 -1.286569e+002 0.000000e+000
3.337230e+001 -1.286349e+002 0.000000e+000
3.340820e+001 -1.286129e+002 0.000000e+000
3.344411e+001 -1.285909e+002 0.000000e+000
3.348001e+001 -1.285689e+002 0.000000e+000
3.351592e+001 -1.285469e+002 0.000000e+000
3.355182e+001 -1.285249e+002 0.000000e+000
3.358773e+001 -1.285029e+002 0.000000e+000
3.362363e+001 -1.284809e+002 0.000000e+000
3.365954e+001 -1.284589e+002 0.000000e+000
3.369544e+001 -1.284369e+002 0.000000e+000
3.373135e+001 -1.284149e+002 0.000000e+000
3.376725e+001 -1.283929e+002 0.000000e+000
3.380316e+001 -1.283710e+002 0.000000e+000
3.383906e+001 -1.283490e+002 0.000000e+000
3.387497e+001 -1.283270e+002 0.000000e+000
3.391087e+001 -1.283050e+002 0.000000e+000
3.394678e+001 -1.282830e+002 0.000000e+000
3.398268e+001 -1.282610e+002 0.000000e+000
3.401859e+001 -1.282390e+002 0.000000e+000
3.405449e+001 -1.282170e+002 0.000000e+000
3.409039e+001 -1.281950e+002 0.000000e+000
3.412630e+001 -1.281730e+002 0.000000e+000
3.416220e+001 -1.281510e+002 0.000000e+000
3.419811e+001 -1.281290e+002 0.000000e+000
3.423401e+001 -1.281070e+002 0.000000e+000
3.426992e+001 -1.280851e+002 0.000000e+000
3.430582e+001 -1.280631e+002 0.000000e+000
3.434173e+001 -1.280411e+002 0.000000e+000
3.437763e+001 -1.280191e+002 0.000000e+000
3.441354e+001 -1.279971e+002 0.000000e+000
3.444944e+001 -1.279751e+002 0.000000e+000
3.448535e+001 -1.279531e+002 0.000000e+000
3.452125e+001 -1.279311e+002 0.000000e+000
3.455716e+001 -1.279091e+002 0.000000e+000
3.459306e+001 -1.278871e+002 0.000000e+000
3.462897e+001 -1.278651e+002 0.000000e+000
3.466487e+001 -1.278431e+002 0.000000e+000
3.470078e+001 -1.278211e+002 0.000000e+000
3.473668e+001 -1.277992e+002 0.000000e+000
3.477259e+001 -1.277772e+002 0.000000e+000
3.480849e+001 -1.277552e+002 0.000000e+000
3.484440e+001 -1.277332e+002 0.000000e+000
3.488030e+001 -1.277112e+002 0.000000e+000
3.491621e+001 -1.276892e+002 0.000000e+000
3.495211e+001 -1.276672e+002 0.000000e+000
3.498802e+001 -1.276452e+002 0.000000e+000
3.502392e+001 -1.276232e+002 0.000000e+000
3.505983e+001 -1.276012e+002 0.000000e+000
3.509573e+001 -1.275792e+002 0.000000e+000
3.513164e+001 -1.275572e+002 0.000000e+000
3.516754e+001 -1.275352e+002 0.000000e+000
3.520345e+001 -1.275133e+002 0.000000e+000
3.523935e+001 -1.274913e+002 0.000000e+000
3.527526e+001 -1.274693e+002 0.000000e+000
3.531116e+001 -1.274473e+002 0.000000e+000
3.534707e+001 -1.274253e+002 0.000000e+000
3.538297e+001 -1.274033e+002 0.000000e+000
3.541730e+001 -1.273791e+002 0.000000e+000
3.545162e+001 -1.273549e+002 0.000000e+000
3.548595e+001 -1.273307e+002 0.000000e+000
3.552028e+001 -1.273065e+002 0.000000e+000
3.555460e+001 -1.272822e+002 0.000000e+000
3.558893e+001 -1.272580e+002 0.000000e+000
3.562325e+001 -1.272338e+002 0.000000e+000
3.565758e+001 -1.272096e+002 0.000000e+000
3.569191e+001 -1.271854e+002 0.000000e+000
3.572623e+001 -1.271612e+002 0.000000e+000
3.576056e+001 -1.271370e+002 0.000000e+000
3.579488e+001 -1.271128e+002 0.000000e+000
3.582921e+001 -1.270886e+002 0.000000e+000
3.586353e+001 -1.270644e+002 0.000000e+000
3.589786e+001 -1.270402e+002 0.000000e+000
3.593219e+001 -1.270160e+002 0.000000e+000
3.596651e+001 -1.269917e+002 0.000000e+000
3.600084e+001 -1.269675e+002 0.000000e+000
3.603516e+001 -1.269433e+002 0.000000e+000
3.606949e+001 -1.269191e+002 0.000000e+000
3.610381e+001 -1.268949e+002 0.000000e+000
3.613814e+001 -1.268707e+002 0.000000e+000
3.617247e+001 -1.268465e+002 0.000000e+000
3.620679e+001 -1.268223e+002 0.000000e+000
3.624112e+001 -1.267981e+002 0.000000e+000
3.627544e+001 -1.267739e+002 0.000000e+000
3.630977e+001 -1.267497e+002 0.000000e+000
3.634410e+001 -1.267254e+002 0.000000e+000
3.637842e+001 -1.267012e+002 0.000000e+000
3.641275e+001 -1.266770e+002 0.000000e+000
3.644707e+001 -1.266528e+002 0.000000e+000
3.648140e+001 -1.266286e+002 0.000000e+000
3.651572e+001 -1.266044e+002 0.000000e+000
3.655005e+001 -1.265802e+002 0.000000e+000
3.658438e+001 -1.265560e+002 0.000000e+000
3.661870e+001 -1.265318e+002 0.000000e+000
3.665303e+001 -1.265076e+002 0.000000e+000
3.668735e+001 -1.264834e+002 0.000000e+000
3.672168e+001 -1.264591e+002 0.000000e+000
3.675600e+001 -1.264349e+002 0.000000e+000
3.679033e+001 -1.264107e+002 0.000000e+000
3.682466e+001 -1.263865e+002 0.000000e+000
3.685898e+001 -1.263623e+002 0.000000e+000
3.689331e+001 -1.263381e+002 0.000000e+000
3.692763e+001 -1.263139e+002 0.000000e+000
3.696196e+001 -1.262897e+002 0.000000e+000
3.699629e+001 -1.262655e+002 0.000000e+000
3.703061e+001 -1.262413e+002 0.000000e+000
3.706494e+001 -1.262171e+002 0.000000e+000
3.709926e+001 -1.261928e+002 0.000000e+000
3.713359e+001 -1.261686e+002 0.000000e+000
3.716791e+001 -1.261444e+002 0.000000e+000
3.720224e+001 -1.261202e+002 0.000000e+000
3.723657e+001 -1.260960e+002 0.000000e+000
3.727089e+001 -1.260718e+002 0.000000e+000
3.730522e+001 -1.260476e+002 0.000000e+000
3.733954e+001 -1.260234e+002 0.000000e+000
3.737387e+001 -1.259992e+002 0.000000e+000
3.740820e+001 -1.259750e+002 0.000000e+000
3.744252e+001 -1.259508e+002 0.000000e+000
3.747685e+001 -1.259265e+002 0.000000e+000
3.751117e+001 -1.259023e+002 0.000000e+000
3.754550e+001 -1.258781e+002 0.000000e+000
3.757982e+001 -1.258539e+002 0.000000e+000
3.761415e+001 -1.258297e+002 0.000000e+000
3.764848e+001 -1.258055e+002 0.000000e+000
3.768280e+001 -1.257813e+002 0.000000e+000
3.771713e+001 -1.257571e+002 0.000000e+000
3.775145e+001 -1.257329e+002 0.000000e+000
3.778578e+001 -1.257087e+002 0.000000e+000
3.782010e+001 -1.256845e+002 0.000000e+000
3.785443e+001 -1.256602e+002 0.000000e+000
3.788876e+001 -1.256360e+002 0.000000e+000
3.792308e+001 -1.256118e+002 0.000000e+000
3.795741e+001 -1.255876e+002 0.000000e+000
3.799173e+001 -1.255634e+002 0.000000e+000
3.802606e+001 -1.255392e+002 0.000000e+000
3.806039e+001 -1.255150e+002 0.000000e+000
3.809471e+001 -1.254908e+002 0.000000e+000
3.812904e+001 -1.254666e+002 0.000000e+000
3.816336e+001 -1.254424e+002 0.000000e+000
3.819769e+001 -1.254182e+002 0.000000e+000
3.823201e+001 -1.253940e+002 0.000000e+000
3.826634e+001 -1.253697e+002 0.000000e+000
3.830067e+001 -1.253455e+002 0.000000e+000
3.833499e+001 -1.253213e+002 0.000000e+000
3.836932e+001 -1.252971e+002 0.000000e+000
3.840364e+001 -1.252729e+002 0.000000e+000
3.843797e+001 -1.252487e+002 0.000000e+000
3.847229e+001 -1.252245e+002 0.000000e+000
3.850662e+001 -1.252003e+002 0.000000e+000
3.854095e+001 -1.251761e+002 0.000000e+000
3.857527e+001 -1.251519e+002 0.000000e+000
3.860960e+001 -1.251277e+002 0.000000e+000
3.864392e+001 -1.251034e+002 0.000000e+000
3.867825e+001 -1.250792e+002 0.000000e+000
3.871258e+001 -1.250550e+002 0.000000e+000
3.874690e+001 -1.250308e+002 0.000000e+000
3.878123e+001 -1.250066e+002 0.000000e+000
3.881392e+001 -1.249802e+002 0.000000e+000
3.884661e+001 -1.249539e+002 0.000000e+000
3.887930e+001 -1.249275e+002 0.000000e+000
3.891199e+001 -1.249011e+002 0.000000e+000
3.894468e+001 -1.248747e+002 0.000000e+000
3.897737e+001 -1.248484e+002 0.000000e+000
3.901007e+001 -1.248220e+002 0.000000e+000
3.904276e+001 -1.247956e+002 0.000000e+000
3.907545e+001 -1.247692e+002 0.000000e+000
3.910814e+001 -1.247429e+002 0.000000e+000
3.914083e+001 -1.247165e+002 0.000000e+000
3.917352e+001 -1.246901e+002 0.000000e+000
3.920621e+001 -1.246637e+002 0.000000e+000
3.923890e+001 -1.246374e+002 0.000000e+000
3.927159e+001 -1.246110e+002 0.000000e+000
3.930429e+001 -1.245846e+002 0.000000e+000
3.933698e+001 -1.245582e+002 0.000000e+000
3.936967e+001 -1.245319e+002 0.000000e+000
3.940236e+001 -1.245055e+002 0.000000e+000
3.943505e+001 -1.244791e+002 0.000000e+000
3.946774e+001 -1.244527e+002 0.000000e+000
3.950043e+001 -1.244264e+002 0.000000e+000
3.953312e+001 -1.244000e+002 0.000000e+000
3.956582e+001 -1.243736e+002 0.000000e+000
3.959851e+001 -1.243472e+002 0.000000e+000
3.963120e+001 -1.243209e+002 0.000000e+000
3.966389e+001 -1.242945e+002 0.000000e+000
3.969658e+001 -1.242681e+002 0.000000e+000
3.972927e+001 -1.242417e+002 0.000000e+000
3.976196e+001 -1.242154e+002 0.000000e+000
3.979465e+001 -1.241890e+002 0.000000e+000
3.982735e+001 -1.241626e+002 0.000000e+000
3.986004e+001 -1.241362e+002 0.000000e+000
3.989273e+001 -1.241099e+002 0.000000e+000
3.992542e+001 -1.240835e+002 0.000000e+000
3.995811e+001 -1.240571e+002 0.000000e+000
3.999080e+001 -1.240307e+002 0.000000e+000
4.002349e+001 -1.240044e+002 0.000000e+000
4.005618e+001 -1.239780e+002 0.000000e+000
4.008887e+001 -1.239516e+002 0.000000e+000
4.012157e+001 -1.239252e+002 0.000000e+000
4.015426e+001 -1.238989e+002 0.000000e+000
4.018695e+001 -1.238725e+002 0.000000e+000
4.021964e+001 -1.238461e+002 0.000000e+000
4.025233e+001 -1.238197e+002 0.000000e+000
4.028502e+001 -1.237934e+002 0.000000e+000
4.031771e+001 -1.237670e+002 0.000000e+000
4.035040e+001 -1.237406e+002 0.000000e+000
4.038310e+001 -1.237143e+002 0.000000e+000
4.041579e+001 -1.236879e+002 0.000000e+000
4.044848e+001 -1.236615e+002 0.000000e+000
4.048117e+001 -1.236351e+002 0.000000e+000
4.051386e+001 -1.236088e+002 0.000000e+000
4.054655e+001 -1.235824e+002 0.000000e+000
4.057924e+001 -1.235560e+002 0.000000e+000
4.061193e+001 -1.235296e+002 0.000000e+000
4.064462e+001 -1.235033e+002 0.000000e+000
4.067732e+001 -1.234769e+002 0.000000e+000
4.071001e+001 -1.234505e+002 0.000000e+000
4.074270e+001 -1.234241e+002 0.000000e+000
4.077539e+001 -1.233978e+002 0.000000e+000
4.080808e+001 -1.233714e+002 0.000000e+000
4.084077e+001 -1.233450e+002 0.000000e+000
4.087346e+001 -1.233186e+002 0.000000e+000
4.090615e+001 -1.232923e+002 0.000000e+000
4.093885e+001 -1.232659e+002 0.000000e+000
4.097154e+001 -1.232395e+002 0.000000e+000
4.100423e+001 -1.232131e+002 0.000000e+000
4.103692e+001 -1.231868e+002 0.000000e+000
4.106961e+001 -1.231604e+002 0.000000e+000
4.110230e+001 -1.231340e+002 0.000000e+000
4.113499e+001 -1.231076e+002 0.000000e+000
4.116768e+001 -1.230813e+002 0.000000e+000
4.120038e+001 -1.230549e+002 0.000000e+000
4.123307e+001 -1.230285e+002 0.000000e+000
4.126576e+001 -1.230021e+002 0.000000e+000
4.129845e+001 -1.229758e+002 0.000000e+000
4.133114e+001 -1.229494e+002 0.000000e+000
4.136383e+001 -1.229230e+002 0.000000e+000
4.139652e+001 -1.228966e+002 0.000000e+000
4.142921e+001 -1.228703e+002 0.000000e+000
4.146190e+001 -1.228439e+002 0.000000e+000
4.149460e+001 -1.228175e+002 0.000000e+000
4.152729e+001 -1.227911e+002 0.000000e+000
4.155998e+001 -1.227648e+002 0.000000e+000
4.159267e+001 -1.227384e+002 0.000000e+000
4.162536e+001 -1.227120e+002 0.000000e+000
4.165805e+001 -1.226856e+002 0.000000e+000
4.169074e+001 -1.226593e+002 0.000000e+000
4.172343e+001 -1.226329e+002 0.000000e+000
4.175613e+001 -1.226065e+002 0.000000e+000
4.178882e+001 -1.225801e+002 0.000000e+000
4.182151e+001 -1.225538e+002 0.000000e+000
4.185420e+001 -1.225274e+002 0.000000e+000
4.188689e+001 -1.225010e+002 0.000000e+000
4.191958e+001 -1.224746e+002 0.000000e+000
4.195227e+001 -1.224483e+002 0.000000e+000
4.198496e+001 -1.224219e+002 0.000000e+000
4.201766e+001 -1.223955e+002 0.000000e+000
4.204865e+001 -1.223670e+002 0.000000e+000
4.207964e+001 -1.223385e+002 0.000000e+000
4.211063e+001 -1.223100e+002 0.000000e+000
4.214162e+001 -1.222815e+002 0.000000e+000
4.217262e+001 -1.222530e+002 0.000000e+000
4.220361e+001 -1.222245e+002 0.000000e+000
4.223460e+001 -1.221960e+002 0.000000e+000
4.226559e+001 -1.221675e+002 0.000000e+000
4.229659e+001 -1.221390e+002 0.000000e+000
4.232758e+001 -1.221105e+002 0.000000e+000
4.235857e+001 -1.220820e+002 0.000000e+000
4.238956e+001 -1.220535e+002 0.000000e+000
4.242055e+001 -1.220250e+002 0.000000e+000
4.245155e+001 -1.219965e+002 0.000000e+000
4.248254e+001 -1.219680e+002 0.000000e+000
4.251353e+001 -1.219395e+002 0.000000e+000
4.254452e+001 -1.219110e+002 0.000000e+000
4.257552e+001 -1.218825e+002 0.000000e+000
4.260651e+001 -1.218540e+002 0.000000e+000
4.263750e+001 -1.218255e+002 0.000000e+000
4.266849e+001 -1.217970e+002 0.000000e+000
4.269949e+001 -1.217685e+002 0.000000e+000
4.273048e+001 -1.217400e+002 0.000000e+000
4.276147e+001 -1.217115e+002 0.000000e+000
4.279246e+001 -1.216830e+002 0.000000e+000
4.282345e+001 -1.216545e+002 0.000000e+000
4.285445e+001 -1.216260e+002 0.000000e+000
4.288544e+001 -1.215975e+002 0.000000e+000
4.291643e+001 -1.215690e+002 0.000000e+000
4.294742e+001 -1.215405e+002 0.000000e+000
4.297842e+001 -1.215120e+002 0.000000e+000
4.300941e+001 -1.214835e+002 0.000000e+000
4.304040e+001 -1.214550e+002 0.000000e+000
4.307139e+001 -1.214265e+002 0.000000e+000
4.310238e+001 -1.213980e+002 0.000000e+000
4.313338e+001 -1.213695e+002 0.000000e+000
4.316437e+001 -1.213410e+002 0.000000e+000
4.319536e+001 -1.213125e+002 0.000000e+000
4.322635e+001 -1.212840e+002 0.000000e+000
4.325735e+001 -1.212555e+002 0.000000e+000
4.328834e+001 -1.212270e+002 0.000000e+000
4.331933e+001 -1.211985e+002 0.000000e+000
4.335032e+001 -1.211700e+002 0.000000e+000
4.338132e+001 -1.211415e+002 0.000000e+000
4.341231e+001 -1.211130e+002 0.000000e+000
4.344330e+001 -1.210845e+002 0.000000e+000
4.347429e+001 -1.210560e+002 0.000000e+000
4.350528e+001 -1.210275e+002 0.000000e+000
4.353628e+001 -1.209990e+002 0.000000e+000
4.356727e+001 -1.209705e+002 0.000000e+000
4.359826e+001 -1.209420e+002 0.000000e+000
4.362925e+001 -1.209135e+002 0.000000e+000
4.366025e+001 -1.208850e+002 0.000000e+000
4.369124e+001 -1.208565e+002 0.000000e+000
4.372223e+001 -1.208280e+002 0.000000e+000
4.375322e+001 -1.207995e+002 0.000000e+000
4.378421e+001 -1.207710e+002 0.000000e+000
4.381521e+001 -1.207425e+002 0.000000e+000
4.384620e+001 -1.207140e+002 0.000000e+000
4.387719e+001 -1.206855e+002 0.000000e+000
4.390818e+001 -1.206570e+002 0.000000e+000
4.393918e+001 -1.206285e+002 0.000000e+000
4.397017e+001 -1.206000e+002 0.000000e+000
4.400116e+001 -1.205715e+002 0.000000e+000
4.403215e+001 -1.205430e+002 0.000000e+000
4.406315e+001 -1.205145e+002 0.000000e+000
4.409414e+001 -1.204860e+002 0.000000e+000
4.412513e+001 -1.204575e+002 0.000000e+000
4.415612e+001 -1.204290e+002 0.000000e+000
4.418711e+001 -1.204005e+002 0.000000e+000
4.421811e+001 -1.203720e+002 0.000000e+000
4.424910e+001 -1.203435e+002 0.000000e+000
4.428009e+001 -1.203150e+002 0.000000e+000
4.431108e+001 -1.202865e+002 0.000000e+000
4.434208e+001 -1.202580e+002 0.000000e+000
4.437307e+001 -1.202295e+002 0.000000e+000
4.440406e+001 -1.202009e+002 0.000000e+000
4.443505e+001 -1.201724e+002 0.000000e+000
4.446604e+001 -1.201439e+002 0.000000e+000
4.449704e+001 -1.201154e+002 0.000000e+000
4.452803e+001 -1.200869e+002 0.000000e+000
4.455902e+001 -1.200584e+002 0.000000e+000
4.459001e+001 -1.200299e+002 0.000000e+000
4.462101e+001 -1.200014e+002 0.000000e+000
4.465200e+001 -1.199729e+002 0.000000e+000
4.468299e+001 -1.199444e+002 0.000000e+000
4.471398e+001 -1.199159e+002 0.000000e+000
4.474498e+001 -1.198874e+002 0.000000e+000
4.477597e+001 -1.198589e+002 0.000000e+000
4.480696e+001 -1.198304e+002 0.000000e+000
4.483795e+001 -1.198019e+002 0.000000e+000
4.486894e+001 -1.197734e+002 0.000000e+000
4.489994e+001 -1.197449e+002 0.000000e+000
4.493093e+001 -1.197164e+002 0.000000e+000
4.496192e+001 -1.196879e+002 0.000000e+000
4.499291e+001 -1.196594e+002 0.000000e+000
4.502391e+001 -1.196309e+002 0.000000e+000
4.505490e+001 -1.196024e+002 0.000000e+000
4.508589e+001 -1.195739e+002 0.000000e+000
4.511491e+001 -1.195436e+002 0.000000e+000
4.514392e+001 -1.195132e+002 0.000000e+000
4.517294e+001 -1.194828e+002 0.000000e+000
4.520195e+001 -1.194524e+002 0.000000e+000
4.523097e+001 -1.194221e+002 0.000000e+000
4.525998e+001 -1.193917e+002 0.000000e+000
4.528900e+001 -1.193613e+002 0.000000e+000
4.531801e+001 -1.193310e+002 0.000000e+000
4.534703e+001 -1.193006e+002 0.000000e+000
4.537604e+001 -1.192702e+002 0.000000e+000
4.540506e+001 -1.192398e+002 0.000000e+000
4.543408e+001 -1.192095e+002 0.000000e+000
4.546309e+001 -1.191791e+002 0.000000e+000
4.549211e+001 -1.191487e+002 0.000000e+000
4.552112e+001 -1.191184e+002 0.000000e+000
4.555014e+001 -1.190880e+002 0.000000e+000
4.557915e+001 -1.190576e+002 0.000000e+000
4.560817e+001 -1.190272e+002 0.000000e+000
4.563718e+001 -1.189969e+002 0.000000e+000
4.566620e+001 -1.189665e+002 0.000000e+000
4.569521e+001 -1.189361e+002 0.000000e+000
4.572423e+001 -1.189058e+002 0.000000e+000
4.575325e+001 -1.188754e+002 0.000000e+000
4.578226e+001 -1.188450e+002 0.000000e+000
4.581128e+001 -1.188146e+002 0.000000e+000
4.584029e+001 -1.187843e+002 0.000000e+000
4.586931e+001 -1.187539e+002 0.000000e+000
4.589832e+001 -1.187235e+002 0.000000e+000
4.592734e+001 -1.186932e+002 0.000000e+000
4.595635e+001 -1.186628e+002 0.000000e+000
4.598537e+001 -1.186324e+002 0.000000e+000
4.601438e+001 -1.186020e+002 0.000000e+000
4.604340e+001 -1.185717e+002 0.000000e+000
4.607242e+001 -1.185413e+002 0.000000e+000
4.610143e+001 -1.185109e+002 0.000000e+000
4.613045e+001 -1.184805e+002 0.000000e+000
4.615946e+001 -1.184502e+002 0.000000e+000
4.618848e+001 -1.184198e+002 0.000000e+000
4.621749e+001 -1.183894e+002 0.000000e+000
4.624651e+001 -1.183591e+002 0.000000e+000
4.627552e+001 -1.183287e+002 0.000000e+000
4.630454e+001 -1.182983e+002 0.000000e+000
4.633355e+001 -1.182679e+002 0.000000e+000
4.636257e+001 -1.182376e+002 0.000000e+000
4.639159e+001 -1.182072e+002 0.000000e+000
4.642060e+001 -1.181768e+002 0.000000e+000
4.644962e+001 -1.181465e+002 0.000000e+000
4.647863e+001 -1.181161e+002 0.000000e+000
4.650765e+001 -1.180857e+002 0.000000e+000
4.653666e+001 -1.180553e+002 0.000000e+000
4.656568e+001 -1.180250e+002 0.000000e+000
4.659469e+001 -1.179946e+002 0.000000e+000
4.662371e+001 -1.179642e+002 0.000000e+000
4.665272e+001 -1.179339e+002 0.000000e+000
4.668174e+001 -1.179035e+002 0.000000e+000
4.671075e+001 -1.178731e+002 0.000000e+000
4.673977e+001 -1.178427e+002 0.000000e+000
4.676879e+001 -1.178124e+002 0.000000e+000
4.679780e+001 -1.177820e+002 0.000000e+000
4.682682e+001 -1.177516e+002 0.000000e+000
4.685583e+001 -1.177213e+002 0.000000e+000
4.688485e+001 -1.176909e+002 0.000000e+000
4.691386e+001 -1.176605e+002 0.000000e+000
4.694288e+001 -1.176301e+002 0.000000e+000
4.697189e+001 -1.175998e+002 0.000000e+000
4.700091e+001 -1.175694e+002 0.000000e+000
4.702992e+001 -1.175390e+002 0.000000e+000
4.705894e+001 -1.175087e+002 0.000000e+000
4.708796e+001 -1.174783e+002 0.000000e+000
4.711697e+001 -1.174479e+002 0.000000e+000
4.714599e+001 -1.174175e+002 0.000000e+000
4.717500e+001 -1.173872e+002 0.000000e+000
4.720402e+001 -1.173568e+002 0.000000e+000
4.723303e+001 -1.173264e+002 0.000000e+000
4.726205e+001 -1.172961e+002 0.000000e+000
4.729106e+001 -1.172657e+002 0.000000e+000
4.732008e+001 -1.172353e+002 0.000000e+000
4.734909e+001 -1.172049e+002 0.000000e+000
4.737811e+001 -1.171746e+002 0.000000e+000
4.740713e+001 -1.171442e+002 0.000000e+000
4.743614e+001 -1.171138e+002 0.000000e+000
4.746516e+001 -1.170835e+002 0.000000e+000
4.749417e+001 -1.170531e+002 0.000000e+000
4.752319e+001 -1.170227e+002 0.000000e+000
4.755220e+001 -1.169923e+002 0.000000e+000
4.758122e+001 -1.169620e+002 0.000000e+000
4.761023e+001 -1.169316e+002 0.000000e+000
4.763925e+001 -1.169012e+002 0.000000e+000
4.766826e+001 -1.168709e+002 0.000000e+000
4.769728e+001 -1.168405e+002 0.000000e+000
4.772630e+001 -1.168101e+002 0.000000e+000
4.775531e+001 -1.167797e+002 0.000000e+000
4.778433e+001 -1.167494e+002 0.000000e+000
4.781334e+001 -1.167190e+002 0.000000e+000
4.784236e+001 -1.166886e+002 0.000000e+000
4.787137e+001 -1.166582e+002 0.000000e+000
4.790039e+001 -1.166279e+002 0.000000e+000
4.792940e+001 -1.165975e+002 0.000000e+000
4.795842e+001 -1.165671e+002 0.000000e+000
4.798548e+001 -1.165349e+002 0.000000e+000
4.801253e+001 -1.165026e+002 0.000000e+000
4.803959e+001 -1.164704e+002 0.000000e+000
4.806664e+001 -1.164381e+002 0.000000e+000
4.809370e+001 -1.164058e+002 0.000000e+000
4.812076e+001 -1.163736e+002 0.000000e+000
4.814781e+001 -1.163413e+002 0.000000e+000
4.817487e+001 -1.163090e+002 0.000000e+000
4.820193e+001 -1.162768e+002 0.000000e+000
4.822898e+001 -1.162445e+002 0.000000e+000
4.825604e+001 -1.162123e+002 0.000000e+000
4.828310e+001 -1.161800e+002 0.000000e+000
4.831015e+001 -1.161477e+002 0.000000e+000
4.833721e+001 -1.161155e+002 0.000000e+000
4.836426e+001 -1.160832e+002 0.000000e+000
4.839132e+001 -1.160510e+002 0.000000e+000
4.841838e+001 -1.160187e+002 0.000000e+000
4.844543e+001 -1.159864e+002 0.000000e+000
4.847249e+001 -1.159542e+002 0.000000e+000
4.849955e+001 -1.159219e+002 0.000000e+000
4.852660e+001 -1.158897e+002 0.000000e+000
4.855366e+001 -1.158574e+002 0.000000e+000
4.858072e+001 -1.158251e+002 0.000000e+000
4.860777e+001 -1.157929e+002 0.000000e+000
4.863483e+001 -1.157606e+002 0.000000e+000
4.866189e+001 -1.157283e+002 0.000000e+000
4.868894e+001 -1.156961e+002 0.000000e+000
4.871600e+001 -1.156638e+002 0.000000e+000
4.874305e+001 -1.156316e+002 0.000000e+000
4.877011e+001 -1.155993e+002 0.000000e+000
4.879717e+001 -1.155670e+002 0.000000e+000
4.882422e+001 -1.155348e+002 0.000000e+000
4.885128e+001 -1.155025e+002 0.000000e+000
4.887834e+001 -1.154703e+002 0.000000e+000
4.890539e+001 -1.154380e+002 0.000000e+000
4.893245e+001 -1.154057e+002 0.000000e+000
4.895951e+001 -1.153735e+002 0.000000e+000
4.898656e+001 -1.153412e+002 0.000000e+000
4.901362e+001 -1.153090e+002 0.000000e+000
4.904067e+001 -1.152767e+002 0.000000e+000
4.906773e+001 -1.152444e+002 0.000000e+000
4.909479e+001 -1.152122e+002 0.000000e+000
4.912184e+001 -1.151799e+002 0.000000e+000
4.914890e+001 -1.151476e+002 0.000000e+000
4.917596e+001 -1.151154e+002 0.000000e+000
4.920301e+001 -1.150831e+002 0.000000e+000
4.923007e+001 -1.150509e+002 0.000000e+000
4.925713e+001 -1.150186e+002 0.000000e+000
4.928418e+001 -1.149863e+002 0.000000e+000
4.931124e+001 -1.149541e+002 0.000000e+000
4.933830e+001 -1.149218e+002 0.000000e+000
4.936535e+001 -1.148896e+002 0.000000e+000
4.939241e+001 -1.148573e+002 0.000000e+000
4.941946e+001 -1.148250e+002 0.000000e+000
4.944652e+001 -1.147928e+002 0.000000e+000
4.947358e+001 -1.147605e+002 0.000000e+000
4.950063e+001 -1.147283e+002 0.000000e+000
4.952769e+001 -1.146960e+002 0.000000e+000
4.955475e+001 -1.146637e+002 0.000000e+000
4.958180e+001 -1.146315e+002 0.000000e+000
4.960886e+001 -1.145992e+002 0.000000e+000
4.963592e+001 -1.145669e+002 0.000000e+000
4.966297e+001 -1.145347e+002 0.000000e+000
4.969003e+001 -1.145024e+002 0.000000e+000
4.971709e+001 -1.144702e+002 0.000000e+000
4.974414e+001 -1.144379e+002 0.000000e+000
4.977120e+001 -1.144056e+002 0.000000e+000
4.979825e+001 -1.143734e+002 0.000000e+000
4.982531e+001 -1.143411e+002 0.000000e+000
4.985237e+001 -1.143089e+002 0.000000e+000
4.987942e+001 -1.142766e+002 0.000000e+000
4.990648e+001 -1.142443e+002 0.000000e+000
4.993354e+001 -1.142121e+002 0.000000e+000
4.996059e+001 -1.141798e+002 0.000000e+000
4.998765e+001 -1.141476e+002 0.000000e+000
5.001471e+001 -1.141153e+002 0.000000e+000
5.004176e+001 -1.140830e+002 0.000000e+000
5.006882e+001 -1.140508e+002 0.000000e+000
5.009587e+001 -1.140185e+002 0.000000e+000
5.012293e+001 -1.139862e+002 0.000000e+000
5.014999e+001 -1.139540e+002 0.000000e+000
5.017704e+001 -1.139217e+002 0.000000e+000
5.020410e+001 -1.138895e+002 0.000000e+000
5.023116e+001 -1.138572e+002 0.000000e+000
5.025821e+001 -1.138249e+002 0.000000e+000
5.028527e+001 -1.137927e+002 0.000000e+000
5.031233e+001 -1.137604e+002 0.000000e+000
5.033938e+001 -1.137282e+002 0.000000e+000
5.036644e+001 -1.136959e+002 0.000000e+000
5.039350e+001 -1.136636e+002 0.000000e+000
5.042055e+001 -1.136314e+002 0.000000e+000
5.044761e+001 -1.135991e+002 0.000000e+000
5.047466e+001 -1.135669e+002 0.000000e+000
5.050172e+001 -1.135346e+002 0.000000e+000
5.052878e+001 -1.135023e+002 0.000000e+000
5.055583e+001 -1.134701e+002 0.000000e+000
5.058289e+001 -1.134378e+002 0.000000e+000
5.060995e+001 -1.134056e+002 0.000000e+000
5.063700e+001 -1.133733e+002 0.000000e+000
5.066186e+001 -1.133394e+002 0.000000e+000
5.068671e+001 -1.133056e+002 0.000000e+000
5.071157e+001 -1.132717e+002 0.000000e+000
5.073642e+001 -1.132378e+002 0.000000e+000
5.076128e+001 -1.132040e+002 0.000000e+000
5.078613e+001 -1.131701e+002 0.000000e+000
5.081099e+001 -1.131363e+002 0.000000e+000
5.083584e+001 -1.131024e+002 0.000000e+000
5.086070e+001 -1.130685e+002 0.000000e+000
5.088555e+001 -1.130347e+002 0.000000e+000
5.091040e+001 -1.130008e+002 0.000000e+000
5.093526e+001 -1.129670e+002 0.000000e+000
5.096011e+001 -1.129331e+002 0.000000e+000
5.098497e+001 -1.128992e+002 0.000000e+000
5.100982e+001 -1.128654e+002 0.000000e+000
5.103468e+001 -1.128315e+002 0.000000e+000
5.105953e+001 -1.127977e+002 0.000000e+000
5.108439e+001 -1.127638e+002 0.000000e+000
5.110924e+001 -1.127299e+002 0.000000e+000
5.113410e+001 -1.126961e+002 0.000000e+000
5.115895e+001 -1.126622e+002 0.000000e+000
5.118381e+001 -1.126283e+002 0.000000e+000
5.120866e+001 -1.125945e+002 0.000000e+000
5.123352e+001 -1.125606e+002 0.000000e+000
5.125837e+001 -1.125268e+002 0.000000e+000
5.128323e+001 -1.124929e+002 0.000000e+000
5.130808e+001 -1.124590e+002 0.000000e+000
5.133294e+001 -1.124252e+002 0.000000e+000
5.135779e+001 -1.123913e+002 0.000000e+000
5.138264e+001 -1.123575e+002 0.000000e+000
5.140750e+001 -1.123236e+002 0.000000e+000
5.143235e+001 -1.122897e+002 0.000000e+000
5.145721e+001 -1.122559e+002 0.000000e+000
5.148206e+001 -1.122220e+002 0.000000e+000
5.150692e+001 -1.121882e+002 0.000000e+000
5.153177e+001 -1.121543e+002 0.000000e+000
5.155663e+001 -1.121204e+002 0.000000e+000
5.158148e+001 -1.120866e+002 0.000000e+000
5.160634e+001 -1.120527e+002 0.000000e+000
5.163119e+001 -1.120188e+002 0.000000e+000
5.165605e+001 -1.119850e+002 0.000000e+000
5.168090e+001 -1.119511e+002 0.000000e+000
5.170576e+001 -1.119173e+002 0.000000e+000
5.173061e+001 -1.118834e+002 0.000000e+000
5.175547e+001 -1.118495e+002 0.000000e+000
5.178032e+001 -1.118157e+002 0.000000e+000
5.180518e+001 -1.117818e+002 0.000000e+000
5.183003e+001 -1.117480e+002 0.000000e+000
5.185489e+001 -1.117141e+002 0.000000e+000
5.187974e+001 -1.116802e+002 0.000000e+000
5.190459e+001 -1.116464e+002 0.000000e+000
5.192945e+001 -1.116125e+002 0.000000e+000
5.195430e+001 -1.115787e+002 0.000000e+000
5.197916e+001 -1.115448e+002 0.000000e+000
5.200401e+001 -1.115109e+002 0.000000e+000
5.202887e+001 -1.114771e+002 0.000000e+000
5.205372e+001 -1.114432e+002 0.000000e+000
5.207858e+001 -1.114093e+002 0.000000e+000
5.210343e+001 -1.113755e+002 0.000000e+000
5.212829e+001 -1.113416e+002 0.000000e+000
5.215314e+001 -1.113078e+002 0.000000e+000
5.217800e+001 -1.112739e+002 0.000000e+000
5.220285e+001 -1.112400e+002 0.000000e+000
5.222771e+001 -1.112062e+002 0.000000e+000
5.225256e+001 -1.111723e+002 0.000000e+000
5.227742e+001 -1.111385e+002 0.000000e+000
5.230227e+001 -1.111046e+002 0.000000e+000
5.232713e+001 -1.110707e+002 0.000000e+000
5.235198e+001 -1.110369e+002 0.000000e+000
5.237683e+001 -1.110030e+002 0.000000e+000
5.240169e+001 -1.109691e+002 0.000000e+000
5.242654e+001 -1.109353e+002 0.000000e+000
5.245140e+001 -1.109014e+002 0.000000e+000
5.247625e+001 -1.108676e+002 0.000000e+000
5.250111e+001 -1.108337e+002 0.000000e+000
5.252596e+001 -1.107998e+002 0.000000e+000
5.255082e+001 -1.107660e+002 0.000000e+000
5.257567e+001 -1.107321e+002 0.000000e+000
5.260053e+001 -1.106983e+002 0.000000e+000
5.262538e+001 -1.106644e+002 0.000000e+000
5.265024e+001 -1.106305e+002 0.000000e+000
5.267509e+001 -1.105967e+002 0.000000e+000
5.269995e+001 -1.105628e+002 0.000000e+000
5.272480e+001 -1.105290e+002 0.000000e+000
5.274966e+001 -1.104951e+002 0.000000e+000
5.277451e+001 -1.104612e+002 0.000000e+000
5.279937e+001 -1.104274e+002 0.000000e+000
5.282422e+001 -1.103935e+002 0.000000e+000
5.284907e+001 -1.103596e+002 0.000000e+000
5.287393e+001 -1.103258e+002 0.000000e+000
5.289878e+001 -1.102919e+002 0.000000e+000
5.292364e+001 -1.102581e+002 0.000000e+000
5.294849e+001 -1.102242e+002 0.000000e+000
5.297335e+001 -1.101903e+002 0.000000e+000
5.299820e+001 -1.101565e+002 0.000000e+000
5.302306e+001 -1.101226e+002 0.000000e+000
5.304791e+001 -1.100888e+002 0.000000e+000
5.307277e+001 -1.100549e+002 0.000000e+000
5.309762e+001 -1.100210e+002 0.000000e+000
5.312024e+001 -1.099856e+002 0.000000e+000
5.314286e+001 -1.099502e+002 0.000000e+000
5.316547e+001 -1.099149e+002 0.000000e+000
5.318809e+001 -1.098795e+002 0.000000e+000
5.321071e+001 -1.098441e+002 0.000000e+000
5.323332e+001 -1.098087e+002 0.000000e+000
5.325594e+001 -1.097733e+002 0.000000e+000
5.327856e+001 -1.097379e+002 0.000000e+000
5.330117e+001 -1.097025e+002 0.000000e+000
5.332379e+001 -1.096671e+002 0.000000e+000
5.334641e+001 -1.096317e+002 0.000000e+000
5.336902e+001 -1.095963e+002 0.000000e+000
5.339164e+001 -1.095609e+002 0.000000e+000
5.341426e+001 -1.095255e+002 0.000000e+000
5.343687e+001 -1.094901e+002 0.000000e+000
5.345949e+001 -1.094547e+002 0.000000e+000
5.348211e+001 -1.094193e+002 0.000000e+000
5.350472e+001 -1.093839e+002 0.000000e+000
5.352734e+001 -1.093485e+002 0.000000e+000
5.354996e+001 -1.093131e+002 0.000000e+000
5.357257e+001 -1.092777e+002 0.000000e+000
5.359519e+001 -1.092423e+002 0.000000e+000
5.361781e+001 -1.092069e+002 0.000000e+000
5.364042e+001 -1.091716e+002 0.000000e+000
5.366304e+001 -1.091362e+002 0.000000e+000
5.368566e+001 -1.091008e+002 0.000000e+000
5.370827e+001 -1.090654e+002 0.000000e+000
5.373089e+001 -1.090300e+002 0.000000e+000
5.375351e+001 -1.089946e+002 0.000000e+000
5.377612e+001 -1.089592e+002 0.000000e+000
5.379874e+001 -1.089238e+002 0.000000e+000
5.382136e+001 -1.088884e+002 0.000000e+000
5.384397e+001 -1.088530e+002 0.000000e+000
5.386659e+001 -1.088176e+002 0.000000e+000
5.388921e+001 -1.087822e+002 0.000000e+000
5.391182e+001 -1.087468e+002 0.000000e+000
5.393444e+001 -1.087114e+002 0.000000e+000
5.395706e+001 -1.086760e+002 0.000000e+000
5.397968e+001 -1.086406e+002 0.000000e+000
5.400229e+001 -1.086052e+002 0.000000e+000
5.402491e+001 -1.085698e+002 0.000000e+000
5.404753e+001 -1.085344e+002 0.000000e+000
5.407014e+001 -1.084990e+002 0.000000e+000
5.409276e+001 -1.084637e+002 0.000000e+000
5.411538e+001 -1.084283e+002 0.000000e+000
5.413799e+001 -1.083929e+002 0.000000e+000
5.416061e+001 -1.083575e+002 0.000000e+000
5.418323e+001 -1.083221e+002 0.000000e+000
5.420584e+001 -1.082867e+002 0.000000e+000
5.422846e+001 -1.082513e+002 0.000000e+000
5.425108e+001 -1.082159e+002 0.000000e+000
5.427369e+001 -1.081805e+002 0.000000e+000
5.429631e+001 -1.081451e+002 0.000000e+000
5.431893e+001 -1.081097e+002 0.000000e+000
5.434154e+001 -1.080743e+002 0.000000e+000
5.436416e+001 -1.080389e+002 0.000000e+000
5.438678e+001 -1.080035e+002 0.000000e+000
5.440939e+001 -1.079681e+002 0.000000e+000
5.443201e+001 -1.079327e+002 0.000000e+000
5.445463e+001 -1.078973e+002 0.000000e+000
5.447724e+001 -1.078619e+002 0.000000e+000
5.449986e+001 -1.078265e+002 0.000000e+000
5.452248e+001 -1.077911e+002 0.000000e+000
5.454509e+001 -1.077557e+002 0.000000e+000
5.456771e+001 -1.077204e+002 0.000000e+000
5.459033e+001 -1.076850e+002 0.000000e+000
5.461294e+001 -1.076496e+002 0.000000e+000
5.463556e+001 -1.076142e+002 0.000000e+000
5.465818e+001 -1.075788e+002 0.000000e+000
5.468079e+001 -1.075434e+002 0.000000e+000
5.470341e+001 -1.075080e+002 0.000000e+000
5.472603e+001 -1.074726e+002 0.000000e+000
5.474864e+001 -1.074372e+002 0.000000e+000
5.477126e+001 -1.074018e+002 0.000000e+000
5.479388e+001 -1.073664e+002 0.000000e+000
5.481649e+001 -1.073310e+002 0.000000e+000
5.483911e+001 -1.072956e+002 0.000000e+000
5.486173e+001 -1.072602e+002 0.000000e+000
5.488434e+001 -1.072248e+002 0.000000e+000
5.490696e+001 -1.071894e+002 0.000000e+000
5.492958e+001 -1.071540e+002 0.000000e+000
5.495219e+001 -1.071186e+002 0.000000e+000
5.497481e+001 -1.070832e+002 0.000000e+000
5.499743e+001 -1.070478e+002 0.000000e+000
5.502004e+001 -1.070124e+002 0.000000e+000
5.504266e+001 -1.069771e+002 0.000000e+000
5.506528e+001 -1.069417e+002 0.000000e+000
5.508790e+001 -1.069063e+002 0.000000e+000
5.511051e+001 -1.068709e+002 0.000000e+000
5.513313e+001 -1.068355e+002 0.000000e+000
5.515575e+001 -1.068001e+002 0.000000e+000
5.517836e+001 -1.067647e+002 0.000000e+000
5.520098e+001 -1.067293e+002 0.000000e+000
5.522360e+001 -1.066939e+002 0.000000e+000
5.524621e+001 -1.066585e+002 0.000000e+000
5.526883e+001 -1.066231e+002 0.000000e+000
5.529145e+001 -1.065877e+002 0.000000e+000
5.531406e+001 -1.065523e+002 0.000000e+000
5.533668e+001 -1.065169e+002 0.000000e+000
5.536081e+001 -1.064725e+002 0.000000e+000
5.538495e+001 -1.064280e+002 0.000000e+000
5.540908e+001 -1.063836e+002 0.000000e+000
5.543322e+001 -1.063391e+002 0.000000e+000
5.545735e+001 -1.062946e+002 0.000000e+000
5.548148e+001 -1.062502e+002 0.000000e+000
5.550562e+001 -1.062057e+002 0.000000e+000
5.552975e+001 -1.061613e+002 0.000000e+000
5.555389e+001 -1.061168e+002 0.000000e+000
5.557802e+001 -1.060724e+002 0.000000e+000
5.560216e+001 -1.060279e+002 0.000000e+000
5.562629e+001 -1.059835e+002 0.000000e+000
5.565042e+001 -1.059390e+002 0.000000e+000
5.567456e+001 -1.058946e+002 0.000000e+000
5.569869e+001 -1.058501e+002 0.000000e+000
5.572283e+001 -1.058057e+002 0.000000e+000
5.574696e+001 -1.057612e+002 0.000000e+000
5.577109e+001 -1.057167e+002 0.000000e+000
5.579523e+001 -1.056723e+002 0.000000e+000
5.581936e+001 -1.056278e+002 0.000000e+000
5.584350e+001 -1.055834e+002 0.000000e+000
5.586763e+001 -1.055389e+002 0.000000e+000
5.589177e+001 -1.054945e+002 0.000000e+000
5.591590e+001 -1.054500e+002 0.000000e+000
5.594003e+001 -1.054056e+002 0.000000e+000
5.596417e+001 -1.053611e+002 0.000000e+000
5.598830e+001 -1.053167e+002 0.000000e+000
5.601244e+001 -1.052722e+002 0.000000e+000
5.603657e+001 -1.052278e+002 0.000000e+000
5.606071e+001 -1.051833e+002 0.000000e+000
5.608484e+001 -1.051389e+002 0.000000e+000
5.610897e+001 -1.050944e+002 0.000000e+000
5.613311e+001 -1.050499e+002 0.000000e+000
5.615724e+001 -1.050055e+002 0.000000e+000
5.618138e+001 -1.049610e+002 0.000000e+000
5.620551e+001 -1.049166e+002 0.000000e+000
5.622964e+001 -1.048721e+002 0.000000e+000
5.625378e+001 -1.048277e+002 0.000000e+000
5.627791e+001 -1.047832e+002 0.000000e+000
5.630205e+001 -1.047388e+002 0.000000e+000
5.632618e+001 -1.046943e+002 0.000000e+000
5.635032e+001 -1.046499e+002 0.000000e+000
5.637445e+001 -1.046054e+002 0.000000e+000
5.639858e+001 -1.045610e+002 0.000000e+000
5.642272e+001 -1.045165e+002 0.000000e+000
5.644685e+001 -1.044720e+002 0.000000e+000
5.647099e+001 -1.044276e+002 0.000000e+000
5.649512e+001 -1.043831e+002 0.000000e+000
5.651925e+001 -1.043387e+002 0.000000e+000
5.654339e+001 -1.042942e+002 0.000000e+000
5.656752e+001 -1.042498e+002 0.000000e+000
5.659166e+001 -1.042053e+002 0.000000e+000
5.661579e+001 -1.041609e+002 0.000000e+000
5.663993e+001 -1.041164e+002 0.000000e+000
5.666406e+001 -1.040720e+002 0.000000e+000
5.668819e+001 -1.040275e+002 0.000000e+000
5.671233e+001 -1.039831e+002 0.000000e+000
5.673646e+001 -1.039386e+002 0.000000e+000
5.676060e+001 -1.038941e+002 0.000000e+000
5.678473e+001 -1.038497e+002 0.000000e+000
5.680887e+001 -1.038052e+002 0.000000e+000
5.683300e+001 -1.037608e+002 0.000000e+000
5.685713e+001 -1.037163e+002 0.000000e+000
5.688127e+001 -1.036719e+002 0.000000e+000
5.690540e+001 -1.036274e+002 0.000000e+000
5.692954e+001 -1.035830e+002 0.000000e+000
5.695367e+001 -1.035385e+002 0.000000e+000
5.697780e+001 -1.034941e+002 0.000000e+000
5.700194e+001 -1.034496e+002 0.000000e+000
5.702607e+001 -1.034052e+002 0.000000e+000
5.705021e+001 -1.033607e+002 0.000000e+000
5.707434e+001 -1.033162e+002 0.000000e+000
5.709848e+001 -1.032718e+002 0.000000e+000
5.712261e+001 -1.032273e+002 0.000000e+000
5.714674e+001 -1.031829e+002 0.000000e+000
5.717088e+001 -1.031384e+002 0.000000e+000
5.719501e+001 -1.030940e+002 0.000000e+000
5.721915e+001 -1.030495e+002 0.000000e+000
5.724328e+001 -1.030051e+002 0.000000e+000
5.726741e+001 -1.029606e+002 0.000000e+000
5.729155e+001 -1.029162e+002 0.000000e+000
5.731568e+001 -1.028717e+002 0.000000e+000
5.733982e+001 -1.028273e+002 0.000000e+000
5.736395e+001 -1.027828e+002 0.000000e+000
5.738809e+001 -1.027383e+002 0.000000e+000
5.741222e+001 -1.026939e+002 0.000000e+000
5.743635e+001 -1.026494e+002 0.000000e+000
5.746049e+001 -1.026050e+002 0.000000e+000
5.748462e+001 -1.025605e+002 0.000000e+000
5.750876e+001 -1.025161e+002 0.000000e+000
5.753289e+001 -1.024716e+002 0.000000e+000
5.755703e+001 -1.024272e+002 0.000000e+000
5.758116e+001 -1.023827e+002 0.000000e+000
5.760529e+001 -1.023383e+002 0.000000e+000
5.762943e+001 -1.022938e+002 0.000000e+000
5.765356e+001 -1.022494e+002 0.000000e+000
5.767770e+001 -1.022049e+002 0.000000e+000
5.770183e+001 -1.021604e+002 0.000000e+000
5.772596e+001 -1.021160e+002 0.000000e+000
5.774653e+001 -1.020699e+002 0.000000e+000
5.776710e+001 -1.020238e+002 0.000000e+000
5.778767e+001 -1.019777e+002 0.000000e+000
5.780824e+001 -1.019316e+002 0.000000e+000
5.782881e+001 -1.018855e+002 0.000000e+000
5.784937e+001 -1.018394e+002 0.000000e+000
5.786994e+001 -1.017933e+002 0.000000e+000
5.789051e+001 -1.017472e+002 0.000000e+000
5.791108e+001 -1.017011e+002 0.000000e+000
5.793165e+001 -1.016550e+002 0.000000e+000
5.795222e+001 -1.016089e+002 0.000000e+000
5.797278e+001 -1.015628e+002 0.000000e+000
5.799335e+001 -1.015167e+002 0.000000e+000
5.801392e+001 -1.014706e+002 0.000000e+000
5.803449e+001 -1.014245e+002 0.000000e+000
5.805506e+001 -1.013784e+002 0.000000e+000
5.807563e+001 -1.013323e+002 0.000000e+000
5.809619e+001 -1.012862e+002 0.000000e+000
5.811676e+001 -1.012401e+002 0.000000e+000
5.813733e+001 -1.011940e+002 0.000000e+000
5.815790e+001 -1.011479e+002 0.000000e+000
5.817847e+001 -1.011018e+002 0.000000e+000
5.819903e+001 -1.010557e+002 0.000000e+000
5.821960e+001 -1.010096e+002 0.000000e+000
5.824017e+001 -1.009635e+002 0.000000e+000
5.826074e+001 -1.009174e+002 0.000000e+000
5.828131e+001 -1.008713e+002 0.000000e+000
5.830188e+001 -1.008252e+002 0.000000e+000
5.832244e+001 -1.007791e+002 0.000000e+000
5.834301e+001 -1.007330e+002 0.000000e+000
5.836358e+001 -1.006869e+002 0.000000e+000
5.838415e+001 -1.006407e+002 0.000000e+000
5.840472e+001 -1.005946e+002 0.000000e+000
5.842529e+001 -1.005485e+002 0.000000e+000
5.844585e+001 -1.005024e+002 0.000000e+000
5.846642e+001 -1.004563e+002 0.000000e+000
5.848699e+001 -1.004102e+002 0.000000e+000
5.850756e+001 -1.003641e+002 0.000000e+000
5.852813e+001 -1.003180e+002 0.000000e+000
5.854870e+001 -1.002719e+002 0.000000e+000
5.856926e+001 -1.002258e+002 0.000000e+000
5.858983e+001 -1.001797e+002 0.000000e+000
5.861040e+001 -1.001336e+002 0.000000e+000
5.863097e+001 -1.000875e+002 0.000000e+000
5.865154e+001 -1.000414e+002 0.000000e+000
5.867211e+001 -9.999533e+001 0.000000e+000
5.869267e+001 -9.994923e+001 0.000000e+000
5.871324e+001 -9.990313e+001 0.000000e+000
5.873381e+001 -9.985703e+001 0.000000e+000
5.875438e+001 -9.981092e+001 0.000000e+000
5.877495e+001 -9.976482e+001 0.000000e+000
5.879551e+001 -9.971872e+001 0.000000e+000
5.881608e+001 -9.967262e+001 0.000000e+000
5.883665e+001 -9.962652e+001 0.000000e+000
5.885722e+001 -9.958042e+001 0.000000e+000
5.887779e+001 -9.953432e+001 0.000000e+000
5.889836e+001 -9.948821e+001 0.000000e+000
5.891892e+001 -9.944211e+001 0.000000e+000
5.893949e+001 -9.939601e+001 0.000000e+000
5.896006e+001 -9.934991e+001 0.000000e+000
5.898063e+001 -9.930381e+001 0.000000e+000
5.900120e+001 -9.925771e+001 0.000000e+000
5.902177e+001 -9.921160e+001 0.000000e+000
5.904233e+001 -9.916550e+001 0.000000e+000
5.906290e+001 -9.911940e+001 0.000000e+000
5.908347e+001 -9.907330e+001 0.000000e+000
5.910404e+001 -9.902720e+001 0.000000e+000
5.912461e+001 -9.898110e+001 0.000000e+000
5.914518e+001 -9.893500e+001 0.000000e+000
5.916574e+001 -9.888889e+001 0.000000e+000
5.918631e+001 -9.884279e+001 0.000000e+000
5.920688e+001 -9.879669e+001 0.000000e+000
5.922745e+001 -9.875059e+001 0.000000e+000
5.924802e+001 -9.870449e+001 0.000000e+000
5.926858e+001 -9.865839e+001 0.000000e+000
5.928915e+001 -9.861229e+001 0.000000e+000
5.930972e+001 -9.856618e+001 0.000000e+000
5.933029e+001 -9.852008e+001 0.000000e+000
5.935086e+001 -9.847398e+001 0.000000e+000
5.937143e+001 -9.842788e+001 0.000000e+000
5.939199e+001 -9.838178e+001 0.000000e+000
5.941256e+001 -9.833568e+001 0.000000e+000
5.943313e+001 -9.828958e+001 0.000000e+000
5.945370e+001 -9.824347e+001 0.000000e+000
5.947427e+001 -9.819737e+001 0.000000e+000
5.949484e+001 -9.815127e+001 0.000000e+000
5.951540e+001 -9.810517e+001 0.000000e+000
5.953597e+001 -9.805907e+001 0.000000e+000
5.955654e+001 -9.801297e+001 0.000000e+000
5.957711e+001 -9.796687e+001 0.000000e+000
5.959768e+001 -9.792076e+001 0.000000e+000
5.961825e+001 -9.787466e+001 0.000000e+000
5.963881e+001 -9.782856e+001 0.000000e+000
5.965938e+001 -9.778246e+001 0.000000e+000
5.967995e+001 -9.773636e+001 0.000000e+000
5.970052e+001 -9.769026e+001 0.000000e+000
5.972109e+001 -9.764416e+001 0.000000e+000
5.974166e+001 -9.759805e+001 0.000000e+000
5.976222e+001 -9.755195e+001 0.000000e+000
5.977915e+001 -9.750439e+001 0.000000e+000
5.979608e+001 -9.745684e+001 0.000000e+000
5.981301e+001 -9.740928e+001 0.000000e+000
5.982994e+001 -9.736172e+001 0.000000e+000
5.984687e+001 -9.731416e+001 0.000000e+000
5.986380e+001 -9.726660e+001 0.000000e+000
5.988073e+001 -9.721905e+001 0.000000e+000
5.989766e+001 -9.717149e+001 0.000000e+000
5.991459e+001 -9.712393e+001 0.000000e+000
5.993152e+001 -9.707637e+001 0.000000e+000
5.994845e+001 -9.702881e+001 0.000000e+000
5.996538e+001 -9.698126e+001 0.000000e+000
5.998231e+001 -9.693370e+001 0.000000e+000
5.999924e+001 -9.688614e+001 0.000000e+000
6.001617e+001 -9.683858e+001 0.000000e+000
6.003310e+001 -9.679102e+001 0.000000e+000
6.005003e+001 -9.674347e+001 0.000000e+000
6.006696e+001 -9.669591e+001 0.000000e+000
6.008389e+001 -9.664835e+001 0.000000e+000
6.010082e+001 -9.660079e+001 0.000000e+000
6.011775e+001 -9.655323e+001 0.000000e+000
6.013468e+001 -9.650567e+001 0.000000e+000
6.015161e+001 -9.645812e+001 0.000000e+000
6.016854e+001 -9.641056e+001 0.000000e+000
6.018547e+001 -9.636300e+001 0.000000e+000
6.020240e+001 -9.631544e+001 0.000000e+000
6.021933e+001 -9.626788e+001 0.000000e+000
6.023626e+001 -9.622033e+001 0.000000e+000
6.025319e+001 -9.617277e+001 0.000000e+000
6.027012e+001 -9.612521e+001 0.000000e+000
6.028705e+001 -9.607765e+001 0.000000e+000
6.030398e+001 -9.603009e+001 0.000000e+000
6.032091e+001 -9.598254e+001 0.000000e+000
6.033784e+001 -9.593498e+001 0.000000e+000
6.035477e+001 -9.588742e+001 0.000000e+000
6.037170e+001 -9.583986e+001 0.000000e+000
6.038863e+001 -9.579230e+001 0.000000e+000
6.040556e+001 -9.574475e+001 0.000000e+000
6.042249e+001 -9.569719e+001 0.000000e+000
6.043942e+001 -9.564963e+001 0.000000e+000
6.045635e+001 -9.560207e+001 0.000000e+000
6.047328e+001 -9.555451e+001 0.000000e+000
6.049021e+001 -9.550695e+001 0.000000e+000
6.050714e+001 -9.545940e+001 0.000000e+000
6.052407e+001 -9.541184e+001 0.000000e+000
6.054100e+001 -9.536428e+001 0.000000e+000
6.055793e+001 -9.531672e+001 0.000000e+000
6.057486e+001 -9.526916e+001 0.000000e+000
6.059179e+001 -9.522161e+001 0.000000e+000
6.060872e+001 -9.517405e+001 0.000000e+000
6.062565e+001 -9.512649e+001 0.000000e+000
6.064258e+001 -9.507893e+001 0.000000e+000
6.065951e+001 -9.503137e+001 0.000000e+000
6.067644e+001 -9.498382e+001 0.000000e+000
6.069337e+001 -9.493626e+001 0.000000e+000
6.071030e+001 -9.488870e+001 0.000000e+000
6.072723e+001 -9.484114e+001 0.000000e+000
6.074416e+001 -9.479358e+001 0.000000e+000
6.076109e+001 -9.474603e+001 0.000000e+000
6.077802e+001 -9.469847e+001 0.000000e+000
6.079495e+001 -9.465091e+001 0.000000e+000
6.081188e+001 -9.460335e+001 0.000000e+000
6.082881e+001 -9.455579e+001 0.000000e+000
6.084574e+001 -9.450823e+001 0.000000e+000
6.086267e+001 -9.446068e+001 0.000000e+000
6.087960e+001 -9.441312e+001 0.000000e+000
6.089653e+001 -9.436556e+001 0.000000e+000
6.091346e+001 -9.431800e+001 0.000000e+000
6.093039e+001 -9.427044e+001 0.000000e+000
6.094732e+001 -9.422289e+001 0.000000e+000
6.096425e+001 -9.417533e+001 0.000000e+000
6.098118e+001 -9.412777e+001 0.000000e+000
6.099811e+001 -9.408021e+001 0.000000e+000
6.101504e+001 -9.403265e+001 0.000000e+000
6.103197e+001 -9.398510e+001 0.000000e+000
6.104890e+001 -9.393754e+001 0.000000e+000
6.106583e+001 -9.388998e+001 0.000000e+000
6.108276e+001 -9.384242e+001 0.000000e+000
6.109969e+001 -9.379486e+001 0.000000e+000
6.111662e+001 -9.374731e+001 0.000000e+000
6.113355e+001 -9.369975e+001 0.000000e+000
6.115048e+001 -9.365219e+001 0.000000e+000
6.116741e+001 -9.360463e+001 0.000000e+000
6.118434e+001 -9.355707e+001 0.000000e+000
6.120127e+001 -9.350951e+001 0.000000e+000
6.121820e+001 -9.346196e+001 0.000000e+000
6.123513e+001 -9.341440e+001 0.000000e+000
6.125206e+001 -9.336684e+001 0.000000e+000
6.126899e+001 -9.331928e+001 0.000000e+000
6.128592e+001 -9.327172e+001 0.000000e+000
6.130285e+001 -9.322417e+001 0.000000e+000
6.131978e+001 -9.317661e+001 0.000000e+000
6.133671e+001 -9.312905e+001 0.000000e+000
6.135364e+001 -9.308149e+001 0.000000e+000
6.137057e+001 -9.303393e+001 0.000000e+000
6.138750e+001 -9.298638e+001 0.000000e+000
6.140443e+001 -9.293882e+001 0.000000e+000
6.142136e+001 -9.289126e+001 0.000000e+000
6.143829e+001 -9.284370e+001 0.000000e+000
6.145150e+001 -9.279487e+001 0.000000e+000
6.146471e+001 -9.274605e+001 0.000000e+000
6.147793e+001 -9.269722e+001 0.000000e+000
6.149114e+001 -9.264839e+001 0.000000e+000
6.150435e+001 -9.259957e+001 0.000000e+000
6.151756e+001 -9.255074e+001 0.000000e+000
6.153078e+001 -9.250192e+001 0.000000e+000
6.154399e+001 -9.245309e+001 0.000000e+000
6.155720e+001 -9.240426e+001 0.000000e+000
6.157041e+001 -9.235544e+001 0.000000e+000
6.158362e+001 -9.230661e+001 0.000000e+000
6.159684e+001 -9.225778e+001 0.000000e+000
6.161005e+001 -9.220896e+001 0.000000e+000
6.162326e+001 -9.216013e+001 0.000000e+000
6.163647e+001 -9.211130e+001 0.000000e+000
6.164969e+001 -9.206248e+001 0.000000e+000
6.166290e+001 -9.201365e+001 0.000000e+000
6.167611e+001 -9.196482e+001 0.000000e+000
6.168932e+001 -9.191600e+001 0.000000e+000
6.170253e+001 -9.186717e+001 0.000000e+000
6.171575e+001 -9.181834e+001 0.000000e+000
6.172896e+001 -9.176952e+001 0.000000e+000
6.174217e+001 -9.172069e+001 0.000000e+000
6.175538e+001 -9.167186e+001 0.000000e+000
6.176860e+001 -9.162304e+001 0.000000e+000
6.178181e+001 -9.157421e+001 0.000000e+000
6.179502e+001 -9.152538e+001 0.000000e+000
6.180823e+001 -9.147656e+001 0.000000e+000
6.182144e+001 -9.142773e+001 0.000000e+000
6.183466e+001 -9.137890e+001 0.000000e+000
6.184787e+001 -9.133008e+001 0.000000e+000
6.186108e+001 -9.128125e+001 0.000000e+000
6.187429e+001 -9.123242e+001 0.000000e+000
6.188751e+001 -9.118360e+001 0.000000e+000
6.190072e+001 -9.113477e+001 0.000000e+000
6.191393e+001 -9.108595e+001 0.000000e+000
6.192714e+001 -9.103712e+001 0.000000e+000
6.194035e+001 -9.098829e+001 0.000000e+000
6.195357e+001 -9.093947e+001 0.000000e+000
6.196678e+001 -9.089064e+001 0.000000e+000
6.197999e+001 -9.084181e+001 0.000000e+000
6.199320e+001 -9.079299e+001 0.000000e+000
6.200642e+001 -9.074416e+001 0.000000e+000
6.201963e+001 -9.069533e+001 0.000000e+000
6.203284e+001 -9.064651e+001 0.000000e+000
6.204605e+001 -9.059768e+001 0.000000e+000
6.205926e+001 -9.054885e+001 0.000000e+000
6.207248e+001 -9.050003e+001 0.000000e+000
6.208569e+001 -9.045120e+001 0.000000e+000
6.209890e+001 -9.040237e+001 0.000000e+000
6.211211e+001 -9.035355e+001 0.000000e+000
6.212533e+001 -9.030472e+001 0.000000e+000
6.213854e+001 -9.025589e+001 0.000000e+000
6.215175e+001 -9.020707e+001 0.000000e+000
6.216496e+001 -9.015824e+001 0.000000e+000
6.217817e+001 -9.010941e+001 0.000000e+000
6.219139e+001 -9.006059e+001 0.000000e+000
6.220460e+001 -9.001176e+001 0.000000e+000
6.221781e+001 -8.996293e+001 0.000000e+000
6.223102e+001 -8.991411e+001 0.000000e+000
6.224424e+001 -8.986528e+001 0.000000e+000
6.225745e+001 -8.981645e+001 0.000000e+000
6.227066e+001 -8.976763e+001 0.000000e+000
6.228387e+001 -8.971880e+001 0.000000e+000
6.229708e+001 -8.966997e+001 0.000000e+000
6.231030e+001 -8.962115e+001 0.000000e+000
6.232351e+001 -8.957232e+001 0.000000e+000
6.233672e+001 -8.952350e+001 0.000000e+000
6.234993e+001 -8.947467e+001 0.000000e+000
6.236315e+001 -8.942584e+001 0.000000e+000
6.237636e+001 -8.937702e+001 0.000000e+000
6.238957e+001 -8.932819e+001 0.000000e+000
6.240278e+001 -8.927936e+001 0.000000e+000
6.241599e+001 -8.923054e+001 0.000000e+000
6.242921e+001 -8.918171e+001 0.000000e+000
6.244242e+001 -8.913288e+001 0.000000e+000
6.245563e+001 -8.908406e+001 0.000000e+000
6.246884e+001 -8.903523e+001 0.000000e+000
6.248206e+001 -8.898640e+001 0.000000e+000
6.249527e+001 -8.893758e+001 0.000000e+000
6.250848e+001 -8.888875e+001 0.000000e+000
6.252169e+001 -8.883992e+001 0.000000e+000
6.253490e+001 -8.879110e+001 0.000000e+000
6.254812e+001 -8.874227e+001 0.000000e+000
6.256133e+001 -8.869344e+001 0.000000e+000
6.257454e+001 -8.864462e+001 0.000000e+000
6.258775e+001 -8.859579e+001 0.000000e+000
6.260097e+001 -8.854696e+001 0.000000e+000
6.261418e+001 -8.849814e+001 0.000000e+000
6.262739e+001 -8.844931e+001 0.000000e+000
6.264060e+001 -8.840048e+001 0.000000e+000
6.265381e+001 -8.835166e+001 0.000000e+000
6.266703e+001 -8.830283e+001 0.000000e+000
6.268024e+001 -8.825400e+001 0.000000e+000
6.269345e+001 -8.820518e+001 0.000000e+000
6.270666e+001 -8.815635e+001 0.000000e+000
6.271988e+001 -8.810753e+001 0.000000e+000
6.273309e+001 -8.805870e+001 0.000000e+000
6.274630e+001 -8.800987e+001 0.000000e+000
6.275176e+001 -8.798357e+001 0.000000e+000
6.275722e+001 -8.795727e+001 0.000000e+000
6.276268e+001 -8.793097e+001 0.000000e+000
6.276814e+001 -8.790467e+001 0.000000e+000
6.277360e+001 -8.787837e+001 0.000000e+000
6.277906e+001 -8.785207e+001 0.000000e+000
6.278452e+001 -8.782577e+001 0.000000e+000
6.278998e+001 -8.779947e+001 0.000000e+000
6.279544e+001 -8.777317e+001 0.000000e+000
6.280090e+001 -8.774687e+001 0.000000e+000
6.280636e+001 -8.772057e+001 0.000000e+000
6.281182e+001 -8.769427e+001 0.000000e+000
6.281728e+001 -8.766797e+001 0.000000e+000
6.282274e+001 -8.764167e+001 0.000000e+000
6.282820e+001 -8.761537e+001 0.000000e+000
6.283366e+001 -8.758907e+001 0.000000e+000
6.283912e+001 -8.756277e+001 0.000000e+000
6.284459e+001 -8.753647e+001 0.000000e+000
6.285005e+001 -8.751017e+001 0.000000e+000
6.285551e+001 -8.748387e+001 0.000000e+000
6.286097e+001 -8.745757e+001 0.000000e+000
6.286643e+001 -8.743127e+001 0.000000e+000
6.287189e+001 -8.740497e+001 0.000000e+000
6.287735e+001 -8.737867e+001 0.000000e+000
6.288281e+001 -8.735237e+001 0.000000e+000
6.288827e+001 -8.732607e+001 0.000000e+000
6.289373e+001 -8.729977e+001 0.000000e+000
6.289919e+001 -8.727347e+001 0.000000e+000
6.290465e+001 -8.724717e+001 0.000000e+000
6.291011e+001 -8.722086e+001 0.000000e+000
6.291557e+001 -8.719456e+001 0.000000e+000
6.292103e+001 -8.716826e+001 0.000000e+000
6.292649e+001 -8.714196e+001 0.000000e+000
6.293195e+001 -8.711566e+001 0.000000e+000
6.293741e+001 -8.708936e+001 0.000000e+000
6.294287e+001 -8.706306e+001 0.000000e+000
6.294833e+001 -8.703676e+001 0.000000e+000
6.295379e+001 -8.701046e+001 0.000000e+000
6.295925e+001 -8.698416e+001 0.000000e+000
6.296471e+001 -8.695786e+001 0.000000e+000
6.297017e+001 -8.693156e+001 0.000000e+000
6.297563e+001 -8.690526e+001 0.000000e+000
6.298109e+001 -8.687896e+001 0.000000e+000
6.298655e+001 -8.685266e+001 0.000000e+000
6.299201e+001 -8.682636e+001 0.000000e+000
6.299747e+001 -8.680006e+001 0.000000e+000
6.300293e+001 -8.677376e+001 0.000000e+000
6.300839e+001 -8.674746e+001 0.000000e+000
6.301385e+001 -8.672116e+001 0.000000e+000
6.301932e+001 -8.669486e+001 0.000000e+000
6.302478e+001 -8.666856e+001 0.000000e+000
6.303024e+001 -8.664226e+001 0.000000e+000
6.303570e+001 -8.661596e+001 0.000000e+000
6.304116e+001 -8.658966e+001 0.000000e+000
6.304662e+001 -8.656336e+001 0.000000e+000
6.305208e+001 -8.653706e+001 0.000000e+000
6.305754e+001 -8.651076e+001 0.000000e+000
6.306300e+001 -8.648446e+001 0.000000e+000
6.306846e+001 -8.645816e+001 0.000000e+000
6.307392e+001 -8.643186e+001 0.000000e+000
6.307938e+001 -8.640556e+001 0.000000e+000
6.308484e+001 -8.637926e+001 0.000000e+000
6.309030e+001 -8.635296e+001 0.000000e+000
6.309576e+001 -8.632666e+001 0.000000e+000
6.310122e+001 -8.630036e+001 0.000000e+000
6.310668e+001 -8.627406e+001 0.000000e+000
6.311214e+001 -8.624776e+001 0.000000e+000
6.311760e+001 -8.622146e+001 0.000000e+000
6.312306e+001 -8.619516e+001 0.000000e+000
6.312852e+001 -8.616886e+001 0.000000e+000
6.313398e+001 -8.614256e+001 0.000000e+000
6.313944e+001 -8.611625e+001 0.000000e+000
6.314490e+001 -8.608995e+001 0.000000e+000
6.315036e+001 -8.606365e+001 0.000000e+000
6.315582e+001 -8.603735e+001 0.000000e+000
6.316128e+001 -8.601105e+001 0.000000e+000
6.316674e+001 -8.598475e+001 0.000000e+000
6.317220e+001 -8.595845e+001 0.000000e+000
6.317766e+001 -8.593215e+001 0.000000e+000
6.318312e+001 -8.590585e+001 0.000000e+000
6.318858e+001 -8.587955e+001 0.000000e+000
6.319405e+001 -8.585325e+001 0.000000e+000
6.319951e+001 -8.582695e+001 0.000000e+000
6.320497e+001 -8.580065e+001 0.000000e+000
6.321043e+001 -8.577435e+001 0.000000e+000
6.321589e+001 -8.574805e+001 0.000000e+000
6.322135e+001 -8.572175e+001 0.000000e+000
6.322681e+001 -8.569545e+001 0.000000e+000
6.323227e+001 -8.566915e+001 0.000000e+000
6.323773e+001 -8.564285e+001 0.000000e+000
6.324319e+001 -8.561655e+001 0.000000e+000
6.324865e+001 -8.559025e+001 0.000000e+000
6.325411e+001 -8.556395e+001 0.000000e+000
6.325957e+001 -8.553765e+001 0.000000e+000
6.326503e+001 -8.551135e+001 0.000000e+000
6.327049e+001 -8.548505e+001 0.000000e+000
6.327595e+001 -8.545875e+001 0.000000e+000
6.328141e+001 -8.543245e+001 0.000000e+000
6.328687e+001 -8.540615e+001 0.000000e+000
6.342674e+001 -8.465151e+001 0.000000e+000
6.356661e+001 -8.389687e+001 0.000000e+000
6.370648e+001 -8.314224e+001 0.000000e+000
6.384635e+001 -8.238760e+001 0.000000e+000
6.398622e+001 -8.163296e+001 0.000000e+000
6.412609e+001 -8.087832e+001 0.000000e+000
6.426596e+001 -8.012368e+001 0.000000e+000
6.440583e+001 -7.936905e+001 0.000000e+000
6.454570e+001 -7.861441e+001 0.000000e+000
6.468557e+001 -7.785977e+001 0.000000e+000
6.482544e+001 -7.710513e+001 0.000000e+000
6.496531e+001 -7.635049e+001 0.000000e+000
6.510518e+001 -7.559586e+001 0.000000e+000
6.524505e+001 -7.484122e+001 0.000000e+000
6.538492e+001 -7.408658e+001 0.000000e+000
6.552479e+001 -7.333194e+001 0.000000e+000
6.566466e+001 -7.257730e+001 0.000000e+000
6.580453e+001 -7.182267e+001 0.000000e+000
6.594440e+001 -7.106803e+001 0.000000e+000
6.608427e+001 -7.031339e+001 0.000000e+000
6.622414e+001 -6.955875e+001 0.000000e+000
6.636401e+001 -6.880412e+001 0.000000e+000
6.650388e+001 -6.804948e+001 0.000000e+000
6.664375e+001 -6.729484e+001 0.000000e+000
6.678362e+001 -6.654020e+001 0.000000e+000
6.692349e+001 -6.578556e+001 0.000000e+000
6.706336e+001 -6.503093e+001 0.000000e+000
6.720323e+001 -6.427629e+001 0.000000e+000
6.734310e+001 -6.352165e+001 0.000000e+000
6.748297e+001 -6.276701e+001 0.000000e+000
6.762284e+001 -6.201237e+001 0.000000e+000
6.776271e+001 -6.125774e+001 0.000000e+000
6.790258e+001 -6.050310e+001 0.000000e+000
6.804245e+001 -5.974846e+001 0.000000e+000
6.818232e+001 -5.899382e+001 0.000000e+000
6.832219e+001 -5.823919e+001 0.000000e+000
6.846206e+001 -5.748455e+001 0.000000e+000
6.860193e+001 -5.672991e+001 0.000000e+000
6.874180e+001 -5.597527e+001 0.000000e+000
6.888167e+001 -5.522063e+001 0.000000e+000
6.902154e+001 -5.446600e+001 0.000000e+000
6.916141e+001 -5.371136e+001 0.000000e+000
6.930128e+001 -5.295672e+001 0.000000e+000
6.944115e+001 -5.220208e+001 0.000000e+000
6.958102e+001 -5.144744e+001 0.000000e+000
6.972089e+001 -5.069281e+001 0.000000e+000
6.986076e+001 -4.993817e+001 0.000000e+000
7.000063e+001 -4.918353e+001 0.000000e+000
7.014050e+001 -4.842889e+001 0.000000e+000
7.028037e+001 -4.767426e+001 0.000000e+000
7.042024e+001 -4.691962e+001 0.000000e+000
7.056011e+001 -4.616498e+001 0.000000e+000
7.069998e+001 -4.541034e+001 0.000000e+000
7.083985e+001 -4.465570e+001 0.000000e+000
7.097972e+001 -4.390107e+001 0.000000e+000
7.111959e+001 -4.314643e+001 0.000000e+000
7.125946e+001 -4.239179e+001 0.000000e+000
7.139933e+001 -4.163715e+001 0.000000e+000
7.153920e+001 -4.088251e+001 0.000000e+000
7.167907e+001 -4.012788e+001 0.000000e+000
7.181894e+001 -3.937324e+001 0.000000e+000
7.195881e+001 -3.861860e+001 0.000000e+000
7.209868e+001 -3.786396e+001 0.000000e+000
7.223855e+001 -3.710933e+001 0.000000e+000
7.237842e+001 -3.635469e+001 0.000000e+000
7.251829e+001 -3.560005e+001 0.000000e+000
7.265816e+001 -3.484541e+001 0.000000e+000
7.279803e+001 -3.409077e+001 0.000000e+000
7.293790e+001 -3.333614e+001 0.000000e+000
7.307777e+001 -3.258150e+001 0.000000e+000
7.321764e+001 -3.182686e+001 0.000000e+000
7.335751e+001 -3.107222e+001 0.000000e+000
7.349738e+001 -3.031758e+001 0.000000e+000
7.363725e+001 -2.956295e+001 0.000000e+000
7.377712e+001 -2.880831e+001 0.000000e+000
7.391699e+001 -2.805367e+001 0.000000e+000
7.405686e+001 -2.729903e+001 0.000000e+000
7.419673e+001 -2.654440e+001 0.000000e+000
7.433660e+001 -2.578976e+001 0.000000e+000
7.447647e+001 -2.503512e+001 0.000000e+000
7.461634e+001 -2.428048e+001 0.000000e+000
7.475621e+001 -2.352584e+001 0.000000e+000
7.489608e+001 -2.277121e+001 0.000000e+000
7.503595e+001 -2.201657e+001 0.000000e+000
7.517582e+001 -2.126193e+001 0.000000e+000
7.531569e+001 -2.050729e+001 0.000000e+000
7.545556e+001 -1.975265e+001 0.000000e+000
7.559543e+001 -1.899802e+001 0.000000e+000
7.573530e+001 -1.824338e+001 0.000000e+000
7.587517e+001 -1.748874e+001 0.000000e+000
7.601504e+001 -1.673410e+001 0.000000e+000
7.615491e+001 -1.597947e+001 0.000000e+000
7.629478e+001 -1.522483e+001 0.000000e+000
7.643465e+001 -1.447019e+001 0.000000e+000
7.657452e+001 -1.371555e+001 0.000000e+000
7.671439e+001 -1.296091e+001 0.000000e+000
7.685426e+001 -1.220628e+001 0.000000e+000
7.699413e+001 -1.145164e+001 0.000000e+000
7.713400e+001 -1.069700e+001 0.000000e+000
7.714615e+001 -1.065166e+001 0.000000e+000
7.715830e+001 -1.060631e+001 0.000000e+000
7.717045e+001 -1.056097e+001 0.000000e+000
7.718261e+001 -1.051563e+001 0.000000e+000
7.719476e+001 -1.047028e+001 0.000000e+000
7.720691e+001 -1.042494e+001 0.000000e+000
7.721906e+001 -1.037960e+001 0.000000e+000
7.723121e+001 -1.033425e+001 0.000000e+000
7.724336e+001 -1.028891e+001 0.000000e+000
7.725552e+001 -1.024357e+001 0.000000e+000
7.726767e+001 -1.019822e+001 0.000000e+000
7.727982e+001 -1.015288e+001 0.000000e+000
7.729197e+001 -1.010754e+001 0.000000e+000
7.730412e+001 -1.006219e+001 0.000000e+000
7.731627e+001 -1.001685e+001 0.000000e+000
7.732842e+001 -9.971505e+000 0.000000e+000
7.734058e+001 -9.926162e+000 0.000000e+000
7.735273e+001 -9.880818e+000 0.000000e+000
7.736488e+001 -9.835475e+000 0.000000e+000
7.737703e+001 -9.790131e+000 0.000000e+000
7.738918e+001 -9.744788e+000 0.000000e+000
7.740133e+001 -9.699444e+000 0.000000e+000
7.741348e+001 -9.654101e+000 0.000000e+000
7.742564e+001 -9.608758e+000 0.000000e+000
7.743779e+001 -9.563414e+000 0.000000e+000
7.744994e+001 -9.518071e+000 0.000000e+000
7.746209e+001 -9.472727e+000 0.000000e+000
7.747424e+001 -9.427384e+000 0.000000e+000
7.748639e+001 -9.382040e+000 0.000000e+000
7.749855e+001 -9.336697e+000 0.000000e+000
7.751070e+001 -9.291354e+000 0.000000e+000
7.752285e+001 -9.246010e+000 0.000000e+000
7.753500e+001 -9.200667e+000 0.000000e+000
7.754715e+001 -9.155323e+000 0.000000e+000
7.755930e+001 -9.109980e+000 0.000000e+000
7.757145e+001 -9.064636e+000 0.000000e+000
7.758361e+001 -9.019293e+000 0.000000e+000
7.759576e+001 -8.973949e+000 0.000000e+000
7.760791e+001 -8.928606e+000 0.000000e+000
7.762006e+001 -8.883263e+000 0.000000e+000
7.763221e+001 -8.837919e+000 0.000000e+000
7.764436e+001 -8.792576e+000 0.000000e+000
7.765652e+001 -8.747232e+000 0.000000e+000
7.766867e+001 -8.701889e+000 0.000000e+000
7.768082e+001 -8.656545e+000 0.000000e+000
7.769297e+001 -8.611202e+000 0.000000e+000
7.770512e+001 -8.565859e+000 0.000000e+000
7.771727e+001 -8.520515e+000 0.000000e+000
7.772942e+001 -8.475172e+000 0.000000e+000
7.774158e+001 -8.429828e+000 0.000000e+000
7.775373e+001 -8.384485e+000 0.000000e+000
7.776588e+001 -8.339141e+000 0.000000e+000
7.777803e+001 -8.293798e+000 0.000000e+000
7.779018e+001 -8.248455e+000 0.000000e+000
7.780233e+001 -8.203111e+000 0.000000e+000
7.781448e+001 -8.157768e+000 0.000000e+000
7.782664e+001 -8.112424e+000 0.000000e+000
7.783879e+001 -8.067081e+000 0.000000e+000
7.785094e+001 -8.021737e+000 0.000000e+000
7.786309e+001 -7.976394e+000 0.000000e+000
7.787524e+001 -7.931051e+000 0.000000e+000
7.788739e+001 -7.885707e+000 0.000000e+000
7.789955e+001 -7.840364e+000 0.000000e+000
7.791170e+001 -7.795020e+000 0.000000e+000
7.792385e+001 -7.749677e+000 0.000000e+000
7.793600e+001 -7.704333e+000 0.000000e+000
7.794815e+001 -7.658990e+000 0.000000e+000
7.796030e+001 -7.613646e+000 0.000000e+000
7.797245e+001 -7.568303e+000 0.000000e+000
7.798461e+001 -7.522960e+000 0.000000e+000
7.799676e+001 -7.477616e+000 0.000000e+000
7.800891e+001 -7.432273e+000 0.000000e+000
7.802106e+001 -7.386929e+000 0.000000e+000
7.803321e+001 -7.341586e+000 0.000000e+000
7.804536e+001 -7.296242e+000 0.000000e+000
7.805752e+001 -7.250899e+000 0.000000e+000
7.806967e+001 -7.205556e+000 0.000000e+000
7.808182e+001 -7.160212e+000 0.000000e+000
7.809397e+001 -7.114869e+000 0.000000e+000
7.810612e+001 -7.069525e+000 0.000000e+000
7.811827e+001 -7.024182e+000 0.000000e+000
7.813042e+001 -6.978838e+000 0.000000e+000
7.814258e+001 -6.933495e+000 0.000000e+000
7.815473e+001 -6.888152e+000 0.000000e+000
7.816688e+001 -6.842808e+000 0.000000e+000
7.817903e+001 -6.797465e+000 0.000000e+000
7.819118e+001 -6.752121e+000 0.000000e+000
7.820333e+001 -6.706778e+000 0.000000e+000
7.821548e+001 -6.661434e+000 0.000000e+000
7.822764e+001 -6.616091e+000 0.000000e+000
7.823979e+001 -6.570747e+000 0.000000e+000
7.825194e+001 -6.525404e+000 0.000000e+000
7.826409e+001 -6.480061e+000 0.000000e+000
7.827624e+001 -6.434717e+000 0.000000e+000
7.828839e+001 -6.389374e+000 0.000000e+000
7.830055e+001 -6.344030e+000 0.000000e+000
7.831270e+001 -6.298687e+000 0.000000e+000
7.832485e+001 -6.253343e+000 0.000000e+000
7.833700e+001 -6.208000e+000 0.000000e+000
